Total assets = 640
Number of asset nodes = 34

Distance:
999.000000 	160.527252 	56.753853 	102.859123 	12.165525 	45.398239 	54.918121 	156.847061 	89.196411 	90.138779 	93.637596 	105.683487 	51.623638 	98.615417 	120.432556 	117.324333 	103.585716 	16.492422 	54.332310 	122.588745 	64.938431 	162.483841 	171.213318 	116.730461 	119.854080 	105.475113 	64.498062 	107.703293 	14.422205 	78.644768 	60.133186 	113.463654 	16.124516 	66.121101 	130.146072 	80.894997 	56.142673 	67.029846 	61.032780 	71.112587 	90.801979 	89.627007 	56.435802 	60.827625 	130.633072 	73.334846 	80.056229 	92.135773 	86.023254 	89.000000 	76.295479 	91.591484 	
160.527252 	999.000000 	114.908661 	69.892776 	153.639191 	127.027557 	118.848640 	12.083046 	87.664131 	87.315521 	84.433403 	59.059292 	114.621117 	68.876701 	45.310043 	49.396355 	64.474800 	146.754898 	122.298813 	54.451813 	113.145920 	11.401754 	11.180340 	61.814240 	58.549126 	74.953316 	115.831772 	73.545906 	163.783386 	103.247276 	121.198181 	69.720871 	173.415680 	118.595955 	55.036350 	105.948097 	130.142227 	120.016663 	126.142776 	116.619041 	97.529480 	98.762344 	132.823196 	133.824509 	68.468971 	126.194298 	120.208153 	109.444046 	117.630775 	114.978256 	132.196823 	131.400146 	
56.753853 	114.908661 	999.000000 	48.918301 	45.880280 	12.806249 	4.123106 	108.600182 	33.120991 	34.000000 	37.589893 	56.035702 	8.602325 	46.861500 	70.604530 	66.843102 	51.739735 	51.039200 	8.062258 	68.883957 	9.486833 	114.201576 	124.535133 	62.201286 	65.604881 	49.739319 	10.816654 	51.971146 	53.712196 	22.090721 	11.180340 	57.801384 	64.412735 	14.866069 	75.451973 	25.079872 	18.027756 	16.970562 	17.088007 	18.867962 	34.234486 	33.136082 	21.023796 	24.515301 	74.323616 	27.658634 	30.232433 	38.078865 	34.885529 	36.769554 	34.409302 	46.754681 	
102.859123 	69.892776 	48.918301 	999.000000 	93.295227 	61.717098 	52.345009 	61.717098 	17.888544 	17.464249 	14.560220 	14.866069 	51.623638 	8.062258 	24.738634 	20.615528 	7.615773 	92.973114 	55.172459 	20.000000 	44.821869 	67.119293 	78.294319 	13.928389 	17.000000 	9.219544 	47.201694 	10.000000 	102.078400 	33.541019 	52.801514 	13.341664 	112.605507 	49.396355 	27.313000 	36.055511 	61.611687 	50.606323 	57.140179 	46.957428 	28.160255 	29.274563 	64.070274 	64.498062 	31.064449 	56.302753 	50.447994 	41.000000 	48.373547 	46.097721 	62.361847 	63.031738 	
12.165525 	153.639191 	45.880280 	93.295227 	999.000000 	33.955853 	43.680660 	149.241409 	78.790863 	79.705711 	83.258636 	97.308784 	41.677334 	89.627007 	112.160599 	108.853111 	94.625580 	19.697716 	42.755116 	113.207771 	53.600372 	154.896744 	164.103622 	107.042046 	110.276924 	95.273293 	52.952808 	97.508972 	10.770329 	67.446274 	48.373547 	103.315056 	19.798990 	54.332310 	120.440857 	69.426216 	44.045429 	55.145264 	49.000000 	59.304298 	79.555016 	78.339005 	44.283180 	48.662102 	120.154068 	61.204575 	68.007355 	80.305664 	74.000000 	77.025970 	64.132675 	79.429214 	
45.398239 	127.027557 	12.806249 	61.717098 	33.955853 	999.000000 	9.848858 	121.037186 	45.793011 	46.647614 	50.249378 	68.410522 	13.341664 	59.464275 	83.096329 	79.397736 	64.381676 	42.201897 	9.000000 	81.688431 	19.646883 	126.657021 	136.824707 	75.000000 	78.409180 	62.433964 	19.104973 	64.660652 	41.146080 	33.526108 	15.132746 	70.491135 	51.894123 	21.095022 	88.232651 	35.510563 	14.866069 	22.360680 	17.888544 	26.076809 	45.607018 	44.384682 	17.029387 	21.931713 	86.764046 	30.870699 	36.138622 	47.010635 	41.773197 	44.407207 	36.055511 	50.537113 	
54.918121 	118.848640 	4.123106 	52.345009 	43.680660 	9.848858 	999.000000 	112.414413 	36.055511 	36.891735 	40.496914 	59.908264 	10.816654 	50.606323 	74.404305 	70.604530 	55.443665 	50.358715 	4.000000 	72.249565 	10.049875 	118.004234 	128.413391 	65.436989 	68.883957 	52.697250 	10.198039 	54.918121 	50.990196 	23.769728 	8.485281 	60.745369 	61.741398 	13.416408 	78.600258 	26.076809 	14.142136 	15.264338 	13.892444 	18.027756 	35.902645 	34.713108 	17.117243 	20.880613 	76.922035 	25.495098 	29.068884 	38.327538 	34.176014 	36.400551 	31.890438 	45.000000 	
156.847061 	12.083046 	108.600182 	61.717098 	149.241409 	121.037186 	112.414413 	999.000000 	79.605278 	79.158073 	76.059189 	52.630791 	109.123779 	61.854668 	38.013157 	41.880783 	57.140179 	143.808899 	115.676270 	44.643028 	106.000000 	5.656854 	16.763054 	52.201534 	48.764740 	65.787537 	108.558739 	64.195015 	159.100601 	95.257545 	114.057007 	59.908264 	169.035492 	111.018013 	44.102154 	97.575615 	122.967476 	112.294258 	118.701309 	108.673820 	88.600227 	89.888817 	125.538841 	126.178444 	57.078892 	117.783699 	111.427109 	100.000000 	108.466583 	105.650368 	123.490891 	121.753853 	
89.196411 	87.664131 	33.120991 	17.888544 	78.790863 	45.793011 	36.055511 	79.605278 	999.000000 	1.000000 	4.472136 	30.149628 	37.643059 	20.024984 	42.379242 	38.275318 	23.537205 	81.215759 	38.418747 	36.878178 	27.586229 	85.000000 	96.176918 	29.698484 	33.241539 	16.643316 	29.732138 	18.867962 	86.833176 	15.652476 	35.383614 	24.698177 	97.529480 	31.622776 	42.638012 	18.439089 	44.045429 	32.756680 	39.408119 	29.068884 	13.000000 	13.601471 	46.400433 	46.647614 	41.436699 	38.600517 	33.241539 	26.248810 	32.062439 	30.413813 	44.911022 	47.381432 	
90.138779 	87.315521 	34.000000 	17.464249 	79.705711 	46.647614 	36.891735 	79.158073 	1.000000 	999.000000 	3.605551 	30.066593 	38.600517 	20.000000 	42.059483 	37.947330 	23.345236 	82.200974 	39.204590 	36.235340 	28.319605 	84.534019 	95.754898 	29.000000 	32.557640 	15.811388 	30.413813 	18.027756 	87.709747 	16.124516 	36.069378 	23.853722 	98.412399 	32.202484 	41.868843 	18.681541 	44.687805 	33.286633 	40.000000 	29.529646 	12.649111 	13.341664 	47.010635 	47.169907 	40.496914 	38.897301 	33.376640 	25.961510 	32.015621 	30.265491 	45.122055 	47.265209 	
93.637596 	84.433403 	37.589893 	14.560220 	83.258636 	50.249378 	40.496914 	76.059189 	4.472136 	3.605551 	999.000000 	28.017851 	42.059483 	18.248287 	39.293766 	35.171009 	21.023796 	85.510231 	42.801868 	32.802441 	31.890438 	81.394104 	92.703827 	25.495098 	29.068884 	12.206555 	33.941124 	14.422205 	91.301697 	19.416489 	39.597980 	20.248457 	102.000000 	35.608986 	38.288380 	21.540659 	48.166378 	36.619667 	43.416588 	32.756680 	14.035668 	15.000000 	50.447994 	50.477718 	37.000000 	41.785164 	35.902645 	27.294687 	34.058773 	32.015621 	47.801674 	49.040798 	
105.683487 	59.059292 	56.035702 	14.866069 	97.308784 	68.410522 	59.908264 	52.630791 	30.149628 	30.066593 	28.017851 	999.000000 	56.586216 	10.198039 	14.866069 	11.661903 	7.280110 	93.941475 	63.285069 	21.095022 	54.129475 	58.258045 	68.505478 	20.124611 	20.880613 	23.706539 	56.859474 	23.853722 	106.887794 	45.122055 	62.169125 	24.758837 	117.034180 	59.808025 	30.149628 	48.507732 	71.112587 	61.351448 	67.230942 	58.240879 	42.047592 	43.011627 	73.824112 	75.026665 	39.395432 	68.447060 	63.387695 	55.226807 	62.008064 	60.033325 	74.966660 	77.058418 	
51.623638 	114.621117 	8.602325 	51.623638 	41.677334 	13.341664 	10.816654 	109.123779 	37.643059 	38.600517 	42.059483 	56.586216 	999.000000 	48.270073 	71.421288 	67.896980 	53.263496 	44.102154 	14.317822 	71.561165 	17.888544 	114.769333 	124.631454 	65.368187 	68.600288 	53.851646 	19.416489 	56.080299 	50.606323 	29.154760 	19.209373 	61.846584 	61.032780 	23.430750 	78.771820 	32.756680 	24.351591 	25.495098 	24.698177 	27.459061 	41.012192 	40.049969 	27.202942 	31.384710 	79.056938 	36.069378 	38.832977 	46.173584 	43.416588 	45.188496 	42.638012 	55.317268 	
98.615417 	68.876701 	46.861500 	8.062258 	89.627007 	59.464275 	50.606323 	61.854668 	20.024984 	20.000000 	18.248287 	10.198039 	48.270073 	999.000000 	23.853722 	20.000000 	5.000000 	87.846458 	53.823788 	24.351591 	44.294468 	67.424034 	78.032043 	20.024984 	22.360680 	17.029387 	46.957428 	18.027756 	98.858482 	34.928497 	52.354561 	21.189621 	109.201645 	49.769470 	32.756680 	38.327538 	61.294373 	51.264023 	57.271286 	48.083260 	32.249031 	33.136082 	63.953106 	65.000000 	38.470768 	58.249462 	53.235325 	45.541191 	52.009613 	50.159744 	64.776543 	67.186310 	
120.432556 	45.310043 	70.604530 	24.738634 	112.160599 	83.096329 	74.404305 	38.013157 	42.379242 	42.059483 	39.293766 	14.866069 	71.421288 	23.853722 	999.000000 	4.123106 	19.235384 	108.406639 	77.665955 	15.620500 	68.095520 	43.600460 	54.203320 	20.248457 	18.357559 	31.000000 	70.710678 	30.066593 	121.753853 	57.939625 	76.157730 	27.892651 	131.893890 	73.348480 	23.021729 	60.728905 	85.088188 	74.732857 	80.950600 	71.309189 	52.773098 	53.935146 	87.709747 	88.566360 	36.069378 	80.956779 	75.186432 	65.276337 	72.993149 	70.576202 	87.091904 	87.367043 	
117.324333 	49.396355 	66.843102 	20.615528 	108.853111 	79.397736 	70.604530 	41.880783 	38.275318 	37.947330 	35.171009 	11.661903 	67.896980 	20.000000 	4.123106 	999.000000 	15.264338 	105.588821 	73.817345 	13.601471 	64.140472 	47.434166 	58.180752 	17.000000 	15.620500 	27.018513 	66.730804 	26.172504 	118.342720 	53.851646 	72.201111 	24.351591 	128.549606 	69.318108 	21.931713 	56.612720 	81.123360 	70.682388 	76.941536 	67.230942 	48.662102 	49.819675 	83.725746 	84.528099 	34.058773 	76.843994 	71.063354 	61.204575 	68.883957 	66.483078 	82.969872 	83.294655 	
103.585716 	64.474800 	51.739735 	7.615773 	94.625580 	64.381676 	55.443665 	57.140179 	23.537205 	23.345236 	21.023796 	7.280110 	53.263496 	5.000000 	19.235384 	15.264338 	999.000000 	92.703827 	58.600342 	19.646883 	48.877399 	62.681736 	73.430237 	16.124516 	18.027756 	16.643316 	51.478149 	17.029387 	103.855667 	38.897301 	56.938564 	18.867962 	114.201576 	54.129475 	28.284271 	41.976185 	65.863495 	55.542778 	61.717098 	52.201534 	35.000000 	36.013885 	68.476273 	69.354164 	35.171009 	62.096699 	56.718605 	48.093658 	55.081757 	53.000000 	68.447060 	70.007141 	
16.492422 	146.754898 	51.039200 	92.973114 	19.697716 	42.201897 	50.358715 	143.808899 	81.215759 	82.200974 	85.510231 	93.941475 	44.102154 	87.846458 	108.406639 	105.588821 	92.703827 	999.000000 	50.990196 	112.160599 	60.207973 	149.402145 	157.613449 	106.892471 	109.786156 	96.772926 	60.530983 	98.954536 	28.284271 	73.000000 	57.271286 	104.546638 	32.557640 	63.150612 	120.208153 	76.105194 	55.713554 	64.536812 	59.774578 	68.066147 	85.023529 	84.005951 	56.859474 	61.741398 	122.249741 	72.732384 	78.339005 	88.684837 	83.952370 	86.492775 	77.077881 	92.114059 	
54.332310 	122.298813 	8.062258 	55.172459 	42.755116 	9.000000 	4.000000 	115.676270 	38.418747 	39.204590 	42.801868 	63.285069 	14.317822 	53.823788 	77.665955 	73.817345 	58.600342 	50.990196 	999.000000 	74.966660 	11.180340 	121.247681 	131.764938 	68.014702 	71.505241 	55.000000 	10.198039 	57.201397 	49.396355 	25.079872 	6.324555 	63.007935 	60.166435 	12.165525 	81.055534 	26.683329 	10.198039 	13.601471 	10.630146 	17.117243 	37.000000 	35.735138 	13.152946 	17.088007 	78.771820 	23.021729 	27.513634 	38.013157 	32.984844 	35.510563 	29.000000 	42.720020 	
122.588745 	54.451813 	68.883957 	20.000000 	113.207771 	81.688431 	72.249565 	44.643028 	36.878178 	36.235340 	32.802441 	21.095022 	71.561165 	24.351591 	15.620500 	13.601471 	19.646883 	112.160599 	74.966660 	999.000000 	64.381676 	49.648766 	61.400326 	7.615773 	4.123106 	21.470911 	66.603302 	19.697716 	122.065559 	52.201534 	72.249565 	15.297058 	132.574509 	68.410522 	9.055386 	53.851646 	80.919716 	69.404610 	76.216797 	65.459915 	44.283180 	45.617977 	83.240616 	83.234612 	20.518284 	73.824112 	67.119293 	55.362442 	63.906181 	61.032780 	79.202271 	77.129761 	
64.938431 	113.145920 	9.486833 	44.821869 	53.600372 	19.646883 	10.049875 	106.000000 	27.586229 	28.319605 	31.890438 	54.129475 	17.888544 	44.294468 	68.095520 	64.140472 	48.877399 	60.207973 	11.180340 	64.381676 	999.000000 	111.516815 	122.298813 	57.280014 	60.811184 	44.045429 	3.000000 	46.227695 	60.539242 	13.928389 	8.062258 	52.009613 	71.309189 	7.280110 	70.178345 	16.031219 	17.000000 	9.486833 	13.341664 	9.899495 	25.961510 	24.738634 	19.697716 	21.377558 	67.601776 	20.124611 	21.260292 	28.635643 	25.553865 	27.313000 	27.313000 	38.209946 	
162.483841 	11.401754 	114.201576 	67.119293 	154.896744 	126.657021 	118.004234 	5.656854 	85.000000 	84.534019 	81.394104 	58.258045 	114.769333 	67.424034 	43.600460 	47.434166 	62.681736 	149.402145 	121.247681 	49.648766 	111.516815 	999.000000 	12.041595 	57.245087 	53.758720 	70.936592 	114.057007 	69.289246 	164.757401 	100.647903 	119.570061 	64.845970 	174.691162 	116.468880 	48.507732 	102.883430 	128.471786 	117.720009 	124.169243 	114.061386 	93.776329 	95.078911 	131.026718 	131.609268 	61.008198 	123.065025 	116.619041 	104.995239 	113.547348 	110.679718 	128.693436 	126.649124 	
171.213318 	11.180340 	124.535133 	78.294319 	164.103622 	136.824707 	128.413391 	16.763054 	96.176918 	95.754898 	92.703827 	68.505478 	124.631454 	78.032043 	54.203320 	58.180752 	73.430237 	157.613449 	131.764938 	61.400326 	122.298813 	12.041595 	999.000000 	68.963760 	65.520988 	82.540901 	124.907967 	80.956779 	174.155106 	111.825760 	130.361038 	76.655075 	183.896713 	127.475487 	60.530983 	114.236595 	139.291061 	128.798294 	135.118469 	125.239769 	105.342300 	106.625511 	141.904892 	142.667450 	73.027390 	134.461884 	128.160049 	116.760437 	125.227791 	122.413231 	140.217682 	138.495483 	
116.730461 	61.814240 	62.201286 	13.928389 	107.042046 	75.000000 	65.436989 	52.201534 	29.698484 	29.000000 	25.495098 	20.124611 	65.368187 	20.024984 	20.248457 	17.000000 	16.124516 	106.892471 	68.014702 	7.615773 	57.280014 	57.245087 	68.963760 	999.000000 	3.605551 	13.892444 	59.413803 	12.083046 	115.663307 	44.821869 	65.069191 	8.000000 	126.245789 	61.073727 	13.416408 	46.324940 	73.661385 	62.008064 	68.883957 	58.008621 	36.674240 	38.013157 	75.927597 	75.802376 	19.313208 	66.241982 	59.506302 	47.801674 	56.302753 	53.450912 	71.589104 	69.634758 	
119.854080 	58.549126 	65.604881 	17.000000 	110.276924 	78.409180 	68.883957 	48.764740 	33.241539 	32.557640 	29.068884 	20.880613 	68.600288 	22.360680 	18.357559 	15.620500 	18.027756 	109.786156 	71.505241 	4.123106 	60.811184 	53.758720 	65.520988 	3.605551 	999.000000 	17.492855 	62.968246 	15.652476 	118.983192 	48.414875 	68.622154 	11.180340 	129.541504 	64.660652 	10.440307 	49.929951 	77.233414 	65.604881 	72.470680 	61.611687 	40.249222 	41.593269 	79.511009 	79.404030 	18.867962 	69.835518 	63.071388 	51.244511 	59.808025 	56.920998 	75.153175 	73.006851 	
105.475113 	74.953316 	49.739319 	9.219544 	95.273293 	62.433964 	52.697250 	65.787537 	16.643316 	15.811388 	12.206555 	23.706539 	53.851646 	17.029387 	31.000000 	27.018513 	16.643316 	96.772926 	55.000000 	21.470911 	44.045429 	70.936592 	82.540901 	13.892444 	17.492855 	999.000000 	46.010868 	2.236068 	103.445641 	31.144823 	51.662365 	8.062258 	114.127121 	47.423622 	26.172504 	32.449963 	60.108234 	48.270073 	55.226807 	44.204071 	22.847319 	24.166092 	62.289646 	62.008064 	25.495098 	52.354561 	45.694637 	34.525352 	42.720020 	40.024994 	57.775429 	56.568542 	
64.498062 	115.831772 	10.816654 	47.201694 	52.952808 	19.104973 	10.198039 	108.558739 	29.732138 	30.413813 	33.941124 	56.859474 	19.416489 	46.957428 	70.710678 	66.730804 	51.478149 	60.530983 	10.198039 	66.603302 	3.000000 	114.057007 	124.907967 	59.413803 	62.968246 	46.010868 	999.000000 	48.166378 	59.464275 	15.264338 	5.656854 	53.907330 	70.228203 	4.472136 	72.180328 	16.492422 	14.422205 	6.708204 	10.440307 	8.062258 	26.925823 	25.632011 	17.000000 	18.439089 	69.115845 	17.492855 	19.416489 	28.160255 	24.166092 	26.248810 	24.596748 	36.069378 	
107.703293 	73.545906 	51.971146 	10.000000 	97.508972 	64.660652 	54.918121 	64.195015 	18.867962 	18.027756 	14.422205 	23.853722 	56.080299 	18.027756 	30.066593 	26.172504 	17.029387 	98.954536 	57.201397 	19.697716 	46.227695 	69.289246 	80.956779 	12.083046 	15.652476 	2.236068 	48.166378 	999.000000 	105.678757 	33.241539 	53.814495 	5.830952 	116.361504 	49.517673 	24.041630 	34.409302 	62.225395 	50.328918 	57.314919 	46.227695 	24.596748 	25.942244 	64.381676 	64.031242 	23.345236 	54.203320 	47.423622 	35.902645 	44.271889 	41.484936 	59.506302 	57.870544 	
14.422205 	163.783386 	53.712196 	102.078400 	10.770329 	41.146080 	50.990196 	159.100601 	86.833176 	87.709747 	91.301697 	106.887794 	50.606323 	98.858482 	121.753853 	118.342720 	103.855667 	28.284271 	49.396355 	122.065559 	60.539242 	164.757401 	174.155106 	115.663307 	118.983192 	103.445641 	59.464275 	105.678757 	999.000000 	74.464760 	54.405884 	111.507851 	10.770329 	60.166435 	129.003876 	75.894661 	48.662102 	60.638271 	53.935146 	65.000000 	86.377083 	85.094063 	48.259712 	52.038448 	127.910126 	65.192024 	72.560318 	85.702972 	78.638412 	81.884064 	67.029846 	82.152298 	
78.644768 	103.247276 	22.090721 	33.541019 	67.446274 	33.526108 	23.769728 	95.257545 	15.652476 	16.124516 	19.416489 	45.122055 	29.154760 	34.928497 	57.939625 	53.851646 	38.897301 	73.000000 	25.079872 	52.201534 	13.928389 	100.647903 	111.825760 	44.821869 	48.414875 	31.144823 	15.264338 	33.241539 	74.464760 	999.000000 	20.808653 	38.897301 	85.234970 	16.278820 	57.280014 	5.000000 	29.000000 	17.204651 	24.083189 	13.416408 	12.165525 	11.045361 	31.144823 	31.064449 	53.851646 	23.345236 	19.235384 	18.601076 	20.124611 	20.000000 	30.066593 	35.468296 	
60.133186 	121.198181 	11.180340 	52.801514 	48.373547 	15.132746 	8.485281 	114.057007 	35.383614 	36.069378 	39.597980 	62.169125 	19.209373 	52.354561 	76.157730 	72.201111 	56.938564 	57.271286 	6.324555 	72.249565 	8.062258 	119.570061 	130.361038 	65.069191 	68.622154 	51.662365 	5.656854 	53.814495 	54.405884 	20.808653 	999.000000 	59.548298 	65.145988 	6.000000 	77.833153 	21.540659 	8.944272 	7.280110 	6.082763 	11.000000 	32.202484 	30.870699 	11.704700 	14.000000 	74.625732 	17.029387 	21.189621 	32.015621 	26.683329 	29.274563 	23.430750 	36.619667 	
113.463654 	69.720871 	57.801384 	13.341664 	103.315056 	70.491135 	60.745369 	59.908264 	24.698177 	23.853722 	20.248457 	24.758837 	61.846584 	21.189621 	27.892651 	24.351591 	18.867962 	104.546638 	63.007935 	15.297058 	52.009613 	64.845970 	76.655075 	8.000000 	11.180340 	8.062258 	53.907330 	5.830952 	111.507851 	38.897301 	59.548298 	999.000000 	122.188377 	55.154327 	18.439089 	39.824615 	67.896980 	55.901699 	62.936478 	51.739735 	29.681644 	31.064449 	70.007141 	69.526970 	18.027756 	59.363289 	52.354561 	40.162170 	48.846699 	45.880280 	64.412735 	61.846584 	
16.124516 	173.415680 	64.412735 	112.605507 	19.798990 	51.894123 	61.741398 	169.035492 	97.529480 	98.412399 	102.000000 	117.034180 	61.032780 	109.201645 	131.893890 	128.549606 	114.201576 	32.557640 	60.166435 	132.574509 	71.309189 	174.691162 	183.896713 	126.245789 	129.541504 	114.127121 	70.228203 	116.361504 	10.770329 	85.234970 	65.145988 	122.188377 	999.000000 	70.880180 	139.606583 	86.648720 	59.228371 	71.309189 	64.536812 	75.690155 	97.144226 	95.859268 	58.694122 	62.289646 	138.654251 	75.538071 	83.024094 	96.317184 	89.106674 	92.395889 	77.025970 	92.005432 	
66.121101 	118.595955 	14.866069 	49.396355 	54.332310 	21.095022 	13.416408 	111.018013 	31.622776 	32.202484 	35.608986 	59.808025 	23.430750 	49.769470 	73.348480 	69.318108 	54.129475 	63.150612 	12.165525 	68.410522 	7.280110 	116.468880 	127.475487 	61.073727 	64.660652 	47.423622 	4.472136 	49.517673 	60.166435 	16.278820 	6.000000 	55.154327 	70.880180 	999.000000 	73.552704 	16.124516 	12.806249 	2.236068 	7.810250 	5.000000 	26.925823 	25.553865 	14.866069 	15.231546 	69.634758 	13.038404 	15.652476 	26.019224 	20.880613 	23.345236 	20.124611 	31.890438 	
130.146072 	55.036350 	75.451973 	27.313000 	120.440857 	88.232651 	78.600258 	44.102154 	42.638012 	41.868843 	38.288380 	30.149628 	78.771820 	32.756680 	23.021729 	21.931713 	28.284271 	120.208153 	81.055534 	9.055386 	70.178345 	48.507732 	60.530983 	13.416408 	10.440307 	26.172504 	72.180328 	24.041630 	129.003876 	57.280014 	77.833153 	18.439089 	139.606583 	73.552704 	999.000000 	58.258045 	86.267029 	74.330345 	81.344948 	70.178345 	48.010414 	49.406479 	88.413803 	87.965904 	14.317822 	77.665955 	70.491135 	57.697487 	66.648331 	63.505905 	82.492424 	78.771820 	
80.894997 	105.948097 	25.079872 	36.055511 	69.426216 	35.510563 	26.076809 	97.575615 	18.439089 	18.681541 	21.540659 	48.507732 	32.756680 	38.327538 	60.728905 	56.612720 	41.976185 	76.105194 	26.683329 	53.851646 	16.031219 	102.883430 	114.236595 	46.324940 	49.929951 	32.449963 	16.492422 	34.409302 	75.894661 	5.000000 	21.540659 	39.824615 	86.648720 	16.124516 	58.258045 	999.000000 	28.844410 	16.401220 	23.600847 	12.041595 	10.816654 	9.433981 	30.610456 	29.732138 	53.600372 	20.248457 	15.000000 	13.892444 	15.231546 	15.000000 	26.476404 	30.675724 	
56.142673 	130.142227 	18.027756 	61.611687 	44.045429 	14.866069 	14.142136 	122.967476 	44.045429 	44.687805 	48.166378 	71.112587 	24.351591 	61.294373 	85.088188 	81.123360 	65.863495 	55.713554 	10.198039 	80.919716 	17.000000 	128.471786 	139.291061 	73.661385 	77.233414 	60.108234 	14.422205 	62.225395 	48.662102 	29.000000 	8.944272 	67.896980 	59.228371 	12.806249 	86.267029 	28.844410 	999.000000 	12.529964 	5.385165 	17.000000 	39.661064 	38.275318 	3.000000 	7.211102 	82.419655 	17.262676 	24.020824 	37.107952 	30.066593 	33.241539 	21.470911 	36.400551 	
67.029846 	120.016663 	16.970562 	50.606323 	55.145264 	22.360680 	15.264338 	112.294258 	32.756680 	33.286633 	36.619667 	61.351448 	25.495098 	51.264023 	74.732857 	70.682388 	55.542778 	64.536812 	13.601471 	69.404610 	9.486833 	117.720009 	128.798294 	62.008064 	65.604881 	48.270073 	6.708204 	50.328918 	60.638271 	17.204651 	7.280110 	55.901699 	71.309189 	2.236068 	74.330345 	16.401220 	12.529964 	999.000000 	7.211102 	4.472136 	27.202942 	25.806976 	14.212670 	13.892444 	70.000000 	10.816654 	13.928389 	25.179358 	19.416489 	22.090721 	17.888544 	29.832869 	
61.032780 	126.142776 	17.088007 	57.140179 	49.000000 	17.888544 	13.892444 	118.701309 	39.408119 	40.000000 	43.416588 	67.230942 	24.698177 	57.271286 	80.950600 	76.941536 	61.717098 	59.774578 	10.630146 	76.216797 	13.341664 	124.169243 	135.118469 	68.883957 	72.470680 	55.226807 	10.440307 	57.314919 	53.935146 	24.083189 	6.082763 	62.936478 	64.536812 	7.810250 	81.344948 	23.600847 	5.385165 	7.211102 	999.000000 	11.661903 	34.409302 	33.015148 	7.071068 	8.062258 	77.201035 	13.000000 	19.026299 	31.780497 	25.000000 	28.071337 	18.439089 	32.649654 	
71.112587 	116.619041 	18.867962 	46.957428 	59.304298 	26.076809 	18.027756 	108.673820 	29.068884 	29.529646 	32.756680 	58.240879 	27.459061 	48.083260 	71.309189 	67.230942 	52.201534 	68.066147 	17.117243 	65.459915 	9.899495 	114.061386 	125.239769 	58.008621 	61.611687 	44.204071 	8.062258 	46.227695 	65.000000 	13.416408 	11.000000 	51.739735 	75.690155 	5.000000 	70.178345 	12.041595 	17.000000 	4.472136 	11.661903 	999.000000 	22.803509 	21.400934 	18.601076 	17.804493 	65.604881 	11.180340 	11.401754 	21.023796 	16.155495 	18.439089 	18.439089 	28.319605 	
90.801979 	97.529480 	34.234486 	28.160255 	79.555016 	45.607018 	35.902645 	88.600227 	13.000000 	12.649111 	14.035668 	42.047592 	41.012192 	32.249031 	52.773098 	48.662102 	35.000000 	85.023529 	37.000000 	44.283180 	25.961510 	93.776329 	105.342300 	36.674240 	40.249222 	22.847319 	26.925823 	24.596748 	86.377083 	12.165525 	32.202484 	29.681644 	97.144226 	26.925823 	48.010414 	10.816654 	39.661064 	27.202942 	34.409302 	22.803509 	999.000000 	1.414214 	41.400482 	40.311287 	42.801868 	29.681644 	22.847319 	13.341664 	20.223749 	18.000000 	34.928497 	35.014282 	
89.627007 	98.762344 	33.136082 	29.274563 	78.339005 	44.384682 	34.713108 	89.888817 	13.601471 	13.341664 	15.000000 	43.011627 	40.049969 	33.136082 	53.935146 	49.819675 	36.013885 	84.005951 	35.735138 	45.617977 	24.738634 	95.078911 	106.625511 	38.013157 	41.593269 	24.166092 	25.632011 	25.942244 	85.094063 	11.045361 	30.870699 	31.064449 	95.859268 	25.553865 	49.406479 	9.433981 	38.275318 	25.806976 	33.015148 	21.400934 	1.414214 	999.000000 	40.000000 	38.897301 	44.204071 	28.301943 	21.540659 	12.649111 	19.104973 	17.029387 	33.615471 	34.058773 	
56.435802 	132.823196 	21.023796 	64.070274 	44.283180 	17.029387 	17.117243 	125.538841 	46.400433 	47.010635 	50.447994 	73.824112 	27.202942 	63.953106 	87.709747 	83.725746 	68.476273 	56.859474 	13.152946 	83.240616 	19.697716 	131.026718 	141.904892 	75.927597 	79.511009 	62.289646 	17.000000 	64.381676 	48.259712 	31.144823 	11.704700 	70.007141 	58.694122 	14.866069 	88.413803 	30.610456 	3.000000 	14.212670 	7.071068 	18.601076 	41.400482 	40.000000 	999.000000 	5.000000 	84.202141 	17.000000 	24.331051 	37.947330 	30.413813 	33.734257 	20.248457 	35.440090 	
60.827625 	133.824509 	24.515301 	64.498062 	48.662102 	21.931713 	20.880613 	126.178444 	46.647614 	47.169907 	50.477718 	75.026665 	31.384710 	65.000000 	88.566360 	84.528099 	69.354164 	61.741398 	17.088007 	83.234612 	21.377558 	131.609268 	142.667450 	75.802376 	79.404030 	62.008064 	18.439089 	64.031242 	52.038448 	31.064449 	14.000000 	69.526970 	62.289646 	15.231546 	87.965904 	29.732138 	7.211102 	13.892444 	8.062258 	17.804493 	40.311287 	38.897301 	5.000000 	999.000000 	82.975899 	13.341664 	21.189621 	35.341194 	27.202942 	30.675724 	15.524175 	30.805843 	
130.633072 	68.468971 	74.323616 	31.064449 	120.154068 	86.764046 	76.922035 	57.078892 	41.436699 	40.496914 	37.000000 	39.395432 	79.056938 	38.470768 	36.069378 	34.058773 	35.171009 	122.249741 	78.771820 	20.518284 	67.601776 	61.008198 	73.027390 	19.313208 	18.867962 	25.495098 	69.115845 	23.345236 	127.910126 	53.851646 	74.625732 	18.027756 	138.654251 	69.634758 	14.317822 	53.600372 	82.419655 	70.000000 	77.201035 	65.604881 	42.801868 	44.204071 	84.202141 	82.975899 	999.000000 	71.421288 	63.702435 	49.819675 	59.033890 	55.605755 	75.286118 	69.354164 	
73.334846 	126.194298 	27.658634 	56.302753 	61.204575 	30.870699 	25.495098 	117.783699 	38.600517 	38.897301 	41.785164 	68.447060 	36.069378 	58.249462 	80.956779 	76.843994 	62.096699 	72.732384 	23.021729 	73.824112 	20.124611 	123.065025 	134.461884 	66.241982 	69.835518 	52.354561 	17.492855 	54.203320 	65.192024 	23.345236 	17.029387 	59.363289 	75.538071 	13.038404 	77.665955 	20.248457 	17.262676 	10.816654 	13.000000 	11.180340 	29.681644 	28.301943 	17.000000 	13.341664 	71.421288 	999.000000 	8.062258 	22.472204 	13.928389 	17.464249 	7.280110 	19.723083 	
80.056229 	120.208153 	30.232433 	50.447994 	68.007355 	36.138622 	29.068884 	111.427109 	33.241539 	33.376640 	35.902645 	63.387695 	38.832977 	53.235325 	75.186432 	71.063354 	56.718605 	78.339005 	27.513634 	67.119293 	21.260292 	116.619041 	128.160049 	59.506302 	63.071388 	45.694637 	19.416489 	47.423622 	72.560318 	19.235384 	21.189621 	52.354561 	83.024094 	15.652476 	70.491135 	15.000000 	24.020824 	13.928389 	19.026299 	11.401754 	22.847319 	21.540659 	24.331051 	21.189621 	63.702435 	8.062258 	999.000000 	14.422205 	6.082763 	9.486833 	12.083046 	17.204651 	
92.135773 	109.444046 	38.078865 	41.000000 	80.305664 	47.010635 	38.327538 	100.000000 	26.248810 	25.961510 	27.294687 	55.226807 	46.173584 	45.541191 	65.276337 	61.204575 	48.093658 	88.684837 	38.013157 	55.362442 	28.635643 	104.995239 	116.760437 	47.801674 	51.244511 	34.525352 	28.160255 	35.902645 	85.702972 	18.601076 	32.015621 	40.162170 	96.317184 	26.019224 	57.697487 	13.892444 	37.107952 	25.179358 	31.780497 	21.023796 	13.341664 	12.649111 	37.947330 	35.341194 	49.819675 	22.472204 	14.422205 	999.000000 	9.219544 	5.830952 	25.495098 	22.090721 	
86.023254 	117.630775 	34.885529 	48.373547 	74.000000 	41.773197 	34.176014 	108.466583 	32.062439 	32.015621 	34.058773 	62.008064 	43.416588 	52.009613 	72.993149 	68.883957 	55.081757 	83.952370 	32.984844 	63.906181 	25.553865 	113.547348 	125.227791 	56.302753 	59.808025 	42.720020 	24.166092 	44.271889 	78.638412 	20.124611 	26.683329 	48.846699 	89.106674 	20.880613 	66.648331 	15.231546 	30.066593 	19.416489 	25.000000 	16.155495 	20.223749 	19.104973 	30.413813 	27.202942 	59.033890 	13.928389 	6.082763 	9.219544 	999.000000 	3.605551 	16.278820 	15.524175 	
89.000000 	114.978256 	36.769554 	46.097721 	77.025970 	44.407207 	36.400551 	105.650368 	30.413813 	30.265491 	32.015621 	60.033325 	45.188496 	50.159744 	70.576202 	66.483078 	53.000000 	86.492775 	35.510563 	61.032780 	27.313000 	110.679718 	122.413231 	53.450912 	56.920998 	40.024994 	26.248810 	41.484936 	81.884064 	20.000000 	29.274563 	45.880280 	92.395889 	23.345236 	63.505905 	15.000000 	33.241539 	22.090721 	28.071337 	18.439089 	18.000000 	17.029387 	33.734257 	30.675724 	55.605755 	17.464249 	9.486833 	5.830952 	3.605551 	999.000000 	19.798990 	17.029387 	
76.295479 	132.196823 	34.409302 	62.361847 	64.132675 	36.055511 	31.890438 	123.490891 	44.911022 	45.122055 	47.801674 	74.966660 	42.638012 	64.776543 	87.091904 	82.969872 	68.447060 	77.077881 	29.000000 	79.202271 	27.313000 	128.693436 	140.217682 	71.589104 	75.153175 	57.775429 	24.596748 	59.506302 	67.029846 	30.066593 	23.430750 	64.412735 	77.025970 	20.124611 	82.492424 	26.476404 	21.470911 	17.888544 	18.439089 	18.439089 	34.928497 	33.615471 	20.248457 	15.524175 	75.286118 	7.280110 	12.083046 	25.495098 	16.278820 	19.798990 	999.000000 	15.297058 	
91.591484 	131.400146 	46.754681 	63.031738 	79.429214 	50.537113 	45.000000 	121.753853 	47.381432 	47.265209 	49.040798 	77.058418 	55.317268 	67.186310 	87.367043 	83.294655 	70.007141 	92.114059 	42.720020 	77.129761 	38.209946 	126.649124 	138.495483 	69.634758 	73.006851 	56.568542 	36.069378 	57.870544 	82.152298 	35.468296 	36.619667 	61.846584 	92.005432 	31.890438 	78.771820 	30.675724 	36.400551 	29.832869 	32.649654 	28.319605 	35.014282 	34.058773 	35.440090 	30.805843 	69.354164 	19.723083 	17.204651 	22.090721 	15.524175 	17.029387 	15.297058 	999.000000 	

Travel time:
9.000000 	4.013181 	1.418846 	2.571478 	0.304138 	1.134956 	1.372953 	3.921176 	2.229910 	2.253469 	2.340940 	2.642087 	1.290591 	2.465385 	3.010814 	2.933108 	2.589643 	0.412311 	1.358308 	3.064719 	1.623461 	4.062096 	4.280333 	2.918262 	2.996352 	2.636878 	1.612452 	2.692582 	0.360555 	1.966119 	1.503330 	2.836591 	0.403113 	1.653028 	3.253652 	2.022375 	1.403567 	1.675746 	1.525820 	1.777815 	2.270050 	2.240675 	1.410895 	1.520691 	3.265827 	1.833371 	2.001406 	2.303394 	2.150581 	2.225000 	1.907387 	2.289787 	
4.013181 	9.000000 	2.872716 	1.747319 	3.840980 	3.175689 	2.971216 	0.302076 	2.191603 	2.182888 	2.110835 	1.476482 	2.865528 	1.721918 	1.132751 	1.234909 	1.611870 	3.668872 	3.057470 	1.361295 	2.828648 	0.285044 	0.279509 	1.545356 	1.463728 	1.873833 	2.895794 	1.838648 	4.094584 	2.581182 	3.029954 	1.743022 	4.335392 	2.964899 	1.375909 	2.648702 	3.253556 	3.000417 	3.153569 	2.915476 	2.438237 	2.469059 	3.320580 	3.345613 	1.711724 	3.154857 	3.005204 	2.736101 	2.940769 	2.874456 	3.304921 	3.285004 	
1.418846 	2.872716 	9.000000 	1.222957 	1.147007 	0.320156 	0.103078 	2.715004 	0.828025 	0.850000 	0.939747 	1.400892 	0.215058 	1.171538 	1.765113 	1.671077 	1.293493 	1.275980 	0.201556 	1.722099 	0.237171 	2.855039 	3.113378 	1.555032 	1.640122 	1.243483 	0.270416 	1.299279 	1.342805 	0.552268 	0.279509 	1.445035 	1.610318 	0.371652 	1.886299 	0.626997 	0.450694 	0.424264 	0.427200 	0.471699 	0.855862 	0.828402 	0.525595 	0.612882 	1.858090 	0.691466 	0.755811 	0.951972 	0.872138 	0.919239 	0.860233 	1.168867 	
2.571478 	1.747319 	1.222957 	9.000000 	2.332381 	1.542928 	1.308625 	1.542928 	0.447214 	0.436606 	0.364006 	0.371652 	1.290591 	0.201556 	0.618466 	0.515388 	0.190394 	2.324328 	1.379311 	0.500000 	1.120547 	1.677982 	1.957358 	0.348210 	0.425000 	0.230489 	1.180042 	0.250000 	2.551960 	0.838525 	1.320038 	0.333542 	2.815138 	1.234909 	0.682825 	0.901388 	1.540292 	1.265158 	1.428504 	1.173936 	0.704006 	0.731864 	1.601757 	1.612452 	0.776611 	1.407569 	1.261200 	1.025000 	1.209339 	1.152443 	1.559046 	1.575794 	
0.304138 	3.840980 	1.147007 	2.332381 	9.000000 	0.848896 	1.092016 	3.731035 	1.969772 	1.992643 	2.081466 	2.432720 	1.041933 	2.240675 	2.804015 	2.721328 	2.365639 	0.492443 	1.068878 	2.830194 	1.340009 	3.872419 	4.102591 	2.676051 	2.756923 	2.381832 	1.323820 	2.437724 	0.269258 	1.686157 	1.209339 	2.582876 	0.494975 	1.358308 	3.011021 	1.735655 	1.101136 	1.378632 	1.225000 	1.482607 	1.988875 	1.958475 	1.107080 	1.216552 	3.003852 	1.530114 	1.700184 	2.007642 	1.850000 	1.925649 	1.603317 	1.985730 	
1.134956 	3.175689 	0.320156 	1.542928 	0.848896 	9.000000 	0.246221 	3.025930 	1.144825 	1.166190 	1.256234 	1.710263 	0.333542 	1.486607 	2.077408 	1.984943 	1.609542 	1.055047 	0.225000 	2.042211 	0.491172 	3.166425 	3.420618 	1.875000 	1.960230 	1.560849 	0.477624 	1.616516 	1.028652 	0.838153 	0.378319 	1.762278 	1.297353 	0.527376 	2.205816 	0.887764 	0.371652 	0.559017 	0.447214 	0.651920 	1.140175 	1.109617 	0.425735 	0.548293 	2.169101 	0.771767 	0.903466 	1.175266 	1.044330 	1.110180 	0.901388 	1.263428 	
1.372953 	2.971216 	0.103078 	1.308625 	1.092016 	0.246221 	9.000000 	2.810360 	0.901388 	0.922293 	1.012423 	1.497707 	0.270416 	1.265158 	1.860108 	1.765113 	1.386092 	1.258968 	0.100000 	1.806239 	0.251247 	2.950106 	3.210335 	1.635925 	1.722099 	1.317431 	0.254951 	1.372953 	1.274755 	0.594243 	0.212132 	1.518634 	1.543535 	0.335410 	1.965006 	0.651920 	0.353553 	0.381608 	0.347311 	0.450694 	0.897566 	0.867828 	0.427931 	0.522015 	1.923051 	0.637377 	0.726722 	0.958188 	0.854400 	0.910014 	0.797261 	1.125000 	
3.921176 	0.302076 	2.715004 	1.542928 	3.731035 	3.025930 	2.810360 	9.000000 	1.990132 	1.978952 	1.901480 	1.315770 	2.728095 	1.546367 	0.950329 	1.047020 	1.428504 	3.595222 	2.891907 	1.116076 	2.650000 	0.141421 	0.419076 	1.305038 	1.219118 	1.644688 	2.713969 	1.604875 	3.977515 	2.381439 	2.851425 	1.497707 	4.225887 	2.775450 	1.102554 	2.439390 	3.074187 	2.807356 	2.967533 	2.716846 	2.215006 	2.247221 	3.138471 	3.154461 	1.426972 	2.944592 	2.785678 	2.500000 	2.711665 	2.641259 	3.087272 	3.043846 	
2.229910 	2.191603 	0.828025 	0.447214 	1.969772 	1.144825 	0.901388 	1.990132 	9.000000 	0.025000 	0.111803 	0.753741 	0.941076 	0.500625 	1.059481 	0.956883 	0.588430 	2.030394 	0.960469 	0.921954 	0.689656 	2.125000 	2.404423 	0.742462 	0.831038 	0.416083 	0.743303 	0.471699 	2.170829 	0.391312 	0.884590 	0.617454 	2.438237 	0.790569 	1.065950 	0.460977 	1.101136 	0.818917 	0.985203 	0.726722 	0.325000 	0.340037 	1.160011 	1.166190 	1.035918 	0.965013 	0.831038 	0.656220 	0.801561 	0.760345 	1.122776 	1.184536 	
2.253469 	2.182888 	0.850000 	0.436606 	1.992643 	1.166190 	0.922293 	1.978952 	0.025000 	9.000000 	0.090139 	0.751665 	0.965013 	0.500000 	1.051487 	0.948683 	0.583631 	2.055024 	0.980115 	0.905883 	0.707990 	2.113350 	2.393872 	0.725000 	0.813941 	0.395285 	0.760345 	0.450694 	2.192744 	0.403113 	0.901734 	0.596343 	2.460310 	0.805062 	1.046721 	0.467039 	1.117195 	0.832166 	1.000000 	0.738241 	0.316228 	0.333542 	1.175266 	1.179248 	1.012423 	0.972432 	0.834416 	0.649038 	0.800391 	0.756637 	1.128051 	1.181630 	
2.340940 	2.110835 	0.939747 	0.364006 	2.081466 	1.256234 	1.012423 	1.901480 	0.111803 	0.090139 	9.000000 	0.700446 	1.051487 	0.456207 	0.982344 	0.879275 	0.525595 	2.137756 	1.070047 	0.820061 	0.797261 	2.034853 	2.317596 	0.637377 	0.726722 	0.305164 	0.848528 	0.360555 	2.282542 	0.485412 	0.989950 	0.506211 	2.550000 	0.890225 	0.957209 	0.538516 	1.204159 	0.915492 	1.085415 	0.818917 	0.350892 	0.375000 	1.261200 	1.261943 	0.925000 	1.044629 	0.897566 	0.682367 	0.851469 	0.800391 	1.195042 	1.226020 	
2.642087 	1.476482 	1.400892 	0.371652 	2.432720 	1.710263 	1.497707 	1.315770 	0.753741 	0.751665 	0.700446 	9.000000 	1.414655 	0.254951 	0.371652 	0.291548 	0.182003 	2.348537 	1.582127 	0.527376 	1.353237 	1.456451 	1.712637 	0.503115 	0.522015 	0.592663 	1.421487 	0.596343 	2.672195 	1.128051 	1.554228 	0.618971 	2.925854 	1.495201 	0.753741 	1.212693 	1.777815 	1.533786 	1.680773 	1.456022 	1.051190 	1.075291 	1.845603 	1.875667 	0.984886 	1.711177 	1.584692 	1.380670 	1.550202 	1.500833 	1.874166 	1.926461 	
1.290591 	2.865528 	0.215058 	1.290591 	1.041933 	0.333542 	0.270416 	2.728095 	0.941076 	0.965013 	1.051487 	1.414655 	9.000000 	1.206752 	1.785532 	1.697425 	1.331587 	1.102554 	0.357946 	1.789029 	0.447214 	2.869233 	3.115786 	1.634205 	1.715007 	1.346291 	0.485412 	1.402007 	1.265158 	0.728869 	0.480234 	1.546165 	1.525820 	0.585769 	1.969296 	0.818917 	0.608790 	0.637377 	0.617454 	0.686477 	1.025305 	1.001249 	0.680074 	0.784618 	1.976424 	0.901734 	0.970824 	1.154340 	1.085415 	1.129712 	1.065950 	1.382932 	
2.465385 	1.721918 	1.171538 	0.201556 	2.240675 	1.486607 	1.265158 	1.546367 	0.500625 	0.500000 	0.456207 	0.254951 	1.206752 	9.000000 	0.596343 	0.500000 	0.125000 	2.196162 	1.345595 	0.608790 	1.107362 	1.685601 	1.950801 	0.500625 	0.559017 	0.425735 	1.173936 	0.450694 	2.471462 	0.873212 	1.308864 	0.529741 	2.730041 	1.244237 	0.818917 	0.958188 	1.532359 	1.281601 	1.431782 	1.202081 	0.806226 	0.828402 	1.598828 	1.625000 	0.961769 	1.456237 	1.330883 	1.138530 	1.300240 	1.253994 	1.619414 	1.679658 	
3.010814 	1.132751 	1.765113 	0.618466 	2.804015 	2.077408 	1.860108 	0.950329 	1.059481 	1.051487 	0.982344 	0.371652 	1.785532 	0.596343 	9.000000 	0.103078 	0.480885 	2.710166 	1.941649 	0.390512 	1.702388 	1.090011 	1.355083 	0.506211 	0.458939 	0.775000 	1.767767 	0.751665 	3.043846 	1.448491 	1.903943 	0.697316 	3.297347 	1.833712 	0.575543 	1.518223 	2.127205 	1.868321 	2.023765 	1.782730 	1.319327 	1.348379 	2.192744 	2.214159 	0.901734 	2.023920 	1.879661 	1.631908 	1.824829 	1.764405 	2.177298 	2.184176 	
2.933108 	1.234909 	1.671077 	0.515388 	2.721328 	1.984943 	1.765113 	1.047020 	0.956883 	0.948683 	0.879275 	0.291548 	1.697425 	0.500000 	0.103078 	9.000000 	0.381608 	2.639720 	1.845434 	0.340037 	1.603512 	1.185854 	1.454519 	0.425000 	0.390512 	0.675463 	1.668270 	0.654313 	2.958568 	1.346291 	1.805028 	0.608790 	3.213740 	1.732953 	0.548293 	1.415318 	2.028084 	1.767060 	1.923538 	1.680773 	1.216552 	1.245492 	2.093144 	2.113203 	0.851469 	1.921100 	1.776584 	1.530114 	1.722099 	1.662077 	2.074247 	2.082366 	
2.589643 	1.611870 	1.293493 	0.190394 	2.365639 	1.609542 	1.386092 	1.428504 	0.588430 	0.583631 	0.525595 	0.182003 	1.331587 	0.125000 	0.480885 	0.381608 	9.000000 	2.317596 	1.465008 	0.491172 	1.221935 	1.567043 	1.835756 	0.403113 	0.450694 	0.416083 	1.286954 	0.425735 	2.596392 	0.972432 	1.423464 	0.471699 	2.855039 	1.353237 	0.707107 	1.049405 	1.646587 	1.388569 	1.542928 	1.305038 	0.875000 	0.900347 	1.711907 	1.733854 	0.879275 	1.552418 	1.417965 	1.202341 	1.377044 	1.325000 	1.711177 	1.750179 	
0.412311 	3.668872 	1.275980 	2.324328 	0.492443 	1.055047 	1.258968 	3.595222 	2.030394 	2.055024 	2.137756 	2.348537 	1.102554 	2.196162 	2.710166 	2.639720 	2.317596 	9.000000 	1.274755 	2.804015 	1.505199 	3.735054 	3.940336 	2.672312 	2.744654 	2.419323 	1.513275 	2.473863 	0.707107 	1.825000 	1.431782 	2.613666 	0.813941 	1.578765 	3.005204 	1.902630 	1.392839 	1.613420 	1.494365 	1.701654 	2.125588 	2.100149 	1.421487 	1.543535 	3.056243 	1.818310 	1.958475 	2.217121 	2.098809 	2.162319 	1.926947 	2.302851 	
