UB = 872
M = 90

Distance:
999.000000 	31.144823 	38.288380 	28.600698 	17.029387 	21.400934 	34.655445 	76.478752 	34.713108 	64.815125 	16.278820 	54.561890 	72.069412 	49.203659 	9.433981 	98.005104 	35.383614 	20.396078 	45.343136 	40.816662 	57.008770 	41.182522 	55.443665 	31.064449 	89.938866 	85.562843 	33.120991 	27.018513 	30.265491 	48.270073 	38.600517 	47.010635 	66.850578 	43.266617 	20.808653 	38.483765 	68.600288 	36.055511 	66.648331 	66.189125 	28.017851 	40.012497 	34.525352 	63.158531 	60.083275 	35.341194 	37.000000 	57.428215 	40.816662 	57.035076 	40.311287 	45.617977 	46.065170 	58.034473 	43.266617 	46.227695 	59.413803 	59.464275 	59.481091 	61.846584 	60.033325 	66.370171 	
31.144823 	999.000000 	7.211102 	4.000000 	48.083260 	52.345009 	65.795135 	106.850365 	5.000000 	34.481880 	47.381432 	28.017851 	102.625534 	18.357559 	34.132095 	67.742157 	66.468040 	17.262676 	76.485291 	12.000000 	26.076809 	13.038404 	86.556343 	61.717098 	59.033890 	54.488529 	63.411354 	20.396078 	18.384777 	79.246452 	17.204651 	20.099751 	36.235340 	73.878281 	33.541019 	68.242218 	38.626415 	26.419689 	37.363083 	37.107952 	37.000000 	26.248810 	29.154760 	35.227829 	34.058773 	53.600372 	57.070133 	36.769554 	43.680660 	38.948685 	49.365982 	44.777225 	45.694637 	41.880783 	57.008770 	57.314919 	45.607018 	52.630791 	56.603886 	56.400356 	58.668560 	64.660652 	
38.288380 	7.211102 	999.000000 	10.000000 	55.172459 	59.396969 	72.917763 	114.057007 	6.082763 	28.231188 	54.488529 	24.515301 	109.836243 	11.180340 	40.804413 	61.294373 	73.552704 	22.847319 	83.630135 	7.211102 	18.867962 	8.602325 	93.723000 	68.680420 	52.201534 	47.507893 	70.292244 	24.083189 	21.023796 	86.278618 	16.124516 	15.231546 	29.068884 	80.808418 	38.897301 	75.000000 	31.622776 	27.892651 	30.594116 	30.413813 	41.436699 	26.400757 	31.400637 	29.000000 	28.635643 	58.694122 	62.361847 	33.286633 	46.389652 	36.235340 	53.000000 	46.572525 	47.539455 	39.623226 	61.204575 	61.000000 	43.863426 	52.478565 	57.271286 	56.435802 	59.615433 	65.306969 	
28.600698 	4.000000 	10.000000 	999.000000 	45.343136 	49.517673 	63.126858 	104.809349 	9.000000 	38.013157 	44.687805 	32.015621 	100.498756 	20.615528 	30.805843 	71.196907 	63.702435 	13.341664 	73.878281 	12.649111 	28.425341 	13.341664 	84.023804 	58.728188 	62.201286 	57.489128 	60.307545 	16.492422 	14.764823 	76.367531 	15.231546 	20.099751 	38.275318 	70.837845 	29.614185 	65.000000 	40.249222 	23.021729 	38.626415 	38.275318 	33.000000 	23.345236 	25.495098 	35.902645 	34.058773 	49.648766 	53.150730 	35.440090 	39.849716 	37.161808 	45.398239 	41.146080 	42.047592 	39.824615 	53.009434 	53.338543 	43.266617 	49.578220 	53.254108 	53.263496 	55.226807 	61.294373 	
17.029387 	48.083260 	55.172459 	45.343136 	999.000000 	4.472136 	17.804493 	61.098282 	51.739735 	81.835197 	1.000000 	71.196907 	56.462376 	65.946945 	16.763054 	115.000000 	18.384777 	35.355339 	28.600698 	57.201397 	73.756355 	57.428215 	38.832977 	14.317822 	106.962608 	102.552429 	16.763054 	40.496914 	44.384682 	31.240999 	53.665630 	62.769421 	83.408630 	26.419689 	28.017851 	22.561028 	84.876381 	48.270073 	82.680107 	82.152298 	34.132095 	52.886673 	45.541191 	78.771820 	75.153175 	32.202484 	31.827662 	70.880180 	46.690472 	69.634758 	42.720020 	52.469040 	52.611786 	69.871307 	41.880783 	46.141087 	70.256676 	67.364677 	65.513359 	68.883957 	65.253349 	71.168816 	
21.400934 	52.345009 	59.396969 	49.517673 	4.472136 	999.000000 	13.892444 	57.870544 	56.080299 	86.214851 	5.385165 	75.663727 	53.141319 	70.092796 	20.124611 	119.402679 	14.212670 	39.115215 	24.698177 	61.220913 	77.897369 	61.400326 	34.985710 	9.848858 	111.287918 	106.831642 	12.369317 	43.863426 	47.853943 	26.907248 	57.306194 	66.573265 	87.458565 	21.954498 	30.413813 	18.248287 	88.814415 	51.244511 	86.533234 	85.982559 	36.013885 	55.973209 	48.270073 	82.492424 	78.714676 	31.764761 	30.805843 	74.000000 	48.166378 	72.532753 	43.416588 	54.083271 	54.147945 	72.567207 	41.593269 	46.097721 	72.691124 	69.065186 	66.753281 	70.349129 	66.287254 	72.034714 	
34.655445 	65.795135 	72.917763 	63.126858 	17.804493 	13.892444 	999.000000 	44.384682 	69.310890 	99.247169 	18.439089 	87.920418 	39.560081 	83.737686 	34.000000 	132.279999 	2.236068 	53.000000 	10.816654 	75.000000 	91.547798 	75.213028 	21.095022 	8.246211 	124.523087 	120.208153 	10.295630 	57.697487 	61.717098 	14.317822 	71.196907 	80.454956 	101.212646 	12.041595 	43.680660 	14.212670 	102.649887 	64.845970 	100.404182 	99.859901 	48.662102 	69.641945 	61.684681 	96.384644 	92.590500 	40.792156 	38.600517 	87.664131 	60.074955 	86.023254 	54.147945 	66.121101 	66.068146 	85.866173 	50.447994 	55.317268 	85.702972 	81.098709 	78.057671 	82.000000 	77.233414 	82.607506 	
76.478752 	106.850365 	114.057007 	104.809349 	61.098282 	57.870544 	44.384682 	999.000000 	109.553642 	138.057953 	61.465439 	124.579292 	5.000000 	125.195847 	77.833153 	169.917633 	44.911022 	96.254868 	34.365681 	117.239075 	132.924789 	117.647781 	25.000000 	51.788029 	163.670395 	160.000000 	52.345009 	101.592323 	105.475113 	37.054016 	114.634201 	123.438240 	143.031464 	44.011364 	88.056801 	52.000000 	145.013794 	109.110039 	143.125824 	142.667450 	92.962357 	113.841995 	106.042442 	139.556442 	136.165344 	83.054199 	80.000000 	131.867355 	103.947105 	130.361038 	97.252251 	110.027267 	109.895409 	130.249756 	92.005432 	97.005157 	130.049988 	124.903961 	121.264175 	125.483070 	120.104118 	125.003998 	
34.713108 	5.000000 	6.082763 	9.000000 	51.739735 	56.080299 	69.310890 	109.553642 	999.000000 	30.232433 	50.990196 	23.021729 	105.437187 	16.492422 	38.470768 	63.513779 	70.092796 	22.203604 	79.906197 	13.000000 	23.769728 	14.317822 	89.872131 	65.604881 	55.226807 	50.931328 	67.424034 	25.317978 	23.086792 	82.975899 	20.518284 	21.189621 	34.176014 	77.801025 	38.470768 	72.401657 	37.107952 	30.870699 	36.345562 	36.221542 	42.000000 	30.232433 	33.837849 	35.014282 	34.713108 	58.549126 	61.983868 	38.948685 	48.507732 	41.617306 	54.332310 	49.396355 	50.328918 	44.821869 	62.008064 	62.289646 	48.836460 	56.612720 	60.901562 	60.464867 	63.063461 	68.963760 	
64.815125 	34.481880 	28.231188 	38.013157 	81.835197 	86.214851 	99.247169 	138.057953 	30.232433 	999.000000 	81.055534 	16.124516 	134.182709 	21.023796 	68.600288 	33.286633 	100.124924 	51.078373 	109.713264 	30.413813 	16.763054 	31.257000 	119.519875 	95.801880 	25.612497 	22.360680 	97.652443 	51.662365 	48.052055 	113.070778 	40.112343 	32.140316 	19.849434 	108.004631 	67.067131 	102.625534 	24.839485 	53.150730 	27.586229 	28.319605 	69.123077 	50.000000 	57.314919 	31.622776 	36.235340 	86.683334 	90.443352 	47.169907 	72.173401 	51.865211 	79.762146 	71.007042 	72.006943 	55.973209 	88.459030 	87.692642 	61.032780 	72.780495 	79.075912 	76.902534 	81.884064 	86.683334 	
16.278820 	47.381432 	54.488529 	44.687805 	1.000000 	5.385165 	18.439089 	61.465439 	50.990196 	81.055534 	999.000000 	70.327805 	56.859474 	65.299309 	16.492422 	114.201576 	19.104973 	34.885529 	29.206163 	56.612720 	73.109505 	56.859474 	39.408119 	15.231546 	106.216759 	101.833199 	17.720045 	40.162170 	44.011364 	32.015621 	53.225933 	62.265560 	82.800964 	27.294687 	28.000000 	23.537205 	84.314888 	48.052055 	82.152298 	81.633324 	34.234486 	52.630791 	45.398239 	78.294319 	74.732857 	32.802441 	32.526913 	70.604530 	46.872166 	69.426216 	43.081318 	52.611786 	52.773098 	69.720871 	42.438190 	46.647614 	70.178345 	67.475922 	65.734314 	69.050705 	65.520988 	71.470276 	
54.561890 	28.017851 	24.515301 	32.015621 	71.196907 	75.663727 	87.920418 	124.579292 	23.021729 	16.124516 	70.327805 	999.000000 	120.933868 	24.207438 	60.083275 	45.343136 	89.044930 	45.177429 	98.005104 	30.083218 	25.238859 	31.384710 	107.447662 	85.475143 	40.249222 	37.947330 	87.658424 	48.093658 	45.398239 	102.083298 	40.162170 	35.510563 	32.893768 	97.616600 	61.400326 	93.037628 	37.696156 	52.392746 	39.357338 	39.824615 	65.007690 	50.596443 	55.901699 	41.617306 	44.598206 	81.498466 	84.852814 	53.413483 	70.859016 	57.428215 	77.162170 	71.063354 	72.034714 	61.294373 	85.000000 	85.146935 	66.037865 	76.059189 	81.344948 	80.112419 	83.815269 	89.319649 	
72.069412 	102.625534 	109.836243 	100.498756 	56.462376 	53.141319 	39.560081 	5.000000 	105.437187 	134.182709 	56.859474 	120.933868 	999.000000 	120.950401 	73.164200 	166.243790 	40.024994 	91.706055 	29.427877 	112.871605 	128.701202 	113.251930 	20.000000 	46.872166 	159.790482 	156.028839 	47.381432 	96.932968 	100.846420 	32.062439 	110.072701 	118.962181 	138.755173 	39.012817 	83.240616 	47.000000 	140.655609 	104.355164 	138.708328 	138.235306 	88.073830 	109.110039 	101.242287 	135.059250 	131.590271 	78.057671 	75.000000 	127.137718 	98.994949 	125.574677 	92.265923 	105.076164 	104.938080 	125.419296 	87.005745 	92.005432 	125.171883 	119.941650 	116.275536 	120.503113 	115.108643 	120.004166 	
49.203659 	18.357559 	11.180340 	20.615528 	65.946945 	70.092796 	83.737686 	125.195847 	16.492422 	21.023796 	65.299309 	24.207438 	120.950401 	999.000000 	50.990196 	52.554733 	84.291161 	32.202484 	94.493385 	9.848858 	7.810250 	10.440307 	104.637466 	79.195961 	42.544094 	37.443291 	80.659782 	31.384710 	27.513634 	96.896851 	19.104973 	11.704700 	17.888544 	91.241440 	47.413078 	85.146935 	20.615528 	32.140316 	20.024984 	20.000000 	48.703182 	29.017237 	36.345562 	19.646883 	21.095022 	66.483078 	70.384659 	29.206163 	51.156624 	33.286633 	58.855755 	50.039986 	51.039200 	37.215588 	67.683083 	66.753281 	42.059483 	52.810986 	58.694122 	56.920998 	61.392181 	66.483078 	
9.433981 	34.132095 	40.804413 	30.805843 	16.763054 	20.124611 	34.000000 	77.833153 	38.470768 	68.600288 	16.492422 	60.083275 	73.164200 	50.990196 	999.000000 	101.872467 	34.132095 	19.209373 	44.777225 	41.725292 	58.728188 	41.773197 	55.072678 	28.425341 	93.005379 	88.238312 	29.698484 	23.769728 	27.730848 	46.227695 	37.215588 	46.615448 	67.941154 	40.311287 	12.649111 	34.205261 	69.028976 	31.575306 	66.610809 	66.030296 	19.697716 	36.138622 	29.068884 	62.433964 	58.591808 	26.000000 	27.892651 	54.120235 	32.695564 	52.952808 	31.240999 	37.947330 	38.275318 	53.338543 	33.837849 	36.878178 	54.009258 	52.392746 	51.623638 	54.405884 	51.894123 	58.137768 	
98.005104 	67.742157 	61.294373 	71.196907 	115.000000 	119.402679 	132.279999 	169.917633 	63.513779 	33.286633 	114.201576 	45.343136 	166.243790 	52.554733 	101.872467 	999.000000 	133.225372 	84.077347 	142.635895 	62.393909 	45.880280 	62.968246 	152.305618 	129.034882 	12.165525 	18.110771 	130.919830 	83.934502 	80.056229 	146.208755 	71.168816 	61.846584 	41.109608 	141.240936 	99.809822 	135.911743 	44.011364 	83.934502 	48.010414 	49.010204 	101.242287 	80.049988 	88.323273 	54.000000 	60.008331 	119.037811 	122.930878 	72.006943 	102.610916 	77.006493 	110.860275 	100.448990 	101.434708 	81.000000 	119.920807 	118.600166 	86.005814 	99.020203 	106.117859 	103.004852 	109.165016 	113.004425 	
35.383614 	66.468040 	73.552704 	63.702435 	18.384777 	14.212670 	2.236068 	44.911022 	70.092796 	100.124924 	19.104973 	89.044930 	40.024994 	84.291161 	34.132095 	133.225372 	999.000000 	53.254108 	10.770329 	75.432091 	92.097771 	75.604233 	21.023796 	7.000000 	125.319588 	120.933868 	8.544003 	57.706154 	61.773781 	13.038404 	71.344238 	80.709358 	101.671036 	10.000000 	43.324360 	12.041595 	103.004852 	64.621979 	100.687637 	100.124924 	48.052055 	69.462219 	61.351448 	96.566040 	92.660675 	39.458839 	37.107952 	87.464279 	59.211487 	85.702972 	53.037724 	65.276337 	65.192024 	85.440041 	49.030602 	53.935146 	85.146935 	80.224686 	77.006493 	81.024689 	76.105194 	81.394104 	
20.396078 	17.262676 	22.847319 	13.341664 	35.355339 	39.115215 	53.000000 	96.254868 	22.203604 	51.078373 	34.885529 	45.177429 	91.706055 	32.202484 	19.209373 	84.077347 	53.254108 	999.000000 	63.812225 	22.671568 	39.824615 	22.627417 	74.094536 	47.634022 	74.625732 	69.634758 	48.836460 	7.615773 	10.000000 	65.436989 	18.384777 	27.459061 	48.795490 	59.464275 	16.278820 	53.075417 	49.819675 	17.088007 	47.434166 	46.872166 	20.223749 	20.223749 	17.204651 	43.416588 	39.924931 	36.345562 	39.812057 	37.121422 	29.154760 	37.054016 	33.241539 	31.890438 	32.649654 	38.470768 	40.199501 	41.000000 	40.521599 	43.266617 	45.276924 	46.400433 	46.690472 	53.037724 	
45.343136 	76.485291 	83.630135 	73.878281 	28.600698 	24.698177 	10.816654 	34.365681 	79.906197 	109.713264 	29.206163 	98.005104 	29.427877 	94.493385 	44.777225 	142.635895 	10.770329 	63.812225 	999.000000 	85.802101 	102.303467 	86.023254 	10.295630 	17.464249 	135.074051 	130.831955 	18.027756 	68.425140 	72.470680 	7.615773 	81.987801 	91.268837 	112.004463 	11.661903 	54.083271 	18.681541 	113.463654 	75.392311 	111.220505 	110.675201 	58.694122 	80.230919 	72.111023 	107.186752 	103.353760 	49.040798 	46.270943 	98.234413 	69.584480 	96.462425 	63.031738 	75.663727 	75.538071 	96.166519 	58.309521 	63.285069 	95.801880 	90.553848 	87.051712 	91.197586 	86.000000 	91.087868 	
40.816662 	12.000000 	7.211102 	12.649111 	57.201397 	61.220913 	75.000000 	117.239075 	13.000000 	30.413813 	56.612720 	30.083218 	112.871605 	9.848858 	41.725292 	62.393909 	75.432091 	22.671568 	85.802101 	999.000000 	17.204651 	1.414214 	96.020828 	70.092796 	52.354561 	47.169907 	71.421288 	21.540659 	17.720045 	87.863533 	10.198039 	8.246211 	26.248810 	82.036575 	37.589893 	75.742989 	27.784887 	23.021729 	26.000000 	25.632011 	38.897301 	20.615528 	27.018513 	23.345236 	22.090721 	56.648037 	60.539242 	26.076809 	42.000000 	29.068884 	49.365982 	41.436699 	42.426407 	32.526913 	58.051701 	57.314919 	36.878178 	46.065170 	51.264023 	50.089920 	53.758720 	59.236813 	
57.008770 	26.076809 	18.867962 	28.425341 	73.756355 	77.897369 	91.547798 	132.924789 	23.769728 	16.763054 	73.109505 	25.238859 	128.701202 	7.810250 	58.728188 	45.880280 	92.097771 	39.824615 	102.303467 	17.204651 	999.000000 	17.492855 	112.445541 	86.977005 	35.341194 	30.016663 	88.413803 	38.470768 	34.438351 	104.690018 	25.298222 	16.124516 	10.440307 	99.005051 	54.708317 	92.849342 	14.000000 	38.078865 	14.560220 	14.866069 	55.542778 	34.365681 	42.449970 	16.401220 	20.000000 	73.409805 	77.388626 	30.463093 	56.885849 	35.114101 	65.000000 	55.145264 	56.142673 	39.217342 	74.040527 	72.780495 	44.271889 	56.089214 	62.514000 	60.207973 	65.375839 	70.035706 	
41.182522 	13.038404 	8.602325 	13.341664 	57.428215 	61.400326 	75.213028 	117.647781 	14.317822 	31.257000 	56.859474 	31.384710 	113.251930 	10.440307 	41.773197 	62.968246 	75.604233 	22.627417 	86.023254 	1.414214 	17.492855 	999.000000 	96.260063 	70.178345 	52.773098 	47.507893 	71.449280 	21.023796 	17.088007 	87.965904 	9.055386 	7.071068 	26.172504 	82.073135 	37.215588 	75.690155 	27.459061 	22.000000 	25.495098 	25.079872 	38.275318 	19.416489 	26.076809 	22.561028 	21.023796 	56.080299 	60.008331 	24.698177 	41.012192 	27.658634 	48.507732 	40.311287 	41.303753 	31.112698 	57.271286 	56.435802 	35.468296 	44.721359 	49.979996 	48.754486 	52.497620 	57.939625 	
55.443665 	86.556343 	93.723000 	84.023804 	38.832977 	34.985710 	21.095022 	25.000000 	89.872131 	119.519875 	39.408119 	107.447662 	20.000000 	104.637466 	55.072678 	152.305618 	21.023796 	74.094536 	10.295630 	96.020828 	112.445541 	96.260063 	999.000000 	27.513634 	144.958618 	140.801285 	27.658634 	78.714676 	82.764725 	12.165525 	92.282173 	101.548019 	122.200653 	19.026299 	64.257294 	27.000000 	123.709335 	85.615417 	121.490738 	120.950401 	68.680420 	90.470993 	82.280006 	117.477661 	113.648582 	58.077534 	55.000000 	108.461975 	79.246452 	106.625511 	72.339478 	85.328773 	85.158676 	106.254410 	67.007462 	72.006943 	105.773346 	100.129913 	96.332756 	100.603180 	95.131485 	100.004997 	
31.064449 	61.717098 	68.680420 	58.728188 	14.317822 	9.848858 	8.246211 	51.788029 	65.604881 	95.801880 	15.231546 	85.475143 	46.872166 	79.195961 	28.425341 	129.034882 	7.000000 	47.634022 	17.464249 	70.092796 	86.977005 	70.178345 	27.513634 	999.000000 	120.739388 	116.180893 	3.162278 	51.623638 	55.758408 	17.804493 	65.459915 	75.000000 	96.332756 	12.206555 	36.769554 	9.055386 	97.452553 	58.180752 	95.000000 	94.403389 	41.231056 	63.071388 	54.781384 	90.697296 	86.608315 	32.557640 	30.364452 	81.024689 	52.239830 	79.120163 	46.043457 	58.309521 	58.215118 	78.746429 	42.201897 	47.074409 	78.339005 	73.246162 	70.007141 	74.027023 	69.115845 	74.431175 	
89.938866 	59.033890 	52.201534 	62.201286 	106.962608 	111.287918 	124.523087 	163.670395 	55.226807 	25.612497 	106.216759 	40.249222 	159.790482 	42.544094 	93.005379 	12.165525 	125.319588 	74.625732 	135.074051 	52.354561 	35.341194 	52.773098 	144.958618 	120.739388 	999.000000 	6.000000 	122.441826 	73.790245 	69.778221 	138.191895 	60.539242 	50.921509 	29.427877 	132.909744 	89.944427 	127.200630 	32.015621 	73.054771 	36.013885 	37.013512 	90.873535 	68.963760 	77.491936 	42.047592 	48.093658 	108.747414 	112.729767 	60.074955 	91.482239 	65.069191 	99.929977 	89.050545 	90.027771 	69.028976 	109.110039 	107.563934 	74.006760 	87.091904 	94.260277 	91.049438 	97.329338 	101.044548 	
85.562843 	54.488529 	47.507893 	57.489128 	102.552429 	106.831642 	120.208153 	160.000000 	50.931328 	22.360680 	101.833199 	37.947330 	156.028839 	37.443291 	88.238312 	18.110771 	120.933868 	69.634758 	130.831955 	47.169907 	30.016663 	47.507893 	140.801285 	116.180893 	6.000000 	999.000000 	117.796432 	68.476273 	64.412735 	133.734818 	55.036350 	45.310043 	23.537205 	128.316010 	84.723076 	122.441826 	26.019224 	67.416618 	30.016663 	31.016125 	85.428329 	63.245552 	71.867935 	36.055511 	42.107006 	103.315056 	107.331261 	54.083271 	85.726311 	59.076221 	94.244362 	83.198555 	84.172440 	63.031738 	103.464973 	101.833199 	68.007355 	81.098709 	88.277969 	85.052925 	91.350975 	95.047356 	
33.120991 	63.411354 	70.292244 	60.307545 	16.763054 	12.369317 	10.295630 	52.345009 	67.424034 	97.652443 	17.720045 	87.658424 	47.381432 	80.659782 	29.698484 	130.919830 	8.544003 	48.836460 	18.027756 	71.421288 	88.413803 	71.449280 	27.658634 	3.162278 	122.441826 	117.796432 	999.000000 	52.430908 	56.612720 	17.000000 	66.400299 	76.059189 	97.621719 	10.630146 	37.121422 	6.000000 	98.595131 	58.591808 	96.046867 	95.425362 	41.109608 	63.529522 	55.036350 	91.607857 	87.367043 	31.144823 	28.635643 	81.394104 	51.623638 	79.309517 	45.011108 	57.706154 	57.558666 	78.771820 	40.607880 	45.541191 	78.160095 	72.560318 	69.028976 	73.171036 	68.007355 	73.171036 	
27.018513 	20.396078 	24.083189 	16.492422 	40.496914 	43.863426 	57.697487 	101.592323 	25.317978 	51.662365 	40.162170 	48.093658 	96.932968 	31.384710 	23.769728 	83.934502 	57.706154 	7.615773 	68.425140 	21.540659 	38.470768 	21.023796 	78.714676 	51.623638 	73.790245 	68.476273 	52.430908 	999.000000 	4.242640 	69.339745 	14.142136 	24.083189 	46.400433 	63.007935 	16.401220 	56.080299 	46.690472 	9.486833 	43.863426 	43.185646 	17.464249 	13.000000 	9.899495 	39.204590 	34.985710 	35.114101 	39.000000 	30.594116 	23.409399 	30.016663 	29.068884 	25.238859 	26.076809 	31.144823 	37.121422 	37.054016 	32.984844 	35.805027 	38.209946 	39.051247 	39.824615 	46.097721 	
30.265491 	18.384777 	21.023796 	14.764823 	44.384682 	47.853943 	61.717098 	105.475113 	23.086792 	48.052055 	44.011364 	45.398239 	100.846420 	27.513634 	27.730848 	80.056229 	61.773781 	10.000000 	72.470680 	17.720045 	34.438351 	17.088007 	82.764725 	55.758408 	69.778221 	64.412735 	56.612720 	4.242640 	999.000000 	73.498299 	9.899495 	19.849434 	42.201897 	67.201187 	20.615528 	60.307545 	42.449970 	8.485281 	39.623226 	38.948685 	21.189621 	10.440307 	10.770329 	35.000000 	30.886890 	39.000000 	42.953465 	27.166155 	25.495098 	27.073973 	32.015621 	26.400757 	27.313000 	28.635643 	40.447498 	40.012497 	31.016125 	35.383614 	38.600517 	38.897301 	40.496914 	46.615448 	
48.270073 	79.246452 	86.278618 	76.367531 	31.240999 	26.907248 	14.317822 	37.054016 	82.975899 	113.070778 	32.015621 	102.083298 	32.062439 	96.896851 	46.227695 	146.208755 	13.038404 	65.436989 	7.615773 	87.863533 	104.690018 	87.965904 	12.165525 	17.804493 	138.191895 	133.734818 	17.000000 	69.339745 	73.498299 	999.000000 	83.234612 	92.800865 	114.109596 	7.071068 	54.120235 	15.132746 	115.256233 	75.591003 	112.800713 	112.200714 	57.939625 	80.529495 	72.013885 	108.466583 	104.307236 	46.270943 	43.046486 	98.386993 	67.911705 	96.254868 	60.671246 	73.979729 	73.756355 	95.634720 	55.009090 	60.008331 	94.868332 	88.645363 	84.593147 	88.955048 	83.294655 	88.051125 	
38.600517 	17.204651 	16.124516 	15.231546 	53.665630 	57.306194 	71.196907 	114.634201 	20.518284 	40.112343 	53.225933 	40.162170 	110.072701 	19.104973 	37.215588 	71.168816 	71.344238 	18.384777 	81.987801 	10.198039 	25.298222 	9.055386 	92.282173 	65.459915 	60.539242 	55.036350 	66.400299 	14.142136 	9.899495 	83.234612 	999.000000 	10.000000 	32.449963 	77.006493 	30.479502 	70.178345 	32.557640 	13.038404 	29.732138 	29.068884 	30.413813 	10.440307 	17.262676 	25.238859 	21.540659 	48.301140 	52.354561 	20.396078 	32.062439 	21.931713 	39.812057 	31.257000 	32.249031 	24.698177 	48.764740 	47.675991 	28.425341 	36.359318 	41.231056 	40.311287 	43.657761 	49.244289 	
47.010635 	20.099751 	15.231546 	20.099751 	62.769421 	66.573265 	80.454956 	123.438240 	21.189621 	32.140316 	62.265560 	35.510563 	118.962181 	11.704700 	46.615448 	61.846584 	80.709358 	27.459061 	91.268837 	8.246211 	16.124516 	7.071068 	101.548019 	75.000000 	50.921509 	45.310043 	76.059189 	24.083189 	19.849434 	92.800865 	10.000000 	999.000000 	22.472204 	86.683334 	40.459858 	79.981247 	22.627417 	22.135944 	20.000000 	19.416489 	40.311287 	18.248287 	26.570660 	16.155495 	14.000000 	58.180752 	62.265560 	18.439089 	40.792156 	22.022715 	49.040798 	39.051247 	40.049969 	25.806976 	58.189346 	56.753853 	30.528675 	41.109608 	47.074409 	45.221676 	49.819675 	54.817879 	
66.850578 	36.235340 	29.068884 	38.275318 	83.408630 	87.458565 	101.212646 	143.031464 	34.176014 	19.849434 	82.800964 	32.893768 	138.755173 	17.888544 	67.941154 	41.109608 	101.671036 	48.795490 	112.004463 	26.248810 	10.440307 	26.172504 	122.200653 	96.332756 	29.427877 	23.537205 	97.621719 	46.400433 	42.201897 	114.109596 	32.449963 	22.472204 	999.000000 	108.245094 	62.801273 	101.833199 	5.000000 	44.283180 	8.062258 	8.944272 	62.769421 	39.924931 	48.754486 	13.341664 	19.104973 	80.622574 	84.723076 	31.064449 	62.297672 	36.055511 	70.936592 	59.665737 	60.638271 	40.112343 	80.230919 	78.434685 	45.177429 	58.008621 	65.030762 	62.032249 	68.066147 	72.027771 	
43.266617 	73.878281 	80.808418 	70.837845 	26.419689 	21.954498 	12.041595 	44.011364 	77.801025 	108.004631 	27.294687 	97.616600 	39.012817 	91.241440 	40.311287 	141.240936 	10.000000 	59.464275 	11.661903 	82.036575 	99.005051 	82.073135 	19.026299 	12.206555 	132.909744 	128.316010 	10.630146 	63.007935 	67.201187 	7.071068 	77.006493 	86.683334 	108.245094 	999.000000 	47.507893 	8.062258 	109.224541 	68.963760 	106.667709 	106.042442 	51.078373 	73.925636 	65.299309 	102.200783 	97.908119 	39.204590 	36.013885 	91.706055 	60.876926 	89.470665 	53.600372 	66.940269 	66.708321 	88.769363 	48.000000 	53.000000 	87.920418 	81.584312 	77.524193 	81.884064 	76.236473 	81.024689 	
20.808653 	33.541019 	38.897301 	29.614185 	28.017851 	30.413813 	43.680660 	88.056801 	38.470768 	67.067131 	28.000000 	61.400326 	83.240616 	47.413078 	12.649111 	99.809822 	43.324360 	16.278820 	54.083271 	37.589893 	54.708317 	37.215588 	64.257294 	36.769554 	89.944427 	84.723076 	37.121422 	16.401220 	20.615528 	54.120235 	30.479502 	40.459858 	62.801273 	47.507893 	999.000000 	40.224369 	63.031738 	21.470911 	60.108234 	59.396969 	7.211102 	26.419689 	18.027756 	55.226807 	50.606323 	20.099751 	23.537205 	44.283180 	20.124611 	42.379242 	20.000000 	25.298222 	25.632011 	42.201897 	25.000000 	26.832815 	42.296574 	39.812057 	39.000000 	41.761227 	39.357338 	45.650848 	
38.483765 	68.242218 	75.000000 	65.000000 	22.561028 	18.248287 	14.212670 	52.000000 	72.401657 	102.625534 	23.537205 	93.037628 	47.000000 	85.146935 	34.205261 	135.911743 	12.041595 	53.075417 	18.681541 	75.742989 	92.849342 	75.690155 	27.000000 	9.055386 	127.200630 	122.441826 	6.000000 	56.080299 	60.307545 	15.132746 	70.178345 	79.981247 	101.833199 	8.062258 	40.224369 	999.000000 	102.591423 	61.587337 	99.904953 	99.247169 	43.382023 	66.573265 	57.801384 	95.268044 	90.801979 	31.144823 	28.000000 	84.219948 	52.886673 	81.841309 	45.541191 	58.940647 	58.694122 	81.024689 	40.012497 	45.011108 	80.056229 	73.545906 	69.462219 	73.824112 	68.183578 	73.006851 	
68.600288 	38.626415 	31.622776 	40.249222 	84.876381 	88.814415 	102.649887 	145.013794 	37.107952 	24.839485 	84.314888 	37.696156 	140.655609 	20.615528 	69.028976 	44.011364 	103.004852 	49.819675 	113.463654 	27.784887 	14.000000 	27.459061 	123.709335 	97.452553 	32.015621 	26.019224 	98.595131 	46.690472 	42.449970 	115.256233 	32.557640 	22.627417 	5.000000 	109.224541 	63.031738 	102.591423 	999.000000 	43.566040 	4.000000 	5.000000 	62.425957 	38.948685 	48.020828 	10.049875 	16.124516 	80.156097 	84.314888 	28.071337 	60.926186 	33.060551 	69.778221 	57.870544 	58.821766 	37.013512 	79.158073 	77.077881 	42.000000 	55.081757 	62.289646 	59.033890 	65.375839 	69.028976 	
36.055511 	26.419689 	27.892651 	23.021729 	48.270073 	51.244511 	64.845970 	109.110039 	30.870699 	53.150730 	48.052055 	52.392746 	104.355164 	32.140316 	31.575306 	83.934502 	64.621979 	17.088007 	75.392311 	23.021729 	38.078865 	22.000000 	85.615417 	58.180752 	73.054771 	67.416618 	58.591808 	9.486833 	8.485281 	75.591003 	13.038404 	22.135944 	44.283180 	68.963760 	21.470911 	61.587337 	43.566040 	999.000000 	40.224369 	39.408119 	19.104973 	5.000000 	4.472136 	34.828148 	29.698484 	36.619667 	40.804413 	22.847319 	19.026299 	21.377558 	26.925823 	18.681541 	19.646883 	22.000000 	36.055511 	34.713108 	23.537205 	26.907248 	30.232433 	30.413813 	32.249031 	38.275318 	
66.648331 	37.363083 	30.594116 	38.626415 	82.680107 	86.533234 	100.404182 	143.125824 	36.345562 	27.586229 	82.152298 	39.357338 	138.708328 	20.024984 	66.610809 	48.010414 	100.687637 	47.434166 	111.220505 	26.000000 	14.560220 	25.495098 	121.490738 	95.000000 	36.013885 	30.016663 	96.046867 	43.863426 	39.623226 	112.800713 	29.732138 	20.000000 	8.062258 	106.667709 	60.108234 	99.904953 	4.000000 	40.224369 	999.000000 	1.000000 	59.203041 	35.510563 	44.654228 	6.082763 	12.165525 	76.843994 	81.024689 	24.083189 	57.271286 	29.068884 	66.189125 	54.083271 	55.027267 	33.015148 	75.591003 	73.409805 	38.000000 	51.088158 	58.309521 	55.036350 	61.400326 	65.030762 	
66.189125 	37.107952 	30.413813 	38.275318 	82.152298 	85.982559 	99.859901 	142.667450 	36.221542 	28.319605 	81.633324 	39.824615 	138.235306 	20.000000 	66.030296 	49.010204 	100.124924 	46.872166 	110.675201 	25.632011 	14.866069 	25.079872 	120.950401 	94.403389 	37.013512 	31.016125 	95.425362 	43.185646 	38.948685 	112.200714 	29.068884 	19.416489 	8.944272 	106.042442 	59.396969 	99.247169 	5.000000 	39.408119 	1.000000 	999.000000 	58.412327 	34.669872 	43.829212 	5.099020 	11.180340 	76.026314 	80.212219 	23.086792 	56.364883 	28.071337 	65.299309 	53.141319 	54.083271 	32.015621 	74.706093 	72.498276 	37.000000 	50.089920 	57.314919 	54.037025 	60.406952 	64.031242 	
28.017851 	37.000000 	41.436699 	33.000000 	34.132095 	36.013885 	48.662102 	92.962357 	42.000000 	69.123077 	34.234486 	65.007690 	88.073830 	48.703182 	19.697716 	101.242287 	48.052055 	20.223749 	58.694122 	38.897301 	55.542778 	38.275318 	68.680420 	41.231056 	90.873535 	85.428329 	41.109608 	17.464249 	21.189621 	57.939625 	30.413813 	40.311287 	62.769421 	51.078373 	7.211102 	43.382023 	62.425957 	19.104973 	59.203041 	58.412327 	999.000000 	24.041630 	14.866069 	53.907330 	48.795490 	17.888544 	21.954498 	41.048752 	13.000000 	38.470768 	13.416408 	18.439089 	18.681541 	37.696156 	20.024984 	20.880613 	37.107952 	33.241539 	31.953091 	34.928497 	32.202484 	38.470768 	
40.012497 	26.248810 	26.400757 	23.345236 	52.886673 	55.973209 	69.641945 	113.841995 	30.232433 	50.000000 	52.630791 	50.596443 	109.110039 	29.017237 	36.138622 	80.049988 	69.462219 	20.223749 	80.230919 	20.615528 	34.365681 	19.416489 	90.470993 	63.071388 	68.963760 	63.245552 	63.529522 	13.000000 	10.440307 	80.529495 	10.440307 	18.248287 	39.924931 	73.925636 	26.419689 	66.573265 	38.948685 	5.000000 	35.510563 	34.669872 	24.041630 	999.000000 	9.219544 	30.000000 	24.758837 	41.400482 	45.607018 	18.027756 	22.561028 	17.029387 	31.016125 	21.023796 	22.022715 	18.248287 	40.311287 	38.600517 	20.615528 	26.400757 	30.870699 	30.232433 	33.241539 	38.910152 	
34.525352 	29.154760 	31.400637 	25.495098 	45.541191 	48.270073 	61.684681 	106.042442 	33.837849 	57.314919 	45.398239 	55.901699 	101.242287 	36.345562 	29.068884 	88.323273 	61.351448 	17.204651 	72.111023 	27.018513 	42.449970 	26.076809 	82.280006 	54.781384 	77.491936 	71.867935 	55.036350 	9.899495 	10.770329 	72.013885 	17.262676 	26.570660 	48.754486 	65.299309 	18.027756 	57.801384 	48.020828 	4.472136 	44.654228 	43.829212 	14.866069 	9.219544 	999.000000 	39.204590 	33.970577 	32.202484 	36.400551 	26.419689 	15.033297 	24.351591 	22.561028 	15.652476 	16.552946 	24.331051 	31.622776 	30.413813 	25.019993 	26.076809 	28.319605 	29.206163 	30.000000 	36.235340 	
63.158531 	35.227829 	29.000000 	35.902645 	78.771820 	82.492424 	96.384644 	139.556442 	35.014282 	31.622776 	78.294319 	41.617306 	135.059250 	19.646883 	62.433964 	54.000000 	96.566040 	43.416588 	107.186752 	23.345236 	16.401220 	22.561028 	117.477661 	90.697296 	42.047592 	36.055511 	91.607857 	39.204590 	35.000000 	108.466583 	25.238859 	16.155495 	13.341664 	102.200783 	55.226807 	95.268044 	10.049875 	34.828148 	6.082763 	5.099020 	53.907330 	30.000000 	39.204590 	999.000000 	6.082763 	71.400284 	75.604233 	18.027756 	51.429562 	23.021729 	60.415230 	48.104053 	49.040798 	27.000000 	69.835518 	67.542580 	32.015621 	45.044422 	52.239830 	49.010204 	55.326305 	59.008472 	
60.083275 	34.058773 	28.635643 	34.058773 	75.153175 	78.714676 	92.590500 	136.165344 	34.713108 	36.235340 	74.732857 	44.598206 	131.590271 	21.095022 	58.591808 	60.008331 	92.660675 	39.924931 	103.353760 	22.090721 	20.000000 	21.023796 	113.648582 	86.608315 	48.093658 	42.107006 	87.367043 	34.985710 	30.886890 	104.307236 	21.540659 	14.000000 	19.104973 	97.908119 	50.606323 	90.801979 	16.124516 	29.698484 	12.165525 	11.180340 	48.795490 	24.758837 	33.970577 	6.082763 	999.000000 	66.068146 	70.292244 	12.000000 	45.650848 	17.000000 	54.708317 	42.154476 	43.081318 	21.023796 	64.140472 	61.717098 	26.076809 	39.012817 	46.173584 	43.000000 	49.254440 	53.000000 	
35.341194 	53.600372 	58.694122 	49.648766 	32.202484 	31.764761 	40.792156 	83.054199 	58.549126 	86.683334 	32.802441 	81.498466 	78.057671 	66.483078 	26.000000 	119.037811 	39.458839 	36.345562 	49.040798 	56.648037 	73.409805 	56.080299 	58.077534 	32.557640 	108.747414 	103.315056 	31.144823 	35.114101 	39.000000 	46.270943 	48.301140 	58.180752 	80.622574 	39.204590 	20.099751 	31.144823 	80.156097 	36.619667 	76.843994 	76.026314 	17.888544 	41.400482 	32.202484 	71.400284 	66.068146 	999.000000 	4.242640 	57.314919 	22.825424 	54.037025 	14.560220 	28.635643 	28.231188 	52.430908 	9.848858 	14.560220 	50.606323 	42.720020 	38.327538 	42.755116 	37.054016 	42.047592 	
37.000000 	57.070133 	62.361847 	53.150730 	31.827662 	30.805843 	38.600517 	80.000000 	61.983868 	90.443352 	32.526913 	84.852814 	75.000000 	70.384659 	27.892651 	122.930878 	37.107952 	39.812057 	46.270943 	60.539242 	77.388626 	60.008331 	55.000000 	30.364452 	112.729767 	107.331261 	28.635643 	39.000000 	42.953465 	43.046486 	52.354561 	62.265560 	84.723076 	36.013885 	23.537205 	28.000000 	84.314888 	40.804413 	81.024689 	80.212219 	21.954498 	45.607018 	36.400551 	75.604233 	70.292244 	4.242640 	999.000000 	61.554855 	26.925823 	58.258045 	18.384777 	32.649654 	32.202484 	56.612720 	12.041595 	17.029387 	54.708317 	46.486557 	41.773197 	46.324940 	40.311287 	45.011108 	
57.428215 	36.769554 	33.286633 	35.440090 	70.880180 	74.000000 	87.664131 	131.867355 	38.948685 	47.169907 	70.604530 	53.413483 	127.137718 	29.206163 	54.120235 	72.006943 	87.464279 	37.121422 	98.234413 	26.076809 	30.463093 	24.698177 	108.461975 	81.024689 	60.074955 	54.083271 	81.394104 	30.594116 	27.166155 	98.386993 	20.396078 	18.439089 	31.064449 	91.706055 	44.283180 	84.219948 	28.071337 	22.847319 	24.083189 	23.086792 	41.048752 	18.027756 	26.419689 	18.027756 	12.000000 	57.314919 	61.554855 	999.000000 	35.608986 	5.000000 	44.821869 	31.384710 	32.249031 	9.055386 	54.203320 	51.312767 	14.142136 	27.018513 	34.234486 	31.000000 	37.336308 	41.000000 	
40.816662 	43.680660 	46.389652 	39.849716 	46.690472 	48.166378 	60.074955 	103.947105 	48.507732 	72.173401 	46.872166 	70.859016 	98.994949 	51.156624 	32.695564 	102.610916 	59.211487 	29.154760 	69.584480 	42.000000 	56.885849 	41.012192 	79.246452 	52.239830 	91.482239 	85.726311 	51.623638 	23.409399 	25.495098 	67.911705 	32.062439 	40.792156 	62.297672 	60.876926 	20.124611 	52.886673 	60.926186 	19.026299 	57.271286 	56.364883 	13.000000 	22.561028 	15.033297 	51.429562 	45.650848 	22.825424 	26.925823 	35.608986 	999.000000 	31.827662 	9.219544 	6.082763 	6.000000 	29.832869 	18.601076 	16.155495 	27.784887 	21.023796 	18.973665 	22.203604 	19.235384 	25.553865 	
57.035076 	38.948685 	36.235340 	37.161808 	69.634758 	72.532753 	86.023254 	130.361038 	41.617306 	51.865211 	69.426216 	57.428215 	125.574677 	33.286633 	52.952808 	77.006493 	85.702972 	37.054016 	96.462425 	29.068884 	35.114101 	27.658634 	106.625511 	79.120163 	65.069191 	59.076221 	79.309517 	30.016663 	27.073973 	96.254868 	21.931713 	22.022715 	36.055511 	89.470665 	42.379242 	81.841309 	33.060551 	21.377558 	29.068884 	28.071337 	38.470768 	17.029387 	24.351591 	23.021729 	17.000000 	54.037025 	58.258045 	5.000000 	31.827662 	999.000000 	41.036568 	27.202942 	28.017851 	4.123106 	50.328918 	47.201694 	9.219544 	22.022715 	29.274563 	26.000000 	32.388271 	36.000000 	
40.311287 	49.365982 	53.000000 	45.398239 	42.720020 	43.416588 	54.147945 	97.252251 	54.332310 	79.762146 	43.081318 	77.162170 	92.265923 	58.855755 	31.240999 	110.860275 	53.037724 	33.241539 	63.031738 	49.365982 	65.000000 	48.507732 	72.339478 	46.043457 	99.929977 	94.244362 	45.011108 	29.068884 	32.015621 	60.671246 	39.812057 	49.040798 	70.936592 	53.600372 	20.000000 	45.541191 	69.778221 	26.925823 	66.189125 	65.299309 	13.416408 	31.016125 	22.561028 	60.415230 	54.708317 	14.560220 	18.384777 	44.821869 	9.219544 	41.036568 	999.000000 	14.422205 	13.892444 	38.948685 	9.433981 	8.000000 	36.619667 	28.160255 	24.020824 	28.284271 	23.086792 	28.635643 	
45.617977 	44.777225 	46.572525 	41.146080 	52.469040 	54.083271 	66.121101 	110.027267 	49.396355 	71.007042 	52.611786 	71.063354 	105.076164 	50.039986 	37.947330 	100.448990 	65.276337 	31.890438 	75.663727 	41.436699 	55.145264 	40.311287 	85.328773 	58.309521 	89.050545 	83.198555 	57.706154 	25.238859 	26.400757 	73.979729 	31.257000 	39.051247 	59.665737 	66.940269 	25.298222 	58.940647 	57.870544 	18.681541 	54.083271 	53.141319 	18.439089 	21.023796 	15.652476 	48.104053 	42.154476 	28.635643 	32.649654 	31.384710 	6.082763 	27.202942 	14.422205 	999.000000 	1.000000 	24.758837 	23.345236 	20.000000 	22.203604 	15.000000 	13.892444 	16.492422 	14.866069 	21.260292 	
46.065170 	45.694637 	47.539455 	42.047592 	52.611786 	54.147945 	66.068146 	109.895409 	50.328918 	72.006943 	52.773098 	72.034714 	104.938080 	51.039200 	38.275318 	101.434708 	65.192024 	32.649654 	75.538071 	42.426407 	56.142673 	41.303753 	85.158676 	58.215118 	90.027771 	84.172440 	57.558666 	26.076809 	27.313000 	73.756355 	32.249031 	40.049969 	60.638271 	66.708321 	25.632011 	58.694122 	58.821766 	19.646883 	55.027267 	54.083271 	18.681541 	22.022715 	16.552946 	49.040798 	43.081318 	28.231188 	32.202484 	32.249031 	6.000000 	28.017851 	13.892444 	1.000000 	999.000000 	25.495098 	22.671568 	19.209373 	22.803509 	15.033297 	13.416408 	16.278820 	14.212670 	20.615528 	
58.034473 	41.880783 	39.623226 	39.824615 	69.871307 	72.567207 	85.866173 	130.249756 	44.821869 	55.973209 	69.720871 	61.294373 	125.419296 	37.215588 	53.338543 	81.000000 	85.440041 	38.470768 	96.166519 	32.526913 	39.217342 	31.112698 	106.254410 	78.746429 	69.028976 	63.031738 	78.771820 	31.144823 	28.635643 	95.634720 	24.698177 	25.806976 	40.112343 	88.769363 	42.201897 	81.024689 	37.013512 	22.000000 	33.015148 	32.015621 	37.696156 	18.248287 	24.331051 	27.000000 	21.023796 	52.430908 	56.612720 	9.055386 	29.832869 	4.123106 	38.948685 	24.758837 	25.495098 	999.000000 	48.083260 	44.687805 	5.099020 	18.110771 	25.495098 	22.022715 	28.635643 	32.015621 	
43.266617 	57.008770 	61.204575 	53.009434 	41.880783 	41.593269 	50.447994 	92.005432 	62.008064 	88.459030 	42.438190 	85.000000 	87.005745 	67.683083 	33.837849 	119.920807 	49.030602 	40.199501 	58.309521 	58.051701 	74.040527 	57.271286 	67.007462 	42.201897 	109.110039 	103.464973 	40.607880 	37.121422 	40.447498 	55.009090 	48.764740 	58.189346 	80.230919 	48.000000 	25.000000 	40.012497 	79.158073 	36.055511 	75.591003 	74.706093 	20.024984 	40.311287 	31.622776 	69.835518 	64.140472 	9.848858 	12.041595 	54.203320 	18.601076 	50.328918 	9.433981 	23.345236 	22.671568 	48.083260 	999.000000 	5.000000 	45.453274 	35.777088 	30.364452 	35.114101 	28.635643 	33.060551 	
46.227695 	57.314919 	61.000000 	53.338543 	46.141087 	46.097721 	55.317268 	97.005157 	62.289646 	87.692642 	46.647614 	85.146935 	92.005432 	66.753281 	36.878178 	118.600166 	53.935146 	41.000000 	63.285069 	57.314919 	72.780495 	56.435802 	72.006943 	47.074409 	107.563934 	101.833199 	45.541191 	37.054016 	40.012497 	60.008331 	47.675991 	56.753853 	78.434685 	53.000000 	26.832815 	45.011108 	77.077881 	34.713108 	73.409805 	72.498276 	20.880613 	38.600517 	30.413813 	67.542580 	61.717098 	14.560220 	17.029387 	51.312767 	16.155495 	47.201694 	8.000000 	20.000000 	19.209373 	44.687805 	5.000000 	999.000000 	41.725292 	31.384710 	25.632011 	30.463093 	23.769728 	28.071337 	
59.413803 	45.607018 	43.863426 	43.266617 	70.256676 	72.691124 	85.702972 	130.049988 	48.836460 	61.032780 	70.178345 	66.037865 	125.171883 	42.059483 	54.009258 	86.005814 	85.146935 	40.521599 	95.801880 	36.878178 	44.271889 	35.468296 	105.773346 	78.339005 	74.006760 	68.007355 	78.160095 	32.984844 	31.016125 	94.868332 	28.425341 	30.528675 	45.177429 	87.920418 	42.296574 	80.056229 	42.000000 	23.537205 	38.000000 	37.000000 	37.107952 	20.615528 	25.019993 	32.015621 	26.076809 	50.606323 	54.708317 	14.142136 	27.784887 	9.219544 	36.619667 	22.203604 	22.803509 	5.099020 	45.453274 	41.725292 	999.000000 	13.341664 	20.880613 	17.117243 	24.041630 	27.073973 	
59.464275 	52.630791 	52.478565 	49.578220 	67.364677 	69.065186 	81.098709 	124.903961 	56.612720 	72.780495 	67.475922 	76.059189 	119.941650 	52.810986 	52.392746 	99.020203 	80.224686 	43.266617 	90.553848 	46.065170 	56.089214 	44.721359 	100.129913 	73.246162 	87.091904 	81.098709 	72.560318 	35.805027 	35.383614 	88.645363 	36.359318 	41.109608 	58.008621 	81.584312 	39.812057 	73.545906 	55.081757 	26.907248 	51.088158 	50.089920 	33.241539 	26.400757 	26.076809 	45.044422 	39.012817 	42.720020 	46.486557 	27.018513 	21.023796 	22.022715 	28.160255 	15.000000 	15.033297 	18.110771 	35.777088 	31.384710 	13.341664 	999.000000 	7.615773 	4.123106 	10.770329 	14.035668 	
