Total assets = 780
Number of asset nodes = 40

Distance:
999.000000 	94.641426 	83.761566 	81.835197 	12.649111 	49.678970 	43.278172 	44.821869 	22.135944 	109.123779 	65.604881 	125.602547 	135.473251 	134.714508 	91.263351 	18.788294 	83.862984 	30.149628 	75.133217 	96.519424 	98.473343 	132.245987 	93.493317 	80.062477 	89.693924 	14.317822 	132.943604 	12.083046 	39.319206 	123.239601 	10.770329 	19.104973 	112.614388 	64.195015 	135.059250 	127.475487 	39.051247 	16.401220 	116.211014 	24.083189 	136.473434 	128.222458 	85.428329 	111.251968 	135.793961 	37.054016 	79.849861 	18.973665 	131.137329 	28.792360 	36.496574 	51.039200 	
94.641426 	999.000000 	13.601471 	15.811388 	91.065910 	45.000000 	51.400391 	49.819675 	108.300507 	23.086792 	29.068884 	41.048752 	46.173584 	45.221676 	7.071068 	113.004425 	16.124516 	71.217972 	25.961510 	7.810250 	7.615773 	40.249222 	10.295630 	22.203604 	13.341664 	89.140335 	40.706264 	105.550934 	64.350601 	29.206163 	98.290382 	113.701363 	18.027756 	41.109608 	42.190044 	33.421551 	66.887962 	92.097771 	21.633308 	118.697090 	43.566040 	34.058773 	22.203604 	17.720045 	42.438190 	71.344238 	29.000000 	111.036034 	36.796738 	83.486526 	75.292763 	61.465439 	
83.761566 	13.601471 	999.000000 	2.236068 	81.437096 	34.928497 	41.146080 	39.357338 	99.005051 	36.055511 	18.973665 	54.332310 	59.774578 	58.821766 	7.810250 	102.396286 	3.605551 	58.728188 	12.369317 	12.806249 	14.866069 	53.712196 	9.848858 	9.055386 	7.000000 	77.155685 	54.129475 	94.201912 	51.400391 	42.190044 	86.556343 	102.649887 	29.832869 	27.513634 	55.470715 	46.324940 	53.823788 	79.906197 	33.301651 	107.647575 	56.824291 	46.872166 	11.401754 	27.658634 	55.569775 	58.249462 	16.492422 	99.357941 	49.406479 	70.604530 	62.128899 	47.927029 	
81.835197 	15.811388 	2.236068 	999.000000 	79.705711 	33.241539 	39.395432 	37.576588 	97.308784 	38.118237 	17.464249 	56.435802 	61.983868 	61.032780 	10.000000 	100.498756 	3.162278 	56.586216 	10.198039 	14.866069 	16.970562 	55.946404 	11.661903 	7.280110 	8.246211 	75.073296 	56.364883 	92.200867 	49.203659 	44.418465 	84.504440 	100.687637 	32.015621 	25.298222 	57.706154 	48.548943 	51.613953 	77.794601 	35.468296 	105.683487 	59.059292 	49.091751 	10.630146 	29.732138 	57.801384 	56.035702 	14.866069 	97.308784 	51.613953 	68.410522 	59.908264 	45.694637 	
12.649111 	91.065910 	81.437096 	79.705711 	999.000000 	46.518814 	40.311287 	42.154476 	17.720045 	103.324730 	62.609905 	118.928551 	129.402466 	128.701202 	88.549423 	23.853722 	82.079231 	35.171009 	74.330345 	93.914856 	95.713112 	126.905479 	91.285271 	79.056938 	87.846458 	24.758837 	127.663620 	23.021729 	43.566040 	118.810776 	23.409399 	26.925823 	109.077957 	65.490456 	129.957687 	123.004066 	44.147480 	27.802877 	112.680969 	31.304953 	131.365906 	123.810341 	84.770279 	108.300507 	130.873978 	43.324360 	80.049988 	30.066593 	126.826653 	38.013157 	43.863426 	55.901699 	
49.678970 	45.000000 	34.928497 	33.241539 	46.518814 	999.000000 	6.403124 	5.000000 	64.078079 	60.464867 	16.124516 	77.897369 	86.838928 	86.023254 	42.059483 	68.007355 	35.735138 	30.083218 	29.068884 	47.413078 	49.244289 	82.975899 	44.777225 	33.376640 	41.436699 	45.486263 	83.630135 	60.811184 	27.018513 	73.593475 	54.037025 	68.767723 	63.007935 	25.942244 	85.632935 	77.833153 	30.016663 	48.877399 	66.610809 	73.756355 	87.045967 	78.568443 	39.319206 	61.911228 	86.278618 	34.014702 	36.055511 	66.603302 	81.467789 	43.416588 	38.052597 	32.695564 	
43.278172 	51.400391 	41.146080 	39.395432 	40.311287 	6.403124 	999.000000 	2.000000 	57.939625 	66.610809 	22.472204 	83.862984 	93.005379 	92.200867 	48.373547 	61.611687 	41.785164 	25.179358 	34.525352 	53.712196 	55.569775 	89.274857 	50.990196 	39.051247 	47.539455 	39.446167 	89.938866 	54.451813 	23.769728 	79.981247 	47.801674 	62.369865 	69.404610 	29.120440 	91.967384 	84.219948 	26.683329 	42.941822 	73.006851 	67.357254 	93.380943 	84.958817 	44.911022 	68.264191 	92.633690 	30.265491 	41.048752 	60.307545 	87.863533 	38.470768 	34.132095 	31.622776 	
44.821869 	49.819675 	39.357338 	37.576588 	42.154476 	5.000000 	2.000000 	999.000000 	59.808025 	65.459915 	20.808653 	82.855293 	91.836815 	91.021973 	46.647614 	63.245552 	39.924931 	25.495098 	32.557640 	51.971146 	53.851646 	87.965904 	49.193497 	37.107952 	45.694637 	40.496914 	88.617157 	55.865910 	23.345236 	78.517517 	49.040798 	63.890530 	67.801178 	27.202942 	90.609047 	82.758682 	26.305893 	43.908997 	71.400284 	68.883957 	92.021736 	83.486526 	42.953465 	66.573265 	91.241440 	30.066593 	39.051247 	61.619801 	86.371292 	38.832977 	34.014702 	30.528675 	
22.135944 	108.300507 	99.005051 	97.308784 	17.720045 	64.078079 	57.939625 	59.808025 	999.000000 	119.473846 	80.112419 	134.380051 	145.248062 	144.589066 	106.023582 	15.524175 	99.724625 	51.156624 	92.048897 	111.400177 	113.159180 	143.223602 	108.853111 	96.767761 	105.475113 	36.400551 	144.013885 	24.083189 	60.033325 	135.624481 	30.232433 	21.189621 	126.269554 	83.024094 	146.400131 	139.785553 	60.207973 	38.013157 	129.865311 	23.194826 	147.800537 	140.616501 	102.489021 	125.670204 	147.410995 	58.694122 	97.744568 	29.154760 	143.669754 	50.921509 	58.463665 	72.173401 	
109.123779 	23.086792 	36.055511 	38.118237 	103.324730 	60.464867 	66.610809 	65.459915 	119.473846 	999.000000 	46.518814 	18.439089 	26.400757 	25.612497 	30.149628 	126.574089 	39.000000 	89.470665 	48.259712 	29.120440 	27.513634 	23.853722 	32.756680 	45.011108 	36.345562 	105.948097 	24.698177 	120.739388 	83.773506 	20.000000 	114.402794 	128.144455 	21.400934 	62.968246 	27.294687 	23.194826 	86.539009 	109.293182 	22.825424 	133.056381 	28.653097 	24.186773 	45.276924 	26.172504 	28.635643 	91.000000 	52.038448 	126.822708 	27.294687 	102.415817 	95.078911 	82.710335 	
65.604881 	29.068884 	18.973665 	17.464249 	62.609905 	16.124516 	22.472204 	20.808653 	80.112419 	46.518814 	999.000000 	64.621979 	72.560318 	71.693794 	25.942244 	84.053551 	20.223749 	43.046486 	16.155495 	31.304953 	33.120991 	68.007355 	28.792360 	19.235384 	25.709921 	60.307545 	68.600288 	76.485291 	37.336308 	58.000000 	69.310890 	84.646324 	47.010635 	21.931713 	70.434364 	62.241467 	40.162170 	63.411354 	50.606323 	89.643738 	71.840103 	62.936478 	25.179358 	45.793011 	70.936592 	44.598206 	24.166092 	82.024384 	65.764732 	55.901699 	48.703182 	38.013157 	
125.602547 	41.048752 	54.332310 	56.435802 	118.928551 	77.897369 	83.862984 	82.855293 	134.380051 	18.439089 	64.621979 	999.000000 	12.369317 	12.165525 	48.010414 	142.523682 	57.140179 	107.354553 	66.610809 	46.173584 	44.283180 	16.763054 	50.089920 	63.198101 	54.009258 	123.308556 	17.720045 	137.411789 	101.950966 	24.083189 	131.468628 	144.461075 	33.615471 	81.394104 	20.615528 	24.207438 	104.752090 	126.763557 	33.120991 	149.305054 	21.377558 	25.000000 	63.007935 	39.000000 	22.803509 	109.201645 	70.028564 	143.694122 	26.925823 	120.420097 	113.296074 	101.138519 	
135.473251 	46.173584 	59.774578 	61.983868 	129.402466 	86.838928 	93.005379 	91.836815 	145.248062 	26.400757 	72.560318 	12.369317 	999.000000 	1.000000 	52.630791 	152.793976 	62.096699 	115.602768 	72.124893 	49.648766 	47.518417 	8.944272 	53.758720 	68.154236 	58.051701 	132.310242 	9.433981 	147.122391 	109.567329 	21.377558 	140.801285 	154.466827 	34.014702 	87.281158 	11.313708 	19.313208 	112.258629 	135.624481 	32.249031 	159.364365 	11.401754 	19.697716 	66.910385 	39.115215 	13.453624 	116.730461 	74.330345 	153.222061 	20.248457 	128.413391 	120.768372 	107.563934 	
134.714508 	45.221676 	58.821766 	61.032780 	128.701202 	86.023254 	92.200867 	91.021973 	144.589066 	25.612497 	71.693794 	12.165525 	1.000000 	999.000000 	51.662365 	152.069061 	61.131008 	114.738831 	71.168816 	48.662102 	46.529560 	8.062258 	52.773098 	67.186310 	57.070133 	131.487640 	8.602325 	146.348892 	108.673820 	20.396078 	140.000000 	153.717270 	33.015148 	86.330757 	10.630146 	18.384777 	111.359779 	134.792435 	31.257000 	158.619034 	10.816654 	18.788294 	65.924202 	38.118237 	12.806249 	115.831772 	73.348480 	152.433594 	19.416489 	127.534309 	119.866592 	106.625511 	
91.263351 	7.071068 	7.810250 	10.000000 	88.549423 	42.059483 	48.373547 	46.647614 	106.023582 	30.149628 	25.942244 	48.010414 	52.630791 	51.662365 	999.000000 	109.836243 	9.486833 	66.528191 	19.697716 	5.385165 	7.211102 	46.238514 	4.472136 	15.524175 	6.324555 	84.899940 	46.615448 	101.828285 	59.203041 	34.481880 	94.260277 	110.208893 	22.022715 	34.928497 	47.853943 	38.587563 	61.611687 	87.681244 	25.495098 	115.208504 	49.193497 	39.115215 	15.132746 	20.000000 	47.885281 	66.030296 	22.022715 	107.056061 	41.617306 	78.409180 	69.892776 	55.461697 	
18.788294 	113.004425 	102.396286 	100.498756 	23.853722 	68.007355 	61.611687 	63.245552 	15.524175 	126.574089 	84.053551 	142.523682 	152.793976 	152.069061 	109.836243 	999.000000 	102.576797 	48.270073 	93.914856 	115.121674 	117.046997 	149.966660 	112.160599 	98.838249 	108.406639 	30.066593 	150.695053 	12.369317 	57.489128 	141.354172 	21.095022 	5.830952 	131.015259 	82.873398 	152.898666 	145.578156 	56.885849 	30.066593 	134.617981 	8.062258 	154.311371 	146.348892 	104.216118 	129.799850 	153.717270 	54.332310 	98.615417 	14.866069 	149.305054 	44.045429 	53.037724 	68.731361 	
83.862984 	16.124516 	3.605551 	3.162278 	82.079231 	35.735138 	41.785164 	39.924931 	99.724625 	39.000000 	20.223749 	57.140179 	62.096699 	61.131008 	9.486833 	102.576797 	999.000000 	58.000000 	10.295630 	13.601471 	15.811388 	55.713554 	9.899495 	6.082763 	5.830952 	76.694199 	56.080299 	94.047859 	50.328918 	43.829212 	86.214851 	102.625534 	31.064449 	25.495098 	57.271286 	47.885281 	52.630791 	79.309517 	34.409302 	107.615051 	58.600342 	48.373547 	7.810250 	28.319605 	57.245087 	57.008770 	13.152946 	99.020203 	50.774010 	69.526970 	60.802959 	46.065170 	
30.149628 	71.217972 	58.728188 	56.586216 	35.171009 	30.083218 	25.179358 	25.495098 	51.156624 	89.470665 	43.046486 	107.354553 	115.602768 	114.738831 	66.528191 	48.270073 	58.000000 	999.000000 	48.270073 	71.421288 	73.552704 	110.941429 	67.896980 	53.263496 	63.702435 	19.235384 	111.503365 	37.696156 	9.219544 	100.424103 	29.068884 	46.818798 	88.526833 	35.355339 	113.225441 	104.637466 	9.055386 	21.400934 	92.021736 	51.623638 	114.621117 	105.261581 	58.008621 	86.267029 	113.600174 	8.602325 	51.623638 	41.677334 	107.935165 	13.341664 	10.816654 	21.023796 	
75.133217 	25.961510 	12.369317 	10.198039 	74.330345 	29.068884 	34.525352 	32.557640 	92.048897 	48.259712 	16.155495 	66.610809 	72.124893 	71.168816 	19.697716 	93.914856 	10.295630 	48.270073 	999.000000 	23.853722 	26.076809 	65.924202 	20.000000 	5.000000 	15.620500 	67.201187 	66.309875 	84.905830 	40.311287 	54.120235 	76.843994 	93.648277 	41.340054 	15.231546 	67.542580 	58.180752 	42.520584 	69.656296 	44.654228 	98.615417 	68.876701 	58.668560 	10.440307 	38.418747 	67.535179 	46.861500 	8.062258 	89.627007 	61.057350 	59.464275 	50.606323 	35.777088 	
96.519424 	7.810250 	12.806249 	14.866069 	93.914856 	47.413078 	53.712196 	51.971146 	111.400177 	29.120440 	31.304953 	46.173584 	49.648766 	48.662102 	5.385165 	115.121674 	13.601471 	71.421288 	23.853722 	999.000000 	2.236068 	42.720020 	4.123106 	19.235384 	8.544003 	89.938866 	43.011627 	107.004669 	63.890530 	30.463093 	99.357941 	115.433968 	17.492855 	38.948685 	44.011364 	34.438351 	66.219330 	92.655273 	20.808653 	120.432556 	45.310043 	34.885529 	17.262676 	14.866069 	43.863426 	70.604530 	24.738634 	112.160599 	37.215588 	83.096329 	74.404305 	59.539902 	
98.473343 	7.615773 	14.866069 	16.970562 	95.713112 	49.244289 	55.569775 	53.851646 	113.159180 	27.513634 	33.120991 	44.283180 	47.518417 	46.529560 	7.211102 	117.046997 	15.811388 	73.552704 	26.076809 	2.236068 	999.000000 	40.521599 	6.324555 	21.470911 	10.770329 	92.021736 	40.804413 	109.018349 	66.068146 	28.231188 	101.414986 	117.413795 	15.264338 	41.182522 	41.785164 	32.202484 	68.410522 	94.762863 	18.601076 	122.413231 	43.081318 	32.649654 	19.416489 	12.806249 	41.629318 	72.801102 	26.925823 	114.214706 	34.985710 	85.276024 	76.609398 	61.773781 	
132.245987 	40.249222 	53.712196 	55.946404 	126.905479 	82.975899 	89.274857 	87.965904 	143.223602 	23.853722 	68.007355 	16.763054 	8.944272 	8.062258 	46.238514 	149.966660 	55.713554 	110.941429 	65.924202 	42.720020 	40.521599 	999.000000 	46.840153 	61.684681 	51.244511 	128.226364 	1.000000 	143.683685 	104.446159 	13.000000 	137.000000 	151.327454 	26.172504 	81.154175 	4.000000 	10.440307 	107.042046 	131.400146 	24.000000 	156.272202 	5.099020 	10.770329 	59.908264 	31.016125 	6.082763 	111.507851 	67.446274 	149.576065 	11.401754 	123.490891 	115.485931 	101.636604 	
93.493317 	10.295630 	9.848858 	11.661903 	91.285271 	44.777225 	50.990196 	49.193497 	108.853111 	32.756680 	28.792360 	50.089920 	53.758720 	52.773098 	4.472136 	112.160599 	9.899495 	67.896980 	20.000000 	4.123106 	6.324555 	46.840153 	999.000000 	15.264338 	4.472136 	86.556343 	47.127487 	103.812332 	60.207973 	34.539833 	96.046867 	112.329872 	21.470911 	34.985710 	48.104053 	38.483765 	62.481998 	89.196411 	24.698177 	117.324333 	49.396355 	38.910152 	13.152946 	18.439089 	47.927029 	66.843102 	20.615528 	108.853111 	41.182522 	79.397736 	70.604530 	55.569775 	
80.062477 	22.203604 	9.055386 	7.280110 	79.056938 	33.376640 	39.051247 	37.107952 	96.767761 	45.011108 	19.235384 	63.198101 	68.154236 	67.186310 	15.524175 	98.838249 	6.082763 	53.263496 	5.000000 	19.235384 	21.470911 	61.684681 	15.264338 	999.000000 	10.816654 	72.201111 	62.032249 	89.888817 	45.254833 	49.658836 	81.841309 	98.615417 	36.715118 	19.723083 	63.158531 	53.665630 	47.423622 	74.652527 	39.962482 	103.585716 	64.474800 	54.120235 	6.000000 	33.600594 	63.071388 	51.739735 	7.615773 	94.625580 	56.435802 	64.381676 	55.443665 	40.311287 	
89.693924 	13.341664 	7.000000 	8.246211 	87.846458 	41.436699 	47.539455 	45.694637 	105.475113 	36.345562 	25.709921 	54.009258 	58.051701 	57.070133 	6.324555 	108.406639 	5.830952 	63.702435 	15.620500 	8.544003 	10.770329 	51.244511 	4.472136 	10.816654 	999.000000 	82.462112 	51.546097 	99.864906 	55.901699 	39.000000 	92.005432 	108.452751 	25.942244 	30.528675 	52.554733 	42.953465 	58.137768 	85.041168 	29.154760 	113.441612 	53.851646 	43.382023 	9.000000 	22.803509 	52.392746 	62.481998 	16.278820 	104.809349 	45.650848 	75.073296 	66.219330 	51.107731 	
14.317822 	89.140335 	77.155685 	75.073296 	24.758837 	45.486263 	39.446167 	40.496914 	36.400551 	105.948097 	60.307545 	123.308556 	132.310242 	131.487640 	84.899940 	30.066593 	76.694199 	19.235384 	67.201187 	89.938866 	92.021736 	128.226364 	86.556343 	72.201111 	82.462112 	999.000000 	128.844864 	18.681541 	28.231188 	118.258194 	9.848858 	27.892651 	106.775467 	54.589375 	130.728729 	122.494896 	27.202942 	4.000000 	110.317726 	32.572994 	132.136292 	123.166557 	77.103828 	104.804581 	131.244049 	24.331051 	70.830788 	22.472204 	125.936493 	14.560220 	23.000000 	38.832977 	
132.943604 	40.706264 	54.129475 	56.364883 	127.663620 	83.630135 	89.938866 	88.617157 	144.013885 	24.698177 	68.600288 	17.720045 	9.433981 	8.602325 	46.615448 	150.695053 	56.080299 	111.503365 	66.309875 	43.011627 	40.804413 	1.000000 	47.127487 	62.032249 	51.546097 	128.844864 	999.000000 	144.360657 	104.957130 	13.038404 	137.644470 	152.029602 	26.305893 	81.541397 	3.000000 	10.198039 	107.540688 	132.003784 	24.020824 	156.977707 	4.123106 	10.440307 	60.166435 	31.064449 	5.099020 	112.004463 	67.720009 	150.233154 	10.816654 	124.020157 	115.974136 	102.044106 	
12.083046 	105.550934 	94.201912 	92.200867 	23.021729 	60.811184 	54.451813 	55.865910 	24.083189 	120.739388 	76.485291 	137.411789 	147.122391 	146.348892 	101.828285 	12.369317 	94.047859 	37.696156 	84.905830 	107.004669 	109.018349 	143.683685 	103.812332 	89.888817 	99.864906 	18.681541 	144.360657 	999.000000 	46.818798 	134.380051 	9.055386 	9.219544 	123.434196 	72.917763 	146.413803 	138.621780 	45.880280 	18.027756 	127.015747 	13.928389 	147.827606 	139.344894 	95.015785 	121.823647 	147.085007 	42.953465 	89.005615 	7.071068 	142.214630 	32.015621 	41.303753 	57.489128 	
39.319206 	64.350601 	51.400391 	49.203659 	43.566040 	27.018513 	23.769728 	23.345236 	60.033325 	83.773506 	37.336308 	101.950966 	109.567329 	108.673820 	59.203041 	57.489128 	50.328918 	9.219544 	40.311287 	63.890530 	66.068146 	104.446159 	60.207973 	45.254833 	55.901699 	28.231188 	104.957130 	46.818798 	999.000000 	93.477272 	38.078865 	55.973209 	81.215759 	26.627054 	106.531685 	97.652443 	3.000000 	30.016663 	84.646324 	60.745369 	107.912003 	98.229324 	49.678970 	78.644768 	106.780151 	7.280110 	43.011627 	50.537113 	100.801788 	19.209373 	11.401754 	12.369317 	
123.239601 	29.206163 	42.190044 	44.418465 	118.810776 	73.593475 	79.981247 	78.517517 	135.624481 	20.000000 	58.000000 	24.083189 	21.377558 	20.396078 	34.481880 	141.354172 	43.829212 	100.424103 	54.120235 	30.463093 	28.231188 	13.000000 	34.539833 	49.658836 	39.000000 	118.258194 	13.038404 	134.380051 	93.477272 	999.000000 	127.310646 	142.341141 	13.341664 	69.318108 	13.601471 	4.242640 	95.963531 	121.264175 	11.000000 	147.322769 	14.866069 	5.000000 	47.434166 	18.027756 	13.416408 	100.404182 	55.027267 	140.014282 	8.062258 	112.645462 	104.307236 	89.894379 	
10.770329 	98.290382 	86.556343 	84.504440 	23.409399 	54.037025 	47.801674 	49.040798 	30.232433 	114.402794 	69.310890 	131.468628 	140.801285 	140.000000 	94.260277 	21.095022 	86.214851 	29.068884 	76.843994 	99.357941 	101.414986 	137.000000 	96.046867 	81.841309 	92.005432 	9.848858 	137.644470 	9.055386 	38.078865 	127.310646 	999.000000 	18.248287 	116.043098 	64.412735 	139.603012 	131.552277 	37.000000 	9.000000 	119.603508 	22.803509 	141.014191 	132.245987 	86.821655 	114.214706 	140.185593 	33.955853 	80.622574 	12.806249 	135.059250 	23.000000 	32.249031 	48.507732 	
19.104973 	113.701363 	102.649887 	100.687637 	26.925823 	68.767723 	62.369865 	63.890530 	21.189621 	128.144455 	84.646324 	144.461075 	154.466827 	153.717270 	110.208893 	5.830952 	102.625534 	46.818798 	93.648277 	115.433968 	117.413795 	151.327454 	112.329872 	98.615417 	108.452751 	27.892651 	152.029602 	9.219544 	55.973209 	142.341141 	18.248287 	999.000000 	131.654846 	81.939003 	154.155762 	146.577621 	55.081757 	27.166155 	135.247925 	5.000000 	155.569916 	147.322769 	103.831596 	130.207520 	154.896744 	52.172791 	97.943863 	9.433981 	150.233154 	41.109608 	50.487621 	66.708321 	
112.614388 	18.027756 	29.832869 	32.015621 	109.077957 	63.007935 	69.404610 	67.801178 	126.269554 	21.400934 	47.010635 	33.615471 	34.014702 	33.015148 	22.022715 	131.015259 	31.064449 	88.526833 	41.340054 	17.492855 	15.264338 	26.172504 	21.470911 	36.715118 	25.942244 	106.775467 	26.305893 	123.434196 	81.215759 	13.341664 	116.043098 	131.654846 	999.000000 	56.435802 	26.925823 	17.088007 	83.600243 	109.622078 	3.605551 	136.652847 	28.160255 	17.464249 	34.176014 	5.385165 	26.570660 	88.005684 	41.785164 	128.817703 	19.723083 	100.424103 	91.836815 	77.025970 	
64.195015 	41.109608 	27.513634 	25.298222 	65.490456 	25.942244 	29.120440 	27.202942 	83.024094 	62.968246 	21.931713 	81.394104 	87.281158 	86.330757 	34.928497 	82.873398 	25.495098 	35.355339 	15.231546 	38.948685 	41.182522 	81.154175 	34.985710 	19.723083 	30.528675 	54.589375 	81.541397 	72.917763 	26.627054 	69.318108 	64.412735 	81.939003 	56.435802 	999.000000 	82.764725 	73.355301 	28.425341 	56.603886 	59.682495 	86.815895 	84.095184 	73.824112 	23.345236 	53.254108 	82.734512 	32.557640 	16.401220 	77.025970 	76.157730 	45.343136 	36.069378 	20.591261 	
135.059250 	42.190044 	55.470715 	57.706154 	129.957687 	85.632935 	91.967384 	90.609047 	146.400131 	27.294687 	70.434364 	20.615528 	11.313708 	10.630146 	47.853943 	152.898666 	57.271286 	113.225441 	67.542580 	44.011364 	41.785164 	4.000000 	48.104053 	63.158531 	52.554733 	130.728729 	3.000000 	146.413803 	106.531685 	13.601471 	139.603012 	154.155762 	26.925823 	82.764725 	999.000000 	10.049875 	109.077957 	133.843185 	24.331051 	159.113174 	1.414214 	10.000000 	61.032780 	31.400637 	2.236068 	113.534134 	68.622154 	152.226807 	9.486833 	125.642349 	117.477661 	103.315056 	
127.475487 	33.421551 	46.324940 	48.548943 	123.004066 	77.833153 	84.219948 	82.758682 	139.785553 	23.194826 	62.241467 	24.207438 	19.313208 	18.384777 	38.587563 	145.578156 	47.885281 	104.637466 	58.180752 	34.438351 	32.202484 	10.440307 	38.483765 	53.665630 	42.953465 	122.494896 	10.198039 	138.621780 	97.652443 	4.242640 	131.552277 	146.577621 	17.088007 	73.355301 	10.049875 	999.000000 	100.124924 	125.495018 	14.317822 	151.558563 	11.180340 	1.000000 	51.264023 	21.377558 	9.486833 	104.560989 	58.872746 	144.256714 	4.123106 	116.828934 	108.452751 	93.941475 	
39.051247 	66.887962 	53.823788 	51.613953 	44.147480 	30.016663 	26.683329 	26.305893 	60.207973 	86.539009 	40.162170 	104.752090 	112.258629 	111.359779 	61.611687 	56.885849 	52.630791 	9.055386 	42.520584 	66.219330 	68.410522 	107.042046 	62.481998 	47.423622 	58.137768 	27.202942 	107.540688 	45.880280 	3.000000 	95.963531 	37.000000 	55.081757 	83.600243 	28.425341 	109.077957 	100.124924 	999.000000 	28.635643 	87.005745 	59.774578 	110.453613 	100.687637 	51.662365 	80.919716 	109.293182 	4.472136 	44.821869 	49.244289 	103.227905 	16.970562 	8.544003 	12.000000 	
16.401220 	92.097771 	79.906197 	77.794601 	27.802877 	48.877399 	42.941822 	43.908997 	38.013157 	109.293182 	63.411354 	126.763557 	135.624481 	134.792435 	87.681244 	30.066593 	79.309517 	21.400934 	69.656296 	92.655273 	94.762863 	131.400146 	89.196411 	74.652527 	85.041168 	4.000000 	132.003784 	18.027756 	30.016663 	121.264175 	9.000000 	27.166155 	109.622078 	56.603886 	133.843185 	125.495018 	28.635643 	999.000000 	113.145920 	31.575306 	135.247925 	126.150703 	79.404030 	107.517441 	134.316788 	25.298222 	72.945183 	20.615528 	128.887543 	14.000000 	23.345236 	39.849716 	
116.211014 	21.633308 	33.301651 	35.468296 	112.680969 	66.610809 	73.006851 	71.400284 	129.865311 	22.825424 	50.606323 	33.120991 	32.249031 	31.257000 	25.495098 	134.617981 	34.409302 	92.021736 	44.654228 	20.808653 	18.601076 	24.000000 	24.698177 	39.962482 	29.154760 	110.317726 	24.020824 	127.015747 	84.646324 	11.000000 	119.603508 	135.247925 	3.605551 	59.682495 	24.331051 	14.317822 	87.005745 	113.145920 	999.000000 	140.246216 	25.495098 	14.560220 	37.161808 	7.071068 	23.769728 	91.400215 	44.777225 	132.382019 	16.552946 	103.855667 	95.210297 	80.262070 	
24.083189 	118.697090 	107.647575 	105.683487 	31.304953 	73.756355 	67.357254 	68.883957 	23.194826 	133.056381 	89.643738 	149.305054 	159.364365 	158.619034 	115.208504 	8.062258 	107.615051 	51.623638 	98.615417 	120.432556 	122.413231 	156.272202 	117.324333 	103.585716 	113.441612 	32.572994 	156.977707 	13.928389 	60.745369 	147.322769 	22.803509 	5.000000 	136.652847 	86.815895 	159.113174 	151.558563 	59.774578 	31.575306 	140.246216 	999.000000 	160.527252 	152.305618 	108.784187 	135.207245 	159.862442 	56.753853 	102.859123 	12.165525 	155.219193 	45.398239 	54.918121 	71.309189 	
136.473434 	43.566040 	56.824291 	59.059292 	131.365906 	87.045967 	93.380943 	92.021736 	147.800537 	28.653097 	71.840103 	21.377558 	11.401754 	10.816654 	49.193497 	154.311371 	58.600342 	114.621117 	68.876701 	45.310043 	43.081318 	5.099020 	49.396355 	64.474800 	53.851646 	132.136292 	4.123106 	147.827606 	107.912003 	14.866069 	141.014191 	155.569916 	28.160255 	84.095184 	1.414214 	11.180340 	110.453613 	135.247925 	25.495098 	160.527252 	999.000000 	11.045361 	62.297672 	32.557640 	2.236068 	114.908661 	69.892776 	153.639191 	10.198039 	127.027557 	118.848640 	104.651802 	
128.222458 	34.058773 	46.872166 	49.091751 	123.810341 	78.568443 	84.958817 	83.486526 	140.616501 	24.186773 	62.936478 	25.000000 	19.697716 	18.788294 	39.115215 	146.348892 	48.373547 	105.261581 	58.668560 	34.885529 	32.649654 	10.770329 	38.910152 	54.120235 	43.382023 	123.166557 	10.440307 	139.344894 	98.229324 	5.000000 	132.245987 	147.322769 	17.464249 	73.824112 	10.000000 	1.000000 	100.687637 	126.150703 	14.560220 	152.305618 	11.045361 	999.000000 	51.623638 	21.587032 	9.219544 	105.118980 	59.236813 	144.958618 	3.162278 	117.413795 	109.000000 	94.413979 	
85.428329 	22.203604 	11.401754 	10.630146 	84.770279 	39.319206 	44.911022 	42.953465 	102.489021 	45.276924 	25.179358 	63.007935 	66.910385 	65.924202 	15.132746 	104.216118 	7.810250 	58.008621 	10.440307 	17.262676 	19.416489 	59.908264 	13.152946 	6.000000 	9.000000 	77.103828 	60.166435 	95.015785 	49.678970 	47.434166 	86.821655 	103.831596 	34.176014 	23.345236 	61.032780 	51.264023 	51.662365 	79.404030 	37.161808 	108.784187 	62.297672 	51.623638 	999.000000 	30.413813 	60.745369 	55.865910 	7.615773 	99.569069 	53.712196 	68.622154 	59.413803 	43.600460 	
111.251968 	17.720045 	27.658634 	29.732138 	108.300507 	61.911228 	68.264191 	66.573265 	125.670204 	26.172504 	45.793011 	39.000000 	39.115215 	38.118237 	20.000000 	129.799850 	28.319605 	86.267029 	38.418747 	14.866069 	12.806249 	31.016125 	18.439089 	33.600594 	22.803509 	104.804581 	31.064449 	121.823647 	78.644768 	18.027756 	114.214706 	130.207520 	5.385165 	53.254108 	31.400637 	21.377558 	80.919716 	107.517441 	7.071068 	135.207245 	32.557640 	21.587032 	30.413813 	999.000000 	30.805843 	85.276024 	38.013157 	127.015747 	23.409399 	97.836601 	89.022469 	73.783470 	
135.793961 	42.438190 	55.569775 	57.801384 	130.873978 	86.278618 	92.633690 	91.241440 	147.410995 	28.635643 	70.936592 	22.803509 	13.453624 	12.806249 	47.885281 	153.717270 	57.245087 	113.600174 	67.535179 	43.863426 	41.629318 	6.082763 	47.927029 	63.071388 	52.392746 	131.244049 	5.099020 	147.085007 	106.780151 	13.416408 	140.185593 	154.896744 	26.570660 	82.734512 	2.236068 	9.486833 	109.293182 	134.316788 	23.769728 	159.862442 	2.236068 	9.219544 	60.745369 	30.805843 	999.000000 	113.740936 	68.352028 	152.839783 	8.062258 	125.924583 	117.660530 	103.310211 	
37.054016 	71.344238 	58.249462 	56.035702 	43.324360 	34.014702 	30.265491 	30.066593 	58.694122 	91.000000 	44.598206 	109.201645 	116.730461 	115.831772 	66.030296 	54.332310 	57.008770 	8.602325 	46.861500 	70.604530 	72.801102 	111.507851 	66.843102 	51.739735 	62.481998 	24.331051 	112.004463 	42.953465 	7.280110 	100.404182 	33.955853 	52.172791 	88.005684 	32.557640 	113.534134 	104.560989 	4.472136 	25.298222 	91.400215 	56.753853 	114.908661 	105.118980 	55.865910 	85.276024 	113.740936 	999.000000 	48.918301 	45.880280 	107.647575 	12.806249 	4.123106 	14.560220 	
79.849861 	29.000000 	16.492422 	14.866069 	80.049988 	36.055511 	41.048752 	39.051247 	97.744568 	52.038448 	24.166092 	70.028564 	74.330345 	73.348480 	22.022715 	98.615417 	13.152946 	51.623638 	8.062258 	24.738634 	26.925823 	67.446274 	20.615528 	7.615773 	16.278820 	70.830788 	67.720009 	89.005615 	43.011627 	55.027267 	80.622574 	97.943863 	41.785164 	16.401220 	68.622154 	58.872746 	44.821869 	72.945183 	44.777225 	102.859123 	69.892776 	59.236813 	7.615773 	38.013157 	68.352028 	48.918301 	999.000000 	93.295227 	61.326992 	61.717098 	52.345009 	36.235340 	
18.973665 	111.036034 	99.357941 	97.308784 	30.066593 	66.603302 	60.307545 	61.619801 	29.154760 	126.822708 	82.024384 	143.694122 	153.222061 	152.433594 	107.056061 	14.866069 	99.020203 	41.677334 	89.627007 	112.160599 	114.214706 	149.576065 	108.853111 	94.625580 	104.809349 	22.472204 	150.233154 	7.071068 	50.537113 	140.014282 	12.806249 	9.433981 	128.817703 	77.025970 	152.226807 	144.256714 	49.244289 	20.615528 	132.382019 	12.165525 	153.639191 	144.958618 	99.569069 	127.015747 	152.839783 	45.880280 	93.295227 	999.000000 	147.787003 	33.955853 	43.680660 	60.406952 	
131.137329 	36.796738 	49.406479 	51.613953 	126.826653 	81.467789 	87.863533 	86.371292 	143.669754 	27.294687 	65.764732 	26.925823 	20.248457 	19.416489 	41.617306 	149.305054 	50.774010 	107.935165 	61.057350 	37.215588 	34.985710 	11.401754 	41.182522 	56.435802 	45.650848 	125.936493 	10.816654 	142.214630 	100.801788 	8.062258 	135.059250 	150.233154 	19.723083 	76.157730 	9.486833 	4.123106 	103.227905 	128.887543 	16.552946 	155.219193 	10.198039 	3.162278 	53.712196 	23.409399 	8.062258 	107.647575 	61.326992 	147.787003 	999.000000 	120.000000 	111.503365 	96.747093 	
28.792360 	83.486526 	70.604530 	68.410522 	38.013157 	43.416588 	38.470768 	38.832977 	50.921509 	102.415817 	55.901699 	120.420097 	128.413391 	127.534309 	78.409180 	44.045429 	69.526970 	13.341664 	59.464275 	83.096329 	85.276024 	123.490891 	79.397736 	64.381676 	75.073296 	14.560220 	124.020157 	32.015621 	19.209373 	112.645462 	23.000000 	41.109608 	100.424103 	45.343136 	125.642349 	116.828934 	16.970562 	14.000000 	103.855667 	45.398239 	127.027557 	117.413795 	68.622154 	97.836601 	125.924583 	12.806249 	61.717098 	33.955853 	120.000000 	999.000000 	9.848858 	26.832815 	
36.496574 	75.292763 	62.128899 	59.908264 	43.863426 	38.052597 	34.132095 	34.014702 	58.463665 	95.078911 	48.703182 	113.296074 	120.768372 	119.866592 	69.892776 	53.037724 	60.802959 	10.816654 	50.606323 	74.404305 	76.609398 	115.485931 	70.604530 	55.443665 	66.219330 	23.000000 	115.974136 	41.303753 	11.401754 	104.307236 	32.249031 	50.487621 	91.836815 	36.069378 	117.477661 	108.452751 	8.544003 	23.345236 	95.210297 	54.918121 	118.848640 	109.000000 	59.413803 	89.022469 	117.660530 	4.123106 	52.345009 	43.680660 	111.503365 	9.848858 	999.000000 	17.000000 	
51.039200 	61.465439 	47.927029 	45.694637 	55.901699 	32.695564 	31.622776 	30.528675 	72.173401 	82.710335 	38.013157 	101.138519 	107.563934 	106.625511 	55.461697 	68.731361 	46.065170 	21.023796 	35.777088 	59.539902 	61.773781 	101.636604 	55.569775 	40.311287 	51.107731 	38.832977 	102.044106 	57.489128 	12.369317 	89.894379 	48.507732 	66.708321 	77.025970 	20.591261 	103.315056 	93.941475 	12.000000 	39.849716 	80.262070 	71.309189 	104.651802 	94.413979 	43.600460 	73.783470 	103.310211 	14.560220 	36.235340 	60.406952 	96.747093 	26.832815 	17.000000 	999.000000 	

Travel time:
9.000000 	2.366036 	2.094039 	2.045880 	0.316228 	1.241974 	1.081954 	1.120547 	0.553399 	2.728095 	1.640122 	3.140064 	3.386831 	3.367863 	2.281584 	0.469707 	2.096575 	0.753741 	1.878330 	2.412986 	2.461833 	3.306150 	2.337333 	2.001562 	2.242348 	0.357946 	3.323590 	0.302076 	0.982980 	3.080990 	0.269258 	0.477624 	2.815360 	1.604875 	3.376481 	3.186887 	0.976281 	0.410031 	2.905275 	0.602080 	3.411836 	3.205561 	2.135708 	2.781299 	3.394849 	0.926350 	1.996247 	0.474342 	3.278433 	0.719809 	0.912414 	1.275980 	
2.366036 	9.000000 	0.340037 	0.395285 	2.276648 	1.125000 	1.285010 	1.245492 	2.707513 	0.577170 	0.726722 	1.026219 	1.154340 	1.130542 	0.176777 	2.825111 	0.403113 	1.780449 	0.649038 	0.195256 	0.190394 	1.006231 	0.257391 	0.555090 	0.333542 	2.228508 	1.017657 	2.638773 	1.608765 	0.730154 	2.457260 	2.842534 	0.450694 	1.027740 	1.054751 	0.835539 	1.672199 	2.302444 	0.540833 	2.967427 	1.089151 	0.851469 	0.555090 	0.443001 	1.060955 	1.783606 	0.725000 	2.775901 	0.919918 	2.087163 	1.882319 	1.536636 	
2.094039 	0.340037 	9.000000 	0.055902 	2.035927 	0.873212 	1.028652 	0.983933 	2.475126 	0.901388 	0.474342 	1.358308 	1.494365 	1.470544 	0.195256 	2.559907 	0.090139 	1.468205 	0.309233 	0.320156 	0.371652 	1.342805 	0.246221 	0.226385 	0.175000 	1.928892 	1.353237 	2.355048 	1.285010 	1.054751 	2.163908 	2.566247 	0.745822 	0.687841 	1.386768 	1.158123 	1.345595 	1.997655 	0.832541 	2.691189 	1.420607 	1.171804 	0.285044 	0.691466 	1.389244 	1.456237 	0.412311 	2.483948 	1.235162 	1.765113 	1.553222 	1.198176 	
2.045880 	0.395285 	0.055902 	9.000000 	1.992643 	0.831038 	0.984886 	0.939415 	2.432720 	0.952956 	0.436606 	1.410895 	1.549597 	1.525820 	0.250000 	2.512469 	0.079057 	1.414655 	0.254951 	0.371652 	0.424264 	1.398660 	0.291548 	0.182003 	0.206155 	1.876832 	1.409122 	2.305022 	1.230091 	1.110462 	2.112611 	2.517191 	0.800391 	0.632456 	1.442654 	1.213724 	1.290349 	1.944865 	0.886707 	2.642087 	1.476482 	1.227294 	0.265754 	0.743303 	1.445035 	1.400892 	0.371652 	2.432720 	1.290349 	1.710263 	1.497707 	1.142366 	
0.316228 	2.276648 	2.035927 	1.992643 	9.000000 	1.162970 	1.007782 	1.053862 	0.443001 	2.583118 	1.565248 	2.973214 	3.235062 	3.217530 	2.213736 	0.596343 	2.051981 	0.879275 	1.858259 	2.347871 	2.392828 	3.172637 	2.282132 	1.976424 	2.196162 	0.618971 	3.191591 	0.575543 	1.089151 	2.970269 	0.585235 	0.673146 	2.726949 	1.637261 	3.248942 	3.075102 	1.103687 	0.695072 	2.817024 	0.782624 	3.284148 	3.095258 	2.119257 	2.707513 	3.271849 	1.083109 	2.001250 	0.751665 	3.170666 	0.950329 	1.096586 	1.397542 	
1.241974 	1.125000 	0.873212 	0.831038 	1.162970 	9.000000 	0.160078 	0.125000 	1.601952 	1.511622 	0.403113 	1.947434 	2.170973 	2.150581 	1.051487 	1.700184 	0.893378 	0.752080 	0.726722 	1.185327 	1.231107 	2.074398 	1.119431 	0.834416 	1.035918 	1.137157 	2.090753 	1.520280 	0.675463 	1.839837 	1.350926 	1.719193 	1.575198 	0.648556 	2.140823 	1.945829 	0.750417 	1.221935 	1.665270 	1.843909 	2.176149 	1.964211 	0.982980 	1.547781 	2.156965 	0.850368 	0.901388 	1.665083 	2.036695 	1.085415 	0.951315 	0.817389 	
1.081954 	1.285010 	1.028652 	0.984886 	1.007782 	0.160078 	9.000000 	0.050000 	1.448491 	1.665270 	0.561805 	2.096575 	2.325135 	2.305022 	1.209339 	1.540292 	1.044629 	0.629484 	0.863134 	1.342805 	1.389244 	2.231871 	1.274755 	0.976281 	1.188486 	0.986154 	2.248472 	1.361295 	0.594243 	1.999531 	1.195042 	1.559247 	1.735115 	0.728011 	2.299185 	2.105499 	0.667083 	1.073546 	1.825171 	1.683931 	2.334524 	2.123971 	1.122776 	1.706605 	2.315842 	0.756637 	1.026219 	1.507689 	2.196588 	0.961769 	0.853302 	0.790569 	
1.120547 	1.245492 	0.983933 	0.939415 	1.053862 	0.125000 	0.050000 	9.000000 	1.495201 	1.636498 	0.520216 	2.071382 	2.295920 	2.275549 	1.166190 	1.581139 	0.998123 	0.637377 	0.813941 	1.299279 	1.346291 	2.199148 	1.229837 	0.927699 	1.142366 	1.012423 	2.215429 	1.396648 	0.583631 	1.962938 	1.226020 	1.597263 	1.695029 	0.680074 	2.265226 	2.068967 	0.657647 	1.097725 	1.785007 	1.722099 	2.300543 	2.087163 	1.073837 	1.664332 	2.281036 	0.751665 	0.976281 	1.540495 	2.159282 	0.970824 	0.850368 	0.763217 	
0.553399 	2.707513 	2.475126 	2.432720 	0.443001 	1.601952 	1.448491 	1.495201 	9.000000 	2.986846 	2.002810 	3.359501 	3.631202 	3.614727 	2.650589 	0.388104 	2.493116 	1.278916 	2.301222 	2.785004 	2.828979 	3.580590 	2.721328 	2.419194 	2.636878 	0.910014 	3.600347 	0.602080 	1.500833 	3.390612 	0.755811 	0.529741 	3.156739 	2.075602 	3.660003 	3.494639 	1.505199 	0.950329 	3.246633 	0.579871 	3.695014 	3.515413 	2.562226 	3.141755 	3.685275 	1.467353 	2.443614 	0.728869 	3.591744 	1.273038 	1.461592 	1.804335 	
2.728095 	0.577170 	0.901388 	0.952956 	2.583118 	1.511622 	1.665270 	1.636498 	2.986846 	9.000000 	1.162970 	0.460977 	0.660019 	0.640312 	0.753741 	3.164352 	0.975000 	2.236767 	1.206493 	0.728011 	0.687841 	0.596343 	0.818917 	1.125278 	0.908639 	2.648702 	0.617454 	3.018485 	2.094338 	0.500000 	2.860070 	3.203611 	0.535023 	1.574206 	0.682367 	0.579871 	2.163475 	2.732330 	0.570636 	3.326410 	0.716327 	0.604669 	1.131923 	0.654313 	0.715891 	2.275000 	1.300961 	3.170568 	0.682367 	2.560395 	2.376973 	2.067758 	
1.640122 	0.726722 	0.474342 	0.436606 	1.565248 	0.403113 	0.561805 	0.520216 	2.002810 	1.162970 	9.000000 	1.615549 	1.814008 	1.792345 	0.648556 	2.101339 	0.505594 	1.076162 	0.403887 	0.782624 	0.828025 	1.700184 	0.719809 	0.480885 	0.642748 	1.507689 	1.715007 	1.912132 	0.933408 	1.450000 	1.732772 	2.116158 	1.175266 	0.548293 	1.760859 	1.556037 	1.004054 	1.585284 	1.265158 	2.241093 	1.796003 	1.573412 	0.629484 	1.144825 	1.773415 	1.114955 	0.604152 	2.050610 	1.644118 	1.397542 	1.217580 	0.950329 	
3.140064 	1.026219 	1.358308 	1.410895 	2.973214 	1.947434 	2.096575 	2.071382 	3.359501 	0.460977 	1.615549 	9.000000 	0.309233 	0.304138 	1.200260 	3.563092 	1.428504 	2.683864 	1.665270 	1.154340 	1.107080 	0.419076 	1.252248 	1.579952 	1.350231 	3.082714 	0.443001 	3.435295 	2.548774 	0.602080 	3.286716 	3.611527 	0.840387 	2.034853 	0.515388 	0.605186 	2.618802 	3.169089 	0.828025 	3.732626 	0.534439 	0.625000 	1.575198 	0.975000 	0.570088 	2.730041 	1.750714 	3.592353 	0.673146 	3.010502 	2.832402 	2.528463 	
3.386831 	1.154340 	1.494365 	1.549597 	3.235062 	2.170973 	2.325135 	2.295920 	3.631202 	0.660019 	1.814008 	0.309233 	9.000000 	0.025000 	1.315770 	3.819849 	1.552418 	2.890069 	1.803122 	1.241219 	1.187960 	0.223607 	1.343968 	1.703856 	1.451293 	3.307756 	0.235850 	3.678060 	2.739183 	0.534439 	3.520032 	3.861671 	0.850368 	2.182029 	0.282843 	0.482830 	2.806466 	3.390612 	0.806226 	3.984109 	0.285044 	0.492443 	1.672760 	0.977880 	0.336341 	2.918262 	1.858259 	3.830552 	0.506211 	3.210335 	3.019209 	2.689098 	
3.367863 	1.130542 	1.470544 	1.525820 	3.217530 	2.150581 	2.305022 	2.275549 	3.614727 	0.640312 	1.792345 	0.304138 	0.025000 	9.000000 	1.291559 	3.801727 	1.528275 	2.868471 	1.779220 	1.216552 	1.163239 	0.201556 	1.319327 	1.679658 	1.426753 	3.287191 	0.215058 	3.658722 	2.716846 	0.509902 	3.500000 	3.842932 	0.825379 	2.158269 	0.265754 	0.459619 	2.783994 	3.369811 	0.781425 	3.965476 	0.270416 	0.469707 	1.648105 	0.952956 	0.320156 	2.895794 	1.833712 	3.810840 	0.485412 	3.188358 	2.996665 	2.665638 	
2.281584 	0.176777 	0.195256 	0.250000 	2.213736 	1.051487 	1.209339 	1.166190 	2.650589 	0.753741 	0.648556 	1.200260 	1.315770 	1.291559 	9.000000 	2.745906 	0.237171 	1.663205 	0.492443 	0.134629 	0.180278 	1.155963 	0.111803 	0.388104 	0.158114 	2.122499 	1.165386 	2.545707 	1.480076 	0.862047 	2.356507 	2.755222 	0.550568 	0.873212 	1.196349 	0.964689 	1.540292 	2.192031 	0.637377 	2.880213 	1.229837 	0.977880 	0.378319 	0.500000 	1.197132 	1.650757 	0.550568 	2.676402 	1.040433 	1.960230 	1.747319 	1.386542 	
0.469707 	2.825111 	2.559907 	2.512469 	0.596343 	1.700184 	1.540292 	1.581139 	0.388104 	3.164352 	2.101339 	3.563092 	3.819849 	3.801727 	2.745906 	9.000000 	2.564420 	1.206752 	2.347871 	2.878042 	2.926175 	3.749166 	2.804015 	2.470956 	2.710166 	0.751665 	3.767376 	0.309233 	1.437228 	3.533854 	0.527376 	0.145774 	3.275382 	2.071835 	3.822467 	3.639454 	1.422146 	0.751665 	3.365449 	0.201556 	3.857784 	3.658722 	2.605403 	3.244996 	3.842932 	1.358308 	2.465385 	0.371652 	3.732626 	1.101136 	1.325943 	1.718284 	
2.096575 	0.403113 	0.090139 	0.079057 	2.051981 	0.893378 	1.044629 	0.998123 	2.493116 	0.975000 	0.505594 	1.428504 	1.552418 	1.528275 	0.237171 	2.564420 	9.000000 	1.450000 	0.257391 	0.340037 	0.395285 	1.392839 	0.247487 	0.152069 	0.145774 	1.917355 	1.402007 	2.351197 	1.258223 	1.095730 	2.155371 	2.565638 	0.776611 	0.637377 	1.431782 	1.197132 	1.315770 	1.982738 	0.860233 	2.690376 	1.465008 	1.209339 	0.195256 	0.707990 	1.431127 	1.425219 	0.328824 	2.475505 	1.269350 	1.738174 	1.520074 	1.151629 	
0.753741 	1.780449 	1.468205 	1.414655 	0.879275 	0.752080 	0.629484 	0.637377 	1.278916 	2.236767 	1.076162 	2.683864 	2.890069 	2.868471 	1.663205 	1.206752 	1.450000 	9.000000 	1.206752 	1.785532 	1.838818 	2.773536 	1.697425 	1.331587 	1.592561 	0.480885 	2.787584 	0.942404 	0.230489 	2.510602 	0.726722 	1.170470 	2.213171 	0.883883 	2.830636 	2.615937 	0.226385 	0.535023 	2.300543 	1.290591 	2.865528 	2.631540 	1.450216 	2.156676 	2.840004 	0.215058 	1.290591 	1.041933 	2.698379 	0.333542 	0.270416 	0.525595 	
