Total assets = 1230
Number of asset nodes = 67

Distance:
999.000000 	15.000000 	25.806976 	61.611687 	19.313208 	60.802959 	78.032043 	17.000000 	93.477272 	22.135944 	78.230431 	67.801178 	61.717098 	89.554451 	86.954010 	104.847511 	78.568443 	102.342560 	84.380089 	23.021729 	28.635643 	90.049988 	77.077881 	87.982956 	79.931221 	85.440041 	100.209778 	26.019224 	63.702435 	19.697716 	74.276512 	102.415817 	30.265491 	96.046867 	66.528191 	84.172440 	20.591261 	83.234612 	79.208588 	26.172504 	27.166155 	29.017237 	30.000000 	74.518456 	82.758682 	75.927597 	28.231188 	29.410883 	78.409180 	31.048349 	30.675724 	30.463093 	30.870699 	34.928497 	31.384710 	33.837849 	35.114101 	34.928497 	40.360870 	43.863426 	45.000000 	45.607018 	45.343136 	45.343136 	46.754681 	46.690472 	46.861500 	48.795490 	49.517673 	55.973209 	59.506302 	59.059292 	59.481091 	60.926186 	61.400326 	63.529522 	64.404968 	64.845970 	67.119293 	
15.000000 	999.000000 	40.360870 	47.507893 	6.324555 	46.647614 	64.404968 	28.635643 	108.466583 	9.219544 	64.412735 	53.535034 	47.201694 	76.059189 	73.348480 	119.816528 	93.509361 	117.324333 	70.661163 	34.539833 	41.146080 	76.485291 	91.967384 	74.242844 	94.847244 	71.589104 	115.208504 	37.336308 	49.040798 	27.294687 	89.095451 	117.413795 	42.154476 	111.040535 	51.855568 	99.085823 	27.073973 	69.115845 	94.047859 	36.138622 	37.107952 	39.560081 	40.804413 	89.196411 	97.580734 	90.609047 	35.014282 	37.121422 	92.956978 	39.204590 	38.052597 	37.000000 	37.013512 	43.185646 	36.221542 	41.012192 	42.000000 	41.048752 	41.785164 	44.777225 	47.434166 	47.759815 	46.615448 	44.777225 	47.927029 	47.423622 	45.793011 	48.764740 	49.244289 	62.289646 	64.327286 	63.063461 	63.788715 	66.098412 	64.845970 	67.446274 	68.883957 	69.123077 	71.805290 	
25.806976 	40.360870 	999.000000 	87.418533 	43.278172 	86.608315 	103.773796 	15.524175 	69.771057 	45.607018 	104.009613 	93.600212 	87.458565 	115.247559 	112.680969 	81.394104 	53.600372 	78.714676 	110.136276 	14.142136 	11.401754 	115.762688 	51.855568 	113.740936 	54.817879 	111.220505 	76.157730 	14.866069 	89.375610 	23.194826 	48.836460 	78.390053 	14.212670 	71.561165 	92.195442 	59.033890 	25.179358 	109.041275 	53.814495 	18.681541 	18.973665 	17.888544 	17.492855 	48.836460 	57.314919 	50.249378 	26.476404 	25.000000 	52.630791 	24.698177 	26.248810 	27.892651 	28.861740 	26.419689 	31.575306 	28.231188 	29.546574 	31.016125 	42.953465 	46.324940 	44.598206 	45.541191 	46.840153 	49.819675 	48.083260 	48.764740 	51.788029 	51.662365 	52.630791 	45.967381 	51.855568 	53.009434 	52.801514 	52.402290 	56.035702 	57.008770 	56.727417 	57.489128 	58.728188 	
61.611687 	47.507893 	87.418533 	999.000000 	46.615448 	1.000000 	17.464249 	76.059189 	152.898666 	45.541191 	17.088007 	6.403124 	5.000000 	29.120440 	26.248810 	163.783386 	139.445328 	161.523987 	23.409399 	81.841309 	88.588936 	29.410883 	138.191895 	26.925823 	140.929062 	24.166092 	159.906219 	84.528099 	7.615773 	73.539108 	135.591293 	162.052460 	89.442719 	156.272202 	9.055386 	145.165421 	72.801102 	21.633308 	140.463516 	82.855293 	83.773506 	86.406021 	87.726852 	136.033081 	144.045135 	137.437256 	80.006248 	82.540901 	140.000000 	84.758484 	83.168503 	81.608826 	81.320351 	88.543777 	79.555016 	85.726311 	86.400230 	84.899940 	80.504662 	82.219215 	86.469650 	86.371292 	84.214012 	80.024994 	85.146935 	84.095184 	80.000000 	84.005951 	84.000000 	104.560989 	104.580116 	102.313248 	103.392456 	106.677086 	103.121284 	106.169678 	108.295891 	108.226616 	111.287918 	
19.313208 	6.324555 	43.278172 	46.615448 	999.000000 	45.694637 	63.906181 	30.000000 	112.361023 	3.000000 	63.694584 	52.325901 	45.650848 	75.610847 	72.801102 	123.822456 	96.829750 	121.264175 	70.007141 	35.510563 	42.438190 	75.960518 	95.131485 	73.539108 	98.081596 	70.774292 	118.983192 	38.078865 	47.169907 	26.925823 	92.097771 	121.202309 	43.046486 	114.621117 	49.929951 	102.303467 	26.248810 	67.977936 	97.082436 	36.249138 	37.161808 	39.812057 	41.146080 	91.934761 	100.568382 	93.348808 	33.734257 	36.138622 	95.482986 	38.327538 	36.878178 	35.510563 	35.355339 	42.201897 	34.058773 	39.623226 	40.447498 	39.204590 	38.078865 	40.804413 	43.931767 	44.147480 	42.720020 	40.311287 	43.965897 	43.324360 	41.146080 	44.384682 	44.777225 	60.000000 	61.400326 	59.841457 	60.671246 	63.285069 	61.392181 	64.132675 	65.764732 	65.924202 	68.731361 	
60.802959 	46.647614 	86.608315 	1.000000 	45.694637 	999.000000 	18.439089 	75.179787 	152.226807 	44.598206 	18.027756 	7.071068 	4.472136 	30.083218 	27.202942 	163.131851 	138.708328 	160.863297 	24.351591 	80.950600 	87.709747 	30.364452 	137.440903 	27.856777 	140.185593 	25.079872 	159.226257 	83.630135 	7.280110 	72.615425 	134.825821 	161.375336 	88.549423 	155.569916 	9.000000 	144.422989 	71.867935 	22.472204 	139.703262 	81.939003 	82.855293 	85.492691 	86.815895 	135.247925 	143.282944 	136.652847 	79.056938 	81.596565 	139.201294 	83.815269 	82.219215 	80.653580 	80.361679 	87.595665 	78.587532 	84.770279 	85.440041 	83.934502 	79.511009 	81.221916 	85.475143 	85.375641 	83.216583 	79.025314 	84.148682 	83.096329 	79.000000 	83.006027 	83.000000 	103.576057 	103.585716 	101.316338 	102.396286 	105.683487 	102.122475 	105.171288 	107.298645 	107.228729 	110.290527 	
78.032043 	64.404968 	103.773796 	17.464249 	63.906181 	18.439089 	999.000000 	93.037628 	167.597733 	62.936478 	2.236068 	13.038404 	20.000000 	11.704700 	8.944272 	178.213348 	154.932236 	176.071014 	6.403124 	98.898941 	105.550934 	12.083046 	153.837570 	10.000000 	156.486420 	7.810250 	174.691162 	101.636604 	20.223749 	90.824005 	151.400131 	176.799316 	106.512909 	171.330093 	18.681541 	160.704697 	90.138779 	8.062258 	156.208191 	100.089958 	101.019798 	103.619499 	104.923782 	152.052628 	159.806137 	153.447052 	97.416634 	99.929977 	156.156967 	102.142059 	100.578331 	99.040398 	98.762344 	105.948097 	97.015465 	103.160072 	103.846039 	102.357216 	97.867256 	99.503769 	103.817146 	103.696671 	101.493843 	97.185387 	102.396286 	101.316338 	97.082436 	101.123688 	101.079178 	122.000000 	121.926208 	119.603508 	120.702110 	124.036285 	120.337029 	123.405838 	125.574677 	125.483070 	128.561264 	
17.000000 	28.635643 	15.524175 	76.059189 	30.000000 	75.179787 	93.037628 	999.000000 	85.000000 	31.890438 	93.021500 	81.987801 	75.471848 	104.694794 	101.980392 	96.664368 	68.264191 	93.941475 	99.282425 	6.082763 	12.529964 	105.118980 	66.287254 	102.859123 	69.339745 	100.184830 	91.241440 	9.055386 	77.103828 	8.062258 	63.007935 	93.477272 	13.601471 	86.452301 	79.881165 	73.498299 	10.049875 	97.616600 	68.007355 	9.486833 	10.440307 	12.041595 	13.000000 	62.481998 	71.400284 	63.890530 	14.212670 	14.212670 	65.795135 	15.264338 	15.620500 	16.278820 	17.029387 	18.788294 	18.867962 	18.601076 	20.000000 	20.518284 	29.966648 	33.541019 	33.015148 	33.837849 	34.481880 	36.400551 	35.846897 	36.235340 	38.275318 	38.910152 	39.812057 	40.249222 	44.654228 	44.821869 	45.000000 	45.793011 	47.507893 	49.203659 	49.648766 	50.219517 	52.153618 	
93.477272 	108.466583 	69.771057 	152.898666 	112.361023 	152.226807 	167.597733 	85.000000 	999.000000 	114.908661 	168.291412 	159.289047 	153.912308 	178.331146 	176.139145 	11.704700 	19.000000 	8.944272 	173.971268 	81.706795 	75.272835 	179.011169 	22.022715 	177.519012 	19.104973 	175.368179 	7.211102 	80.653580 	156.204987 	91.923882 	26.019224 	9.219544 	76.537575 	7.280110 	159.022018 	16.763054 	93.776329 	173.971268 	22.360680 	84.433403 	84.118965 	81.608826 	80.361679 	29.274563 	21.189621 	28.442924 	92.048897 	89.560036 	30.364452 	88.056801 	90.249657 	92.444580 	93.407707 	87.097649 	96.566040 	90.470993 	91.219513 	93.391647 	106.512909 	109.041275 	105.380264 	106.367287 	108.673820 	113.357841 	109.489723 	110.643570 	115.316956 	113.600174 	114.586212 	95.000000 	102.004898 	105.004761 	104.000000 	101.044548 	108.000000 	107.042046 	105.118980 	106.117859 	105.304321 	
22.135944 	9.219544 	45.607018 	45.541191 	3.000000 	44.598206 	62.936478 	31.890438 	114.908661 	999.000000 	62.625874 	51.078373 	44.283180 	74.632431 	71.784401 	126.400162 	99.201813 	123.822456 	68.949257 	37.202152 	44.204071 	74.946648 	97.452553 	72.449982 	100.424103 	69.641945 	121.490738 	39.661064 	45.650848 	28.178005 	94.366310 	123.713379 	44.654228 	117.068359 	48.373547 	104.637466 	27.313000 	66.708321 	99.357941 	37.589893 	38.470768 	41.182522 	42.544094 	94.111633 	102.825096 	95.524864 	34.481880 	37.000000 	97.580734 	39.217342 	37.643059 	36.138622 	35.902645 	43.011627 	34.365681 	40.261642 	41.000000 	39.623226 	37.483330 	40.024994 	43.416588 	43.566040 	41.976185 	39.217342 	43.174065 	42.449970 	39.924931 	43.324360 	43.657761 	60.074955 	61.131008 	59.413803 	60.299255 	63.071388 	60.827625 	63.639610 	65.375839 	65.490456 	68.359344 	
78.230431 	64.412735 	104.009613 	17.088007 	63.694584 	18.027756 	2.236068 	93.021500 	168.291412 	62.625874 	999.000000 	12.041595 	19.104973 	12.165525 	9.219544 	178.966476 	155.438095 	176.799316 	6.324555 	98.843307 	105.546196 	12.369317 	154.301651 	9.848858 	156.974518 	7.211102 	175.368179 	101.552940 	19.026299 	90.620087 	151.818970 	177.485214 	106.451866 	171.944763 	17.262676 	161.198639 	89.888817 	6.324555 	156.646103 	99.924973 	100.846420 	103.469803 	104.785492 	152.410629 	160.240448 	153.808319 	97.082436 	99.624290 	156.473633 	101.843018 	100.244698 	98.671173 	98.371742 	105.621971 	96.566040 	102.786186 	103.445641 	101.921539 	97.164810 	98.731964 	103.097038 	102.956299 	100.717430 	96.332756 	101.597244 	100.498756 	96.187317 	100.244698 	100.179840 	121.396049 	121.198181 	118.827606 	119.941650 	123.320717 	119.507324 	122.588745 	124.787819 	124.679588 	127.769325 	
67.801178 	53.535034 	93.600212 	6.403124 	52.325901 	7.071068 	13.038404 	81.987801 	159.289047 	51.078373 	12.041595 	999.000000 	7.071068 	24.186773 	21.213203 	170.182251 	145.773804 	167.919617 	18.248287 	87.709747 	94.514549 	24.331051 	144.499130 	21.587032 	147.248093 	18.681541 	166.291916 	90.354858 	7.280110 	79.202271 	141.873184 	168.439896 	95.294281 	162.640701 	6.403124 	151.485977 	78.390053 	15.652476 	146.754898 	88.566360 	89.470665 	92.135773 	93.471924 	142.274384 	150.332962 	143.680206 	85.440041 	88.022728 	146.208755 	90.249657 	88.600227 	86.977005 	86.648720 	93.984039 	84.770279 	91.082382 	91.706055 	90.138779 	85.158676 	86.700638 	91.082382 	90.934044 	88.684837 	84.291161 	89.560036 	88.459030 	84.148682 	88.204308 	88.141930 	109.444046 	109.178749 	106.794197 	107.912003 	111.305885 	107.466270 	110.548630 	112.751938 	112.641022 	115.732452 	
61.717098 	47.201694 	87.458565 	5.000000 	45.650848 	4.472136 	20.000000 	75.471848 	153.912308 	44.283180 	19.104973 	7.071068 	999.000000 	31.257000 	28.284271 	164.924225 	140.014282 	162.606888 	25.317978 	81.123360 	87.982956 	31.400637 	138.657852 	28.635643 	141.449631 	25.709921 	160.863297 	83.725746 	3.000000 	72.449982 	135.948517 	163.027603 	88.684837 	157.079605 	5.385165 	145.691452 	71.589104 	22.472204 	140.858078 	81.841309 	82.734512 	85.422478 	86.769814 	136.235092 	144.422989 	137.644470 	78.549347 	81.154175 	140.089264 	83.384651 	81.706795 	80.056229 	79.711983 	87.091904 	77.794601 	84.154617 	84.758484 	83.168503 	78.089691 	79.630394 	84.011902 	83.862984 	81.614952 	77.233414 	82.492424 	81.394104 	77.103828 	81.154175 	81.098709 	102.391403 	102.107788 	99.724625 	100.841461 	104.235313 	100.404182 	103.484299 	105.683487 	105.574615 	108.664619 	
89.554451 	76.059189 	115.247559 	29.120440 	75.610847 	30.083218 	11.704700 	104.694794 	178.331146 	74.632431 	12.165525 	24.186773 	31.257000 	999.000000 	3.000000 	188.809433 	166.027100 	186.724396 	6.000000 	110.571243 	117.200684 	1.000000 	165.000000 	3.605551 	167.609665 	6.324555 	185.456192 	113.318138 	31.016125 	102.528046 	162.631485 	187.544662 	118.186295 	182.222397 	29.017237 	171.816757 	101.843018 	10.770329 	167.409683 	111.789978 	112.720894 	115.316956 	116.619041 	163.367691 	171.011688 	164.757401 	109.110039 	111.628853 	167.523132 	113.841995 	112.271988 	110.724884 	110.440025 	117.643532 	108.669220 	114.843369 	115.520561 	114.017540 	109.329773 	110.887329 	115.260574 	115.117332 	112.871605 	108.461975 	113.745331 	112.641022 	108.295891 	112.361023 	112.285347 	133.555237 	133.360413 	130.980911 	132.098450 	135.484314 	131.643463 	134.729355 	136.937943 	136.824707 	139.917831 	
86.954010 	73.348480 	112.680969 	26.248810 	72.801102 	27.202942 	8.944272 	101.980392 	176.139145 	71.784401 	9.219544 	21.213203 	28.284271 	3.000000 	999.000000 	186.676193 	163.670395 	184.567062 	3.000000 	107.837845 	114.494545 	3.162278 	162.609970 	2.000000 	165.239227 	3.605551 	183.251190 	110.571243 	28.017851 	99.724625 	160.206116 	185.348328 	115.451286 	179.961105 	26.019224 	169.452057 	99.020203 	8.062258 	165.000000 	109.004585 	109.931801 	112.538879 	113.846390 	160.897476 	168.600113 	162.289871 	106.254410 	108.784187 	165.024246 	111.000000 	109.416634 	107.856384 	107.563934 	114.791115 	105.773346 	111.973213 	112.641022 	111.126053 	106.367287 	107.912003 	112.294258 	112.147224 	109.895409 	105.475113 	110.765518 	109.658562 	105.304321 	109.370926 	109.293182 	130.613937 	130.391724 	128.003906 	129.123978 	132.517929 	128.658463 	131.745972 	133.958954 	133.843185 	136.937943 	
104.847511 	119.816528 	81.394104 	163.783386 	123.822456 	163.131851 	178.213348 	96.664368 	11.704700 	126.400162 	178.966476 	170.182251 	164.924225 	188.809433 	186.676193 	999.000000 	30.265491 	3.000000 	184.567062 	93.407707 	86.977005 	189.509888 	33.136082 	188.095718 	30.066593 	186.002686 	7.280110 	92.358002 	167.263260 	103.619499 	37.121422 	5.830952 	88.232651 	13.341664 	170.073517 	27.018513 	105.475113 	184.718704 	33.000000 	96.135323 	95.817535 	93.300591 	92.048897 	40.000000 	31.144823 	39.012817 	103.740059 	101.242287 	40.311287 	99.724625 	101.921539 	104.120125 	105.080925 	98.716766 	108.240471 	102.107788 	102.839684 	105.019043 	118.127052 	120.619232 	116.901665 	117.885536 	120.220627 	124.951988 	121.016525 	122.184288 	126.905479 	125.131927 	126.115028 	106.075447 	113.039818 	116.107712 	115.069542 	112.004463 	119.067207 	118.004234 	116.004311 	117.004272 	116.068947 	
78.568443 	93.509361 	53.600372 	139.445328 	96.829750 	138.708328 	154.932236 	68.264191 	19.000000 	99.201813 	155.438095 	145.773804 	140.014282 	166.027100 	163.670395 	30.265491 	999.000000 	27.294687 	161.335052 	64.412735 	57.697487 	166.643326 	3.162278 	164.924225 	2.000000 	162.606888 	23.769728 	63.071388 	142.130219 	74.706093 	7.071068 	25.961510 	58.694122 	18.384777 	144.958618 	5.830952 	76.478752 	160.863297 	5.000000 	66.708321 	66.309875 	63.694584 	62.393909 	10.770329 	7.071068 	10.295630 	74.094536 	71.512238 	13.453624 	69.892776 	72.111023 	74.330345 	75.272835 	68.680420 	78.434685 	72.124893 	72.801102 	75.000000 	88.056801 	90.470993 	86.683334 	87.664131 	90.027771 	94.831429 	90.801979 	91.983696 	96.772926 	94.921021 	95.900993 	76.000000 	83.006027 	86.005814 	85.000000 	82.054863 	89.000000 	88.051125 	86.145226 	87.143562 	86.371292 	
102.342560 	117.324333 	78.714676 	161.523987 	121.264175 	160.863297 	176.071014 	93.941475 	8.944272 	123.822456 	176.799316 	167.919617 	162.606888 	186.724396 	184.567062 	3.000000 	27.294687 	999.000000 	182.433548 	90.620087 	84.154617 	187.416641 	30.149628 	185.970428 	27.073973 	183.853195 	4.472136 	89.537704 	164.924225 	100.846420 	34.132095 	3.605551 	85.381500 	10.440307 	167.737885 	24.020824 	102.693718 	182.521225 	30.000000 	93.300591 	92.973114 	90.443352 	89.185204 	37.000000 	28.160255 	36.013885 	100.881119 	98.371742 	37.336308 	96.840073 	99.040398 	101.242287 	102.200783 	95.801880 	105.361282 	99.201813 	99.924973 	102.107788 	115.208504 	117.686020 	113.951744 	114.934761 	117.277451 	122.024590 	118.067780 	119.239258 	123.975807 	122.184288 	123.166557 	103.077644 	110.040901 	113.110565 	112.071404 	109.004585 	116.068947 	115.004349 	113.004425 	114.004387 	113.070778 	
84.380089 	70.661163 	110.136276 	23.409399 	70.007141 	24.351591 	6.403124 	99.282425 	173.971268 	68.949257 	6.324555 	18.248287 	25.317978 	6.000000 	3.000000 	184.567062 	161.335052 	182.433548 	999.000000 	105.118980 	111.803398 	6.082763 	160.240448 	3.605551 	162.889526 	2.000000 	181.069046 	107.837845 	25.019993 	96.932968 	157.800507 	183.174774 	112.729767 	177.721695 	23.021729 	167.107742 	96.208107 	5.656854 	162.609970 	106.230881 	107.154091 	109.772491 	111.085556 	158.445572 	166.207703 	159.840546 	103.406960 	105.948097 	162.542297 	108.166542 	106.569229 	104.995239 	104.694794 	111.946419 	102.883430 	109.110039 	109.767937 	108.240471 	103.406960 	104.938080 	109.329773 	109.178749 	106.920532 	102.489021 	107.786827 	106.677086 	102.313248 	106.381386 	106.301460 	127.675369 	127.424484 	125.028000 	126.150703 	129.553085 	125.674179 	128.763351 	130.980911 	130.862518 	133.958954 	
23.021729 	34.539833 	14.142136 	81.841309 	35.510563 	80.950600 	98.898941 	6.082763 	81.706795 	37.202152 	98.843307 	87.709747 	81.123360 	110.571243 	107.837845 	93.407707 	64.412735 	90.620087 	105.118980 	999.000000 	7.071068 	110.981979 	62.265560 	108.687622 	65.368187 	105.990562 	87.726852 	3.000000 	82.680107 	10.295630 	58.830265 	89.961105 	7.615773 	82.734512 	85.440041 	69.462219 	12.083046 	103.353760 	63.812225 	5.000000 	5.656854 	6.324555 	7.071068 	58.008621 	67.119293 	59.405388 	12.369317 	11.180340 	61.073727 	11.401754 	12.529964 	13.928389 	14.866069 	14.212670 	17.464249 	15.000000 	16.401220 	17.492855 	28.861740 	32.280025 	30.870699 	31.780497 	32.893768 	35.693138 	34.176014 	34.785053 	37.656342 	37.643059 	38.600517 	35.510563 	40.459858 	41.012192 	41.036568 	41.400482 	43.863426 	45.276924 	45.453274 	46.097721 	47.801674 	
28.635643 	41.146080 	11.401754 	88.588936 	42.438190 	87.709747 	105.550934 	12.529964 	75.272835 	44.204071 	105.546196 	94.514549 	87.982956 	117.200684 	114.494545 	86.977005 	57.697487 	84.154617 	111.803398 	7.071068 	999.000000 	117.630775 	55.470715 	115.381973 	58.591808 	112.712021 	81.154175 	5.385165 	89.587944 	17.204651 	51.971146 	83.384651 	2.828427 	76.059189 	92.358002 	62.649822 	18.867962 	110.145355 	56.938564 	9.219544 	9.055386 	7.071068 	6.324555 	51.039200 	60.207973 	52.430908 	17.117243 	15.000000 	54.037025 	14.142136 	16.031219 	18.000000 	19.000000 	15.231546 	22.022715 	17.464249 	18.681541 	20.396078 	33.060551 	36.221542 	33.955853 	34.928497 	36.496574 	40.049969 	37.656342 	38.470768 	42.047592 	41.436699 	42.426407 	34.655445 	40.459858 	41.617306 	41.400482 	41.036568 	44.654228 	45.607018 	45.343136 	46.097721 	47.381432 	
90.049988 	76.485291 	115.762688 	29.410883 	75.960518 	30.364452 	12.083046 	105.118980 	179.011169 	74.946648 	12.369317 	24.331051 	31.400637 	1.000000 	3.162278 	189.509888 	166.643326 	187.416641 	6.082763 	110.981979 	117.630775 	999.000000 	165.601929 	3.162278 	168.220093 	6.082763 	186.131668 	113.718948 	31.064449 	102.883430 	163.217651 	188.223267 	118.595955 	182.877014 	29.000000 	172.429703 	102.181213 	10.440307 	168.002975 	112.160599 	113.088463 	115.693558 	117.000000 	163.932907 	171.604202 	165.323929 	109.416634 	111.946419 	168.074387 	114.162163 	112.578865 	111.018013 	110.724884 	117.953384 	108.931168 	115.134705 	115.801552 	114.284729 	109.489723 	111.018013 	115.412308 	115.260574 	113.000000 	108.558739 	113.863953 	112.751938 	108.374352 	112.445541 	112.361023 	133.753510 	133.506561 	131.106827 	132.230865 	135.635544 	131.745972 	134.836945 	137.058380 	136.937943 	140.035706 	
77.077881 	91.967384 	51.855568 	138.191895 	95.131485 	137.440903 	153.837570 	66.287254 	22.022715 	97.452553 	154.301651 	144.499130 	138.657852 	165.000000 	162.609970 	33.136082 	3.162278 	30.149628 	160.240448 	62.265560 	55.470715 	165.601929 	999.000000 	163.835281 	3.162278 	161.483749 	26.476404 	60.827625 	140.730240 	72.560318 	4.000000 	28.635643 	56.364883 	20.880613 	143.558350 	7.211102 	74.303429 	159.665268 	3.000000 	64.404968 	63.976559 	61.326992 	60.008331 	7.615773 	6.324555 	7.211102 	71.693794 	69.079666 	10.630146 	67.416618 	69.641945 	71.867935 	72.801102 	66.098412 	75.960518 	69.570107 	70.213959 	72.422371 	85.440041 	87.800911 	83.952370 	84.929382 	87.321243 	92.179176 	88.073830 	89.269257 	94.111633 	92.195442 	93.171883 	73.006851 	80.000000 	83.024094 	82.006096 	79.025314 	86.005814 	85.023529 	83.096329 	84.095184 	83.294655 	
87.982956 	74.242844 	113.740936 	26.925823 	73.539108 	27.856777 	10.000000 	102.859123 	177.519012 	72.449982 	9.848858 	21.587032 	28.635643 	3.605551 	2.000000 	188.095718 	164.924225 	185.970428 	3.605551 	108.687622 	115.381973 	3.162278 	163.835281 	999.000000 	166.481232 	3.000000 	184.621231 	111.400177 	28.160255 	100.463921 	161.400131 	186.724396 	116.297035 	181.289825 	26.019224 	170.698563 	99.724625 	7.280110 	166.207703 	109.772491 	110.693268 	113.318138 	114.634201 	162.049377 	169.805771 	163.444183 	106.892471 	109.444046 	166.147522 	111.664673 	110.054535 	108.466583 	108.157295 	115.433968 	106.320274 	112.578865 	113.225441 	111.682587 	106.705200 	108.189651 	112.614388 	112.449989 	110.168053 	105.683487 	111.018013 	109.895409 	105.475113 	109.553642 	109.457756 	131.026718 	130.698120 	128.269241 	129.402466 	132.834488 	128.875916 	131.973480 	134.212524 	134.082062 	137.186005 	
79.931221 	94.847244 	54.817879 	140.929062 	98.081596 	140.185593 	156.486420 	69.339745 	19.104973 	100.424103 	156.974518 	147.248093 	141.449631 	167.609665 	165.239227 	30.066593 	2.000000 	27.073973 	162.889526 	65.368187 	58.591808 	168.220093 	3.162278 	166.481232 	999.000000 	164.149323 	23.345236 	63.953106 	143.544418 	75.663727 	7.071068 	25.495098 	59.506302 	17.720045 	146.372818 	4.242640 	77.414467 	162.373032 	3.605551 	67.542580 	67.119293 	64.474800 	63.158531 	10.198039 	5.099020 	9.486833 	74.846512 	72.235725 	12.206555 	70.576202 	72.801102 	75.026665 	75.960518 	69.260376 	79.120163 	72.732384 	73.375748 	75.584389 	88.600227 	90.956032 	87.097649 	88.073830 	90.470993 	95.336250 	91.219513 	92.417534 	97.267670 	95.341492 	96.317184 	76.026314 	83.006027 	86.052307 	85.023529 	82.006096 	89.022469 	88.005684 	86.052307 	87.051712 	86.209045 	
85.440041 	71.589104 	111.220505 	24.166092 	70.774292 	25.079872 	7.810250 	100.184830 	175.368179 	69.641945 	7.211102 	18.681541 	25.709921 	6.324555 	3.605551 	186.002686 	162.606888 	183.853195 	2.000000 	105.990562 	112.712021 	6.082763 	161.483749 	3.000000 	164.149323 	999.000000 	182.455475 	108.687622 	25.179358 	97.693398 	159.012573 	184.567062 	113.595772 	179.067032 	23.021729 	168.371613 	96.932968 	4.472136 	163.835281 	107.018692 	107.935165 	110.571243 	111.892807 	159.615158 	167.430588 	161.012421 	104.062485 	106.625511 	163.682617 	108.848518 	107.224068 	105.621971 	105.304321 	112.605507 	103.445641 	109.731491 	110.367569 	108.811768 	103.754517 	105.223572 	109.658562 	109.489723 	107.200745 	102.703453 	108.046288 	106.920532 	102.489021 	106.569229 	106.470650 	128.097626 	127.738014 	125.299644 	126.435753 	129.876862 	125.896782 	128.996124 	131.240234 	131.106827 	134.212524 	
100.209778 	115.208504 	76.157730 	159.906219 	118.983192 	159.226257 	174.691162 	91.241440 	7.211102 	121.490738 	175.368179 	166.291916 	160.863297 	185.456192 	183.251190 	7.280110 	23.769728 	4.472136 	181.069046 	87.726852 	81.154175 	186.131668 	26.476404 	184.621231 	23.345236 	182.455475 	999.000000 	86.539009 	163.131851 	97.989792 	30.413813 	2.236068 	82.280006 	6.082763 	165.951797 	20.024984 	99.809822 	181.024857 	26.076809 	90.249657 	89.888817 	87.315521 	86.034874 	33.060551 	24.020824 	32.015621 	97.739449 	95.189285 	33.136082 	93.605553 	95.817535 	98.030609 	98.979797 	92.444580 	102.142059 	95.880135 	96.566040 	98.762344 	111.825760 	114.236595 	110.421921 	111.400177 	113.780487 	118.600166 	114.542572 	115.732452 	120.540451 	118.663391 	119.641129 	99.181648 	106.117859 	109.224541 	108.166542 	105.042847 	112.160599 	111.040535 	109.004585 	110.004547 	109.018349 	
26.019224 	37.336308 	14.866069 	84.528099 	38.078865 	83.630135 	101.636604 	9.055386 	80.653580 	39.661064 	101.552940 	90.354858 	83.725746 	113.318138 	110.571243 	92.358002 	63.071388 	89.537704 	107.837845 	3.000000 	5.385165 	113.718948 	60.827625 	111.400177 	63.953106 	108.687622 	86.539009 	999.000000 	85.234970 	12.041595 	57.306194 	88.769363 	5.000000 	81.437096 	87.982956 	68.000000 	13.601471 	106.004715 	62.265560 	4.000000 	4.123106 	3.605551 	4.123106 	56.302753 	65.513359 	57.688820 	12.000000 	10.198039 	59.203041 	9.848858 	11.401754 	13.152946 	14.142136 	12.041595 	17.029387 	13.416408 	14.764823 	16.155495 	28.284271 	31.575306 	29.732138 	30.675724 	32.015621 	35.227829 	33.241539 	33.955853 	37.215588 	36.878178 	37.854988 	33.015148 	38.209946 	38.948685 	38.897301 	39.051247 	41.868843 	43.139309 	43.185646 	43.863426 	45.453274 	
63.702435 	49.040798 	89.375610 	7.615773 	47.169907 	7.280110 	20.223749 	77.103828 	156.204987 	45.650848 	19.026299 	7.280110 	3.000000 	31.016125 	28.017851 	167.263260 	142.130219 	164.924225 	25.019993 	82.680107 	89.587944 	31.064449 	140.730240 	28.160255 	143.544418 	25.179358 	163.131851 	85.234970 	999.000000 	73.824112 	137.974640 	165.302750 	90.210861 	159.289047 	2.828427 	147.787003 	72.897186 	21.587032 	142.898560 	83.240616 	84.118965 	86.833176 	88.192970 	138.191895 	146.454773 	139.603012 	79.705711 	82.346825 	141.992950 	84.581322 	82.855293 	81.154175 	80.777473 	88.238312 	78.771820 	85.234970 	85.796272 	84.154617 	78.644768 	80.062477 	84.528099 	84.344528 	82.036575 	77.524193 	82.873398 	81.743500 	77.317528 	81.394104 	81.301903 	103.077644 	102.591423 	100.129913 	101.271912 	104.737770 	100.717430 	103.817146 	106.066017 	105.929222 	109.036690 	
19.697716 	27.294687 	23.194826 	73.539108 	26.925823 	72.615425 	90.824005 	8.062258 	91.923882 	28.178005 	90.620087 	79.202271 	72.449982 	102.528046 	99.724625 	103.619499 	74.706093 	100.846420 	96.932968 	10.295630 	17.204651 	102.883430 	72.560318 	100.463921 	75.663727 	97.693398 	97.989792 	12.041595 	73.824112 	999.000000 	69.115845 	100.224747 	16.970562 	93.021500 	76.537575 	79.755875 	2.000000 	94.847244 	74.094536 	9.433981 	10.295630 	13.038404 	14.422205 	68.242218 	77.388626 	69.634758 	8.544003 	10.049875 	71.217972 	12.000000 	11.180340 	10.770329 	11.180340 	16.000000 	12.041595 	14.317822 	15.524175 	15.231546 	22.472204 	26.076809 	26.172504 	26.907248 	27.202942 	28.635643 	28.600698 	28.844410 	30.463093 	31.384710 	32.249031 	36.400551 	39.812057 	39.446167 	39.824615 	41.231056 	41.880783 	43.908997 	44.721359 	45.177429 	47.423622 	
74.276512 	89.095451 	48.836460 	135.591293 	92.097771 	134.825821 	151.400131 	63.007935 	26.019224 	94.366310 	151.818970 	141.873184 	135.948517 	162.631485 	160.206116 	37.121422 	7.071068 	34.132095 	157.800507 	58.830265 	51.971146 	163.217651 	4.000000 	161.400131 	7.071068 	159.012573 	30.413813 	57.306194 	137.974640 	69.115845 	999.000000 	32.557640 	52.773098 	24.738634 	140.801285 	10.770329 	70.830788 	157.114609 	5.000000 	60.827625 	60.373837 	57.697487 	56.364883 	4.242640 	8.485281 	4.472136 	68.029404 	65.391129 	8.544003 	63.694584 	65.924202 	68.154236 	69.079666 	62.297672 	72.235725 	65.787537 	66.407829 	68.622154 	81.608826 	83.934502 	80.049988 	81.024689 	83.432610 	88.323273 	84.172440 	85.375641 	90.249657 	88.294960 	89.269257 	69.007248 	76.000000 	79.025314 	78.006409 	75.026665 	82.006096 	81.024689 	79.101204 	80.099937 	79.309517 	
102.415817 	117.413795 	78.390053 	162.052460 	121.202309 	161.375336 	176.799316 	93.477272 	9.219544 	123.713379 	177.485214 	168.439896 	163.027603 	187.544662 	185.348328 	5.830952 	25.961510 	3.605551 	183.174774 	89.961105 	83.384651 	188.223267 	28.635643 	186.724396 	25.495098 	184.567062 	2.236068 	88.769363 	165.302750 	100.224747 	32.557640 	999.000000 	84.504440 	8.000000 	168.121979 	22.090721 	102.044106 	183.152939 	28.160255 	92.477028 	92.114059 	89.537704 	88.255310 	35.128338 	26.000000 	34.058773 	99.959991 	97.406364 	35.057095 	95.817535 	98.030609 	100.244698 	101.192886 	94.641426 	104.355164 	98.081596 	98.762344 	100.960388 	114.017540 	116.417351 	112.587746 	113.564957 	115.952576 	120.784935 	116.709038 	117.902504 	122.723267 	120.830460 	121.807228 	101.242287 	108.166542 	111.287918 	110.222504 	107.074738 	114.214706 	113.070778 	111.018013 	112.017853 	111.004501 	
30.265491 	42.154476 	14.212670 	89.442719 	43.046486 	88.549423 	106.512909 	13.601471 	76.537575 	44.654228 	106.451866 	95.294281 	88.684837 	118.186295 	115.451286 	88.232651 	58.694122 	85.381500 	112.729767 	7.615773 	2.828427 	118.595955 	56.364883 	116.297035 	59.506302 	113.595772 	82.280006 	5.000000 	90.210861 	16.970562 	52.773098 	84.504440 	999.000000 	77.077881 	92.962357 	63.505905 	18.439089 	110.941429 	57.706154 	8.062258 	7.615773 	5.099020 	4.000000 	51.623638 	60.901562 	53.000000 	15.524175 	13.152946 	54.405884 	12.000000 	14.035668 	16.124516 	17.117243 	12.649111 	20.223749 	15.132746 	16.278820 	18.110771 	31.000000 	34.058773 	31.575306 	32.557640 	34.234486 	38.000000 	35.355339 	36.221542 	40.000000 	39.204590 	40.199501 	31.827662 	37.643059 	38.832977 	38.600517 	38.209946 	41.880783 	42.801868 	42.520584 	43.278172 	44.553337 	
96.046867 	111.040535 	71.561165 	156.272202 	114.621117 	155.569916 	171.330093 	86.452301 	7.280110 	117.068359 	171.944763 	162.640701 	157.079605 	182.222397 	179.961105 	13.341664 	18.384777 	10.440307 	177.721695 	82.734512 	76.059189 	182.877014 	20.880613 	181.289825 	17.720045 	179.067032 	6.082763 	81.437096 	159.289047 	93.021500 	24.738634 	8.000000 	77.077881 	999.000000 	162.114151 	14.142136 	94.810333 	177.519012 	20.223749 	85.088188 	84.693565 	82.079231 	80.777473 	27.166155 	18.000000 	26.076809 	92.477028 	89.888817 	27.073973 	88.255310 	90.476517 	92.698433 	93.637596 	86.977005 	96.798759 	90.443352 	91.093361 	93.300591 	106.320274 	108.669220 	104.785492 	105.759163 	108.171158 	113.053085 	108.908218 	110.113579 	114.982605 	113.030968 	114.004387 	93.263069 	100.179840 	103.310211 	102.239914 	99.080772 	106.230881 	105.076164 	103.019417 	104.019226 	103.004852 	
66.528191 	51.855568 	92.195442 	9.055386 	49.929951 	9.000000 	18.681541 	79.881165 	159.022018 	48.373547 	17.262676 	6.403124 	5.385165 	29.017237 	26.019224 	170.073517 	144.958618 	167.737885 	23.021729 	85.440041 	92.358002 	29.000000 	143.558350 	26.019224 	146.372818 	23.021729 	165.951797 	87.982956 	2.828427 	76.537575 	140.801285 	168.121979 	92.962357 	162.114151 	999.000000 	150.615402 	75.591003 	19.235384 	145.725769 	85.959290 	86.833176 	89.554451 	90.917542 	141.014191 	149.281616 	142.425415 	82.346825 	85.000000 	144.810226 	87.235313 	85.492691 	83.773506 	83.384651 	90.873535 	81.344948 	87.846458 	88.391174 	86.729462 	81.024689 	82.377182 	86.884979 	86.683334 	84.344528 	79.762146 	85.158676 	84.011902 	79.511009 	83.600243 	83.486526 	105.513031 	104.923782 	102.420700 	103.576057 	107.079407 	102.956299 	106.066017 	108.342049 	108.189651 	111.305885 	
84.172440 	99.085823 	59.033890 	145.165421 	102.303467 	144.422989 	160.704697 	73.498299 	16.763054 	104.637466 	161.198639 	151.485977 	145.691452 	171.816757 	169.452057 	27.018513 	5.830952 	24.020824 	167.107742 	69.462219 	62.649822 	172.429703 	7.211102 	170.698563 	4.242640 	168.371613 	20.024984 	68.000000 	147.787003 	79.755875 	10.770329 	22.090721 	63.505905 	14.142136 	150.615402 	999.000000 	81.492332 	166.604324 	6.082763 	71.554176 	71.112587 	68.447060 	67.119293 	13.038404 	4.472136 	12.000000 	78.790863 	76.157730 	13.601471 	74.464760 	76.694199 	78.924011 	79.849861 	73.054771 	83.006027 	76.550636 	77.162170 	79.378838 	92.347168 	94.641426 	90.708321 	91.678787 	94.111633 	99.040398 	94.831429 	96.046867 	100.960388 	98.954536 	99.924973 	79.158073 	86.092972 	89.202019 	88.141930 	85.023529 	92.135773 	91.021973 	89.000000 	90.000000 	89.050545 	
20.591261 	27.073973 	25.179358 	72.801102 	26.248810 	71.867935 	90.138779 	10.049875 	93.776329 	27.313000 	89.888817 	78.390053 	71.589104 	101.843018 	99.020203 	105.475113 	76.478752 	102.693718 	96.208107 	12.083046 	18.867962 	102.181213 	74.303429 	99.724625 	77.414467 	96.932968 	99.809822 	13.601471 	72.897186 	2.000000 	70.830788 	102.044106 	18.439089 	94.810333 	75.591003 	81.492332 	999.000000 	94.021271 	75.802376 	10.630146 	11.401754 	14.212670 	15.620500 	69.892776 	79.075912 	71.281136 	8.062258 	10.049875 	72.801102 	12.165525 	11.000000 	10.198039 	10.440307 	16.124516 	10.816654 	14.035668 	15.132746 	14.560220 	20.808653 	24.413111 	24.758837 	25.455845 	25.612497 	26.832815 	27.018513 	27.202942 	28.635643 	29.681644 	30.528675 	35.902645 	39.000000 	38.470768 	38.910152 	40.496914 	40.816662 	42.941822 	43.863426 	44.283180 	46.615448 	
83.234612 	69.115845 	109.041275 	21.633308 	67.977936 	22.472204 	8.062258 	97.616600 	173.971268 	66.708321 	6.324555 	15.652476 	22.472204 	10.770329 	8.062258 	184.718704 	160.863297 	182.521225 	5.656854 	103.353760 	110.145355 	10.440307 	159.665268 	7.280110 	162.373032 	4.472136 	181.024857 	106.004715 	21.587032 	94.847244 	157.114609 	183.152939 	110.941429 	177.519012 	19.235384 	166.604324 	94.021271 	999.000000 	161.969131 	104.216118 	105.118980 	107.786827 	109.123779 	157.610275 	165.556641 	159.012573 	101.019798 	103.619499 	161.604462 	105.848946 	104.177734 	102.528046 	102.181213 	109.562767 	100.244698 	106.625511 	107.224068 	105.621971 	100.224747 	101.607086 	106.099007 	105.905617 	103.576057 	98.994949 	104.393486 	103.247276 	98.731964 	102.825096 	102.703453 	124.663544 	124.149101 	121.655251 	122.808792 	126.301224 	122.188377 	125.299644 	127.577431 	127.424484 	130.541183 	
79.208588 	94.047859 	53.814495 	140.463516 	97.082436 	139.703262 	156.208191 	68.007355 	22.360680 	99.357941 	156.646103 	146.754898 	140.858078 	167.409683 	165.000000 	33.000000 	5.000000 	30.000000 	162.609970 	63.812225 	56.938564 	168.002975 	3.000000 	166.207703 	3.605551 	163.835281 	26.076809 	62.265560 	142.898560 	74.094536 	5.000000 	28.160255 	57.706154 	20.223749 	145.725769 	6.082763 	75.802376 	161.969131 	999.000000 	65.764732 	65.299309 	62.609905 	61.269894 	7.000000 	3.605551 	6.082763 	72.917763 	70.263786 	8.602325 	68.541962 	70.774292 	73.006851 	73.925636 	67.067131 	77.077881 	70.576202 	71.168816 	73.389374 	86.330757 	88.600227 	84.646324 	85.615417 	88.056801 	93.005379 	88.769363 	89.988892 	94.921021 	92.892410 	93.861603 	73.109505 	80.056229 	83.150467 	82.097504 	79.006332 	86.092972 	85.005882 	83.006027 	84.005951 	83.096329 	
26.172504 	36.138622 	18.681541 	82.855293 	36.249138 	81.939003 	100.089958 	9.486833 	84.433403 	37.589893 	99.924973 	88.566360 	81.841309 	111.789978 	109.004585 	96.135323 	66.708321 	93.300591 	106.230881 	5.000000 	9.219544 	112.160599 	64.404968 	109.772491 	67.542580 	107.018692 	90.249657 	4.000000 	83.240616 	9.433981 	60.827625 	92.477028 	8.062258 	85.088188 	85.959290 	71.554176 	10.630146 	104.216118 	65.764732 	999.000000 	1.000000 	3.605551 	5.000000 	59.682495 	68.963760 	61.057350 	8.000000 	6.324555 	62.425957 	6.403124 	7.615773 	9.219544 	10.198039 	9.433981 	13.038404 	10.000000 	11.401754 	12.529964 	24.331051 	27.658634 	26.000000 	26.925823 	28.160255 	31.257000 	29.410883 	30.083218 	33.241539 	32.984844 	33.955853 	30.886890 	35.608986 	36.069378 	36.124783 	36.619667 	38.897301 	40.360870 	40.607880 	41.231056 	43.011627 	
27.166155 	37.107952 	18.973665 	83.773506 	37.161808 	82.855293 	101.019798 	10.440307 	84.118965 	38.470768 	100.846420 	89.470665 	82.734512 	112.720894 	109.931801 	95.817535 	66.309875 	92.973114 	107.154091 	5.656854 	9.055386 	113.088463 	63.976559 	110.693268 	67.119293 	107.935165 	89.888817 	4.123106 	84.118965 	10.295630 	60.373837 	92.114059 	7.615773 	84.693565 	86.833176 	71.112587 	11.401754 	105.118980 	65.299309 	1.000000 	999.000000 	2.828427 	4.242640 	59.169250 	68.476273 	60.539242 	8.062258 	6.082763 	61.854668 	5.830952 	7.280110 	9.055386 	10.049875 	8.602325 	13.000000 	9.433981 	10.816654 	12.083046 	24.186773 	27.459061 	25.632011 	26.570660 	27.892651 	31.144823 	29.120440 	29.832869 	33.136082 	32.756680 	33.734257 	30.016663 	34.828148 	35.355339 	35.383614 	35.805027 	38.209946 	39.623226 	39.824615 	40.459858 	42.201897 	
29.017237 	39.560081 	17.888544 	86.406021 	39.812057 	85.492691 	103.619499 	12.041595 	81.608826 	41.182522 	103.469803 	92.135773 	85.422478 	115.316956 	112.538879 	93.300591 	63.694584 	90.443352 	109.772491 	6.324555 	7.071068 	115.693558 	61.326992 	113.318138 	64.474800 	110.571243 	87.315521 	3.605551 	86.833176 	13.038404 	57.697487 	89.537704 	5.099020 	82.079231 	89.554451 	68.447060 	14.212670 	107.786827 	62.609905 	3.605551 	2.828427 	999.000000 	1.414214 	56.435802 	65.764732 	57.801384 	10.440307 	8.062258 	59.076221 	7.071068 	9.000000 	11.045361 	12.041595 	8.602325 	15.132746 	10.440307 	11.704700 	13.341664 	26.019224 	29.154760 	26.925823 	27.892651 	29.427877 	33.015148 	30.594116 	31.400637 	35.014282 	34.365681 	35.355339 	29.410883 	34.655445 	35.468296 	35.383614 	35.468296 	38.418747 	39.623226 	39.623226 	40.311287 	41.868843 	
30.000000 	40.804413 	17.492855 	87.726852 	41.146080 	86.815895 	104.923782 	13.000000 	80.361679 	42.544094 	104.785492 	93.471924 	86.769814 	116.619041 	113.846390 	92.048897 	62.393909 	89.185204 	111.085556 	7.071068 	6.324555 	117.000000 	60.008331 	114.634201 	63.158531 	111.892807 	86.034874 	4.123106 	88.192970 	14.422205 	56.364883 	88.255310 	4.000000 	80.777473 	90.917542 	67.119293 	15.620500 	109.123779 	61.269894 	5.000000 	4.242640 	1.414214 	999.000000 	55.072678 	64.412735 	56.435802 	11.704700 	9.219544 	57.688820 	8.000000 	10.049875 	12.165525 	13.152946 	8.944272 	16.278820 	11.180340 	12.369317 	14.142136 	27.000000 	30.066593 	27.658634 	28.635643 	30.265491 	34.000000 	31.400637 	32.249031 	36.000000 	35.227829 	36.221542 	29.206163 	34.655445 	35.608986 	35.468296 	35.383614 	38.600517 	39.698868 	39.597980 	40.311287 	41.773197 	
74.518456 	89.196411 	48.836460 	136.033081 	91.934761 	135.247925 	152.052628 	62.481998 	29.274563 	94.111633 	152.410629 	142.274384 	136.235092 	163.367691 	160.897476 	40.000000 	10.770329 	37.000000 	158.445572 	58.008621 	51.039200 	163.932907 	7.615773 	162.049377 	10.198039 	159.615158 	33.060551 	56.302753 	138.191895 	68.242218 	4.242640 	35.128338 	51.623638 	27.166155 	141.014191 	13.038404 	69.892776 	157.610275 	7.000000 	59.682495 	59.169250 	56.435802 	55.072678 	999.000000 	9.486833 	1.414214 	66.648331 	63.953106 	5.000000 	62.169125 	64.404968 	66.640831 	67.542580 	60.539242 	70.682388 	64.078079 	64.621979 	66.850578 	79.711983 	81.908485 	77.884529 	78.847954 	81.320351 	86.330757 	82.006096 	83.240616 	88.232651 	86.127815 	87.091904 	66.121101 	73.061615 	76.164299 	75.106590 	72.006943 	79.101204 	78.006409 	76.006577 	77.006493 	76.105194 	
