Total assets = 630
Number of asset nodes = 33

Distance:
999.000000 	76.896034 	73.054771 	118.207443 	166.931122 	114.061386 	118.595955 	87.920418 	9.219544 	24.331051 	10.000000 	118.532700 	116.726173 	81.043198 	117.618027 	31.257000 	154.201172 	177.496475 	175.413803 	12.083046 	25.961510 	11.180340 	173.358017 	85.164543 	79.075912 	178.213348 	29.120440 	176.867188 	26.570660 	174.828491 	13.152946 	84.403793 	156.604599 	95.210297 	32.984844 	14.000000 	80.603973 	16.124516 	159.402008 	25.059929 	97.123634 	173.657715 	30.083218 	88.294960 	88.073830 	85.702972 	84.528099 	36.687874 	29.529646 	
76.896034 	999.000000 	4.242640 	43.840622 	100.722389 	38.948685 	43.863426 	11.180340 	74.242844 	57.140179 	85.492691 	43.278172 	41.231056 	7.810250 	42.011902 	51.400391 	83.408630 	111.507851 	108.908218 	85.866173 	58.008621 	83.186539 	106.329674 	10.770329 	10.295630 	112.004463 	56.222771 	109.931801 	59.203041 	107.377838 	80.622574 	12.206555 	85.276024 	19.026299 	53.150730 	82.855293 	13.038404 	76.006577 	88.090858 	63.411354 	21.023796 	105.118980 	58.137768 	15.652476 	16.124516 	15.620500 	15.556349 	53.037724 	61.619801 	
73.054771 	4.242640 	999.000000 	48.083260 	104.809349 	43.185646 	48.104053 	14.866069 	70.213959 	53.000000 	81.541397 	47.507893 	45.453274 	9.219544 	46.227695 	47.201694 	87.618492 	115.602768 	113.017700 	81.859634 	53.823788 	79.158073 	110.453613 	13.038404 	10.000000 	116.107712 	52.009613 	114.057007 	55.000000 	111.516815 	76.537575 	13.601471 	89.498604 	22.360680 	48.918301 	78.771820 	12.806249 	71.867935 	92.314682 	59.203041 	24.331051 	109.288612 	53.907330 	17.464249 	17.720045 	16.552946 	16.124516 	48.795490 	57.384666 	
118.207443 	43.840622 	48.083260 	999.000000 	59.774578 	5.385165 	1.414214 	35.227829 	116.764717 	100.424103 	127.424484 	3.605551 	5.099020 	43.829212 	5.385165 	95.015785 	40.311287 	70.228203 	67.416618 	128.160049 	101.533249 	125.642349 	64.621979 	40.816662 	47.707443 	70.576202 	99.904953 	68.154236 	102.825096 	65.391129 	123.458496 	43.416588 	41.880783 	32.310989 	96.938126 	125.670204 	48.373547 	119.201508 	44.654228 	107.056061 	31.622776 	62.609905 	101.911728 	41.629318 	42.544094 	45.188496 	46.518814 	96.876213 	105.418213 	
166.931122 	100.722389 	104.809349 	59.774578 	999.000000 	65.145988 	60.440052 	94.021271 	167.657394 	153.525238 	176.799316 	62.096699 	64.288414 	102.459747 	64.031242 	149.201202 	22.090721 	10.816654 	8.485281 	178.190903 	155.241745 	176.082367 	6.708204 	99.924973 	106.512909 	11.401754 	154.201172 	10.000000 	156.818359 	8.544003 	174.771286 	102.693718 	22.561028 	92.027168 	151.822266 	176.867188 	107.540688 	171.493439 	21.189621 	161.027954 	91.394745 	10.049875 	156.604599 	101.242287 	102.181213 	104.752090 	106.042442 	152.551636 	160.206116 	
114.061386 	38.948685 	43.185646 	5.385165 	65.145988 	999.000000 	5.000000 	30.000000 	112.361023 	95.801880 	123.166557 	4.472136 	3.000000 	38.600517 	4.000000 	90.271812 	45.650848 	75.610847 	72.801102 	123.822456 	96.829750 	121.264175 	70.007141 	35.510563 	42.438190 	75.960518 	95.131485 	73.539108 	98.081596 	70.774292 	118.983192 	38.078865 	47.169907 	26.925823 	92.097771 	121.202309 	43.046486 	114.621117 	49.929951 	102.303467 	26.248810 	67.977936 	97.082436 	36.249138 	37.161808 	39.812057 	41.146080 	91.934761 	100.568382 	
118.595955 	43.863426 	48.104053 	1.414214 	60.440052 	5.000000 	999.000000 	35.000000 	117.046997 	100.603180 	127.769325 	2.236068 	4.000000 	43.600460 	4.123106 	95.131485 	40.706264 	70.837845 	68.007355 	128.471786 	101.671036 	125.936493 	65.192024 	40.496914 	47.434166 	71.168816 	100.004997 	68.709534 	102.941734 	65.924202 	123.709335 	43.046486 	42.190044 	31.780497 	97.000000 	125.924583 	48.020828 	119.402679 	44.944408 	107.168091 	31.016125 	63.071388 	101.980392 	41.146080 	42.047592 	44.721359 	46.065170 	96.876213 	105.475113 	
87.920418 	11.180340 	14.866069 	35.227829 	94.021271 	30.000000 	35.000000 	999.000000 	85.000000 	67.601776 	96.384644 	34.058773 	31.890438 	8.602325 	32.557640 	61.587337 	75.471848 	104.694794 	101.980392 	96.664368 	68.264191 	93.941475 	99.282425 	6.082763 	12.529964 	105.118980 	66.287254 	102.859123 	69.339745 	100.184830 	91.241440 	9.055386 	77.103828 	8.062258 	63.007935 	93.477272 	13.601471 	86.452301 	79.881165 	73.498299 	10.049875 	97.616600 	68.007355 	9.486833 	10.440307 	12.041595 	13.000000 	62.481998 	71.400284 	
9.219544 	74.242844 	70.213959 	116.764717 	167.657394 	112.361023 	117.046997 	85.000000 	999.000000 	18.248287 	12.041595 	116.811813 	114.908661 	77.620872 	115.762688 	25.179358 	153.912308 	178.331146 	176.139145 	11.704700 	19.000000 	8.944272 	173.971268 	81.706795 	75.272835 	179.011169 	22.022715 	177.519012 	19.104973 	175.368179 	7.211102 	80.653580 	156.204987 	91.923882 	26.019224 	9.219544 	76.537575 	7.280110 	159.022018 	16.763054 	93.776329 	173.971268 	22.360680 	84.433403 	84.118965 	81.608826 	80.361679 	29.274563 	21.189621 	
24.331051 	57.140179 	53.000000 	100.424103 	153.525238 	95.801880 	100.603180 	67.601776 	18.248287 	999.000000 	30.265491 	100.209778 	98.229324 	59.933296 	99.045441 	7.000000 	138.600143 	164.295471 	161.969131 	29.832869 	3.162278 	26.925823 	159.665268 	63.976559 	57.384666 	164.924225 	5.656854 	163.248276 	5.099020 	160.962723 	23.769728 	62.769421 	140.758652 	74.249580 	8.944272 	26.000000 	58.523499 	18.867962 	143.586212 	8.246211 	76.059189 	159.289047 	8.062258 	66.483078 	66.128662 	63.568859 	62.297672 	13.038404 	10.198039 	
10.000000 	85.492691 	81.541397 	127.424484 	176.799316 	123.166557 	127.769325 	96.384644 	12.041595 	30.265491 	999.000000 	127.632286 	125.781555 	89.196411 	126.657021 	37.215588 	163.835281 	187.384628 	185.283569 	3.162278 	31.016125 	5.000000 	183.207535 	93.300591 	86.977005 	188.095718 	34.000000 	186.724396 	31.016125 	184.664566 	9.433981 	92.347168 	166.207703 	103.464973 	38.000000 	8.485281 	88.323273 	15.231546 	169.011841 	28.284271 	105.342300 	183.447540 	34.132095 	96.166519 	95.880135 	93.407707 	92.179176 	41.109608 	32.557640 	
118.532700 	43.278172 	47.507893 	3.605551 	62.096699 	4.472136 	2.236068 	34.058773 	116.811813 	100.209778 	127.632286 	999.000000 	2.236068 	42.638012 	2.000000 	94.641426 	42.047592 	72.422371 	69.570107 	128.280945 	101.212646 	125.717941 	66.730804 	39.408119 	46.400433 	72.732384 	99.488693 	70.228203 	102.449989 	67.416618 	123.422043 	41.880783 	43.416588 	30.413813 	96.426140 	125.642349 	46.872166 	119.037811 	46.141087 	106.667709 	29.546574 	64.474800 	101.414986 	39.824615 	40.706264 	43.416588 	44.777225 	96.208107 	104.890419 	
116.726173 	41.231056 	45.453274 	5.099020 	64.288414 	3.000000 	4.000000 	31.890438 	114.908661 	98.229324 	125.781555 	2.236068 	999.000000 	40.459858 	1.000000 	92.617493 	44.283180 	74.632431 	71.784401 	126.400162 	99.201813 	123.822456 	68.949257 	37.202152 	44.204071 	74.946648 	97.452553 	72.449982 	100.424103 	69.641945 	121.490738 	39.661064 	45.650848 	28.178005 	94.366310 	123.713379 	44.654228 	117.068359 	48.373547 	104.637466 	27.313000 	66.708321 	99.357941 	37.589893 	38.470768 	41.182522 	42.544094 	94.111633 	102.825096 	
81.043198 	7.810250 	9.219544 	43.829212 	102.459747 	38.600517 	43.600460 	8.602325 	77.620872 	59.933296 	89.196411 	42.638012 	40.459858 	999.000000 	41.109608 	53.712196 	84.059502 	113.159180 	110.462662 	89.319649 	60.415230 	86.539009 	107.782188 	4.123106 	4.123106 	113.595772 	58.309521 	111.364265 	61.400326 	108.706024 	83.671982 	4.472136 	85.702972 	14.317822 	54.918121 	85.906929 	6.082763 	78.714676 	88.481636 	65.513359 	16.155495 	106.174385 	59.908264 	8.246211 	8.544003 	7.810250 	7.810250 	54.203320 	63.245552 	
117.618027 	42.011902 	46.227695 	5.385165 	64.031242 	4.000000 	4.123106 	32.557640 	115.762688 	99.045441 	126.657021 	2.000000 	1.000000 	41.109608 	999.000000 	93.407707 	43.863426 	74.330345 	71.470276 	127.263504 	100.000000 	124.679588 	68.622154 	37.802116 	44.821869 	74.632431 	98.234413 	72.111023 	101.212646 	69.289246 	122.331520 	40.224369 	45.177429 	28.653097 	95.131485 	124.555206 	45.221676 	117.889778 	47.885281 	105.422958 	27.730848 	66.309875 	100.124924 	38.078865 	38.948685 	41.677334 	43.046486 	94.847244 	103.585716 	
31.257000 	51.400391 	47.201694 	95.015785 	149.201202 	90.271812 	95.131485 	61.587337 	25.179358 	7.000000 	37.215588 	94.641426 	92.617493 	53.712196 	93.407707 	999.000000 	133.689941 	160.000000 	157.610275 	36.674240 	6.708204 	33.734257 	155.241745 	57.706154 	50.990196 	160.601990 	5.000000 	158.836395 	7.810250 	156.486420 	30.364452 	56.364883 	135.771866 	68.000000 	4.123106 	32.572994 	52.000000 	25.079872 	138.600143 	12.041595 	69.771057 	154.673843 	7.615773 	60.008331 	59.615433 	57.008770 	55.713554 	8.062258 	11.180340 	
154.201172 	83.408630 	87.618492 	40.311287 	22.090721 	45.650848 	40.706264 	75.471848 	153.912308 	138.600143 	163.835281 	42.047592 	44.283180 	84.059502 	43.863426 	133.689941 	999.000000 	31.257000 	28.284271 	164.924225 	140.014282 	162.606888 	25.317978 	81.123360 	87.982956 	31.400637 	138.657852 	28.635643 	141.449631 	25.709921 	160.863297 	83.725746 	3.000000 	72.449982 	135.948517 	163.027603 	88.684837 	157.079605 	5.385165 	145.691452 	71.589104 	22.472204 	140.858078 	81.841309 	82.734512 	85.422478 	86.769814 	136.235092 	144.422989 	
177.496475 	111.507851 	115.602768 	70.228203 	10.816654 	75.610847 	70.837845 	104.694794 	178.331146 	164.295471 	187.384628 	72.422371 	74.632431 	113.159180 	74.330345 	160.000000 	31.257000 	999.000000 	3.000000 	188.809433 	166.027100 	186.724396 	6.000000 	110.571243 	117.200684 	1.000000 	165.000000 	3.605551 	167.609665 	6.324555 	185.456192 	113.318138 	31.016125 	102.528046 	162.631485 	187.544662 	118.186295 	182.222397 	29.017237 	171.816757 	101.843018 	10.770329 	167.409683 	111.789978 	112.720894 	115.316956 	116.619041 	163.367691 	171.011688 	
175.413803 	108.908218 	113.017700 	67.416618 	8.485281 	72.801102 	68.007355 	101.980392 	176.139145 	161.969131 	185.283569 	69.570107 	71.784401 	110.462662 	71.470276 	157.610275 	28.284271 	3.000000 	999.000000 	186.676193 	163.670395 	184.567062 	3.000000 	107.837845 	114.494545 	3.162278 	162.609970 	2.000000 	165.239227 	3.605551 	183.251190 	110.571243 	28.017851 	99.724625 	160.206116 	185.348328 	115.451286 	179.961105 	26.019224 	169.452057 	99.020203 	8.062258 	165.000000 	109.004585 	109.931801 	112.538879 	113.846390 	160.897476 	168.600113 	
12.083046 	85.866173 	81.859634 	128.160049 	178.190903 	123.822456 	128.471786 	96.664368 	11.704700 	29.832869 	3.162278 	128.280945 	126.400162 	89.319649 	127.263504 	36.674240 	164.924225 	188.809433 	186.676193 	999.000000 	30.265491 	3.000000 	184.567062 	93.407707 	86.977005 	189.509888 	33.136082 	188.095718 	30.066593 	186.002686 	7.280110 	92.358002 	167.263260 	103.619499 	37.121422 	5.830952 	88.232651 	13.341664 	170.073517 	27.018513 	105.475113 	184.718704 	33.000000 	96.135323 	95.817535 	93.300591 	92.048897 	40.000000 	31.144823 	
25.961510 	58.008621 	53.823788 	101.533249 	155.241745 	96.829750 	101.671036 	68.264191 	19.000000 	3.162278 	31.016125 	101.212646 	99.201813 	60.415230 	100.000000 	6.708204 	140.014282 	166.027100 	163.670395 	30.265491 	999.000000 	27.294687 	161.335052 	64.412735 	57.697487 	166.643326 	3.162278 	164.924225 	2.000000 	162.606888 	23.769728 	63.071388 	142.130219 	74.706093 	7.071068 	25.961510 	58.694122 	18.384777 	144.958618 	5.830952 	76.478752 	160.863297 	5.000000 	66.708321 	66.309875 	63.694584 	62.393909 	10.770329 	7.071068 	
11.180340 	83.186539 	79.158073 	125.642349 	176.082367 	121.264175 	125.936493 	93.941475 	8.944272 	26.925823 	5.000000 	125.717941 	123.822456 	86.539009 	124.679588 	33.734257 	162.606888 	186.724396 	184.567062 	3.000000 	27.294687 	999.000000 	182.433548 	90.620087 	84.154617 	187.416641 	30.149628 	185.970428 	27.073973 	183.853195 	4.472136 	89.537704 	164.924225 	100.846420 	34.132095 	3.605551 	85.381500 	10.440307 	167.737885 	24.020824 	102.693718 	182.521225 	30.000000 	93.300591 	92.973114 	90.443352 	89.185204 	37.000000 	28.160255 	
173.358017 	106.329674 	110.453613 	64.621979 	6.708204 	70.007141 	65.192024 	99.282425 	173.971268 	159.665268 	183.207535 	66.730804 	68.949257 	107.782188 	68.622154 	155.241745 	25.317978 	6.000000 	3.000000 	184.567062 	161.335052 	182.433548 	999.000000 	105.118980 	111.803398 	6.082763 	160.240448 	3.605551 	162.889526 	2.000000 	181.069046 	107.837845 	25.019993 	96.932968 	157.800507 	183.174774 	112.729767 	177.721695 	23.021729 	167.107742 	96.208107 	5.656854 	162.609970 	106.230881 	107.154091 	109.772491 	111.085556 	158.445572 	166.207703 	
85.164543 	10.770329 	13.038404 	40.816662 	99.924973 	35.510563 	40.496914 	6.082763 	81.706795 	63.976559 	93.300591 	39.408119 	37.202152 	4.123106 	37.802116 	57.706154 	81.123360 	110.571243 	107.837845 	93.407707 	64.412735 	90.620087 	105.118980 	999.000000 	7.071068 	110.981979 	62.265560 	108.687622 	65.368187 	105.990562 	87.726852 	3.000000 	82.680107 	10.295630 	58.830265 	89.961105 	7.615773 	82.734512 	85.440041 	69.462219 	12.083046 	103.353760 	63.812225 	5.000000 	5.656854 	6.324555 	7.071068 	58.008621 	67.119293 	
79.075912 	10.295630 	10.000000 	47.707443 	106.512909 	42.438190 	47.434166 	12.529964 	75.272835 	57.384666 	86.977005 	46.400433 	44.204071 	4.123106 	44.821869 	50.990196 	87.982956 	117.200684 	114.494545 	86.977005 	57.697487 	84.154617 	111.803398 	7.071068 	999.000000 	117.630775 	55.470715 	115.381973 	58.591808 	112.712021 	81.154175 	5.385165 	89.587944 	17.204651 	51.971146 	83.384651 	2.828427 	76.059189 	92.358002 	62.649822 	18.867962 	110.145355 	56.938564 	9.219544 	9.055386 	7.071068 	6.324555 	51.039200 	60.207973 	
178.213348 	112.004463 	116.107712 	70.576202 	11.401754 	75.960518 	71.168816 	105.118980 	179.011169 	164.924225 	188.095718 	72.732384 	74.946648 	113.595772 	74.632431 	160.601990 	31.400637 	1.000000 	3.162278 	189.509888 	166.643326 	187.416641 	6.082763 	110.981979 	117.630775 	999.000000 	165.601929 	3.162278 	168.220093 	6.082763 	186.131668 	113.718948 	31.064449 	102.883430 	163.217651 	188.223267 	118.595955 	182.877014 	29.000000 	172.429703 	102.181213 	10.440307 	168.002975 	112.160599 	113.088463 	115.693558 	117.000000 	163.932907 	171.604202 	
29.120440 	56.222771 	52.009613 	99.904953 	154.201172 	95.131485 	100.004997 	66.287254 	22.022715 	5.656854 	34.000000 	99.488693 	97.452553 	58.309521 	98.234413 	5.000000 	138.657852 	165.000000 	162.609970 	33.136082 	3.162278 	30.149628 	160.240448 	62.265560 	55.470715 	165.601929 	999.000000 	163.835281 	3.162278 	161.483749 	26.476404 	60.827625 	140.730240 	72.560318 	4.000000 	28.635643 	56.364883 	20.880613 	143.558350 	7.211102 	74.303429 	159.665268 	3.000000 	64.404968 	63.976559 	61.326992 	60.008331 	7.615773 	6.324555 	
176.867188 	109.931801 	114.057007 	68.154236 	10.000000 	73.539108 	68.709534 	102.859123 	177.519012 	163.248276 	186.724396 	70.228203 	72.449982 	111.364265 	72.111023 	158.836395 	28.635643 	3.605551 	2.000000 	188.095718 	164.924225 	185.970428 	3.605551 	108.687622 	115.381973 	3.162278 	163.835281 	999.000000 	166.481232 	3.000000 	184.621231 	111.400177 	28.160255 	100.463921 	161.400131 	186.724396 	116.297035 	181.289825 	26.019224 	170.698563 	99.724625 	7.280110 	166.207703 	109.772491 	110.693268 	113.318138 	114.634201 	162.049377 	169.805771 	
26.570660 	59.203041 	55.000000 	102.825096 	156.818359 	98.081596 	102.941734 	69.339745 	19.104973 	5.099020 	31.016125 	102.449989 	100.424103 	61.400326 	101.212646 	7.810250 	141.449631 	167.609665 	165.239227 	30.066593 	2.000000 	27.073973 	162.889526 	65.368187 	58.591808 	168.220093 	3.162278 	166.481232 	999.000000 	164.149323 	23.345236 	63.953106 	143.544418 	75.663727 	7.071068 	25.495098 	59.506302 	17.720045 	146.372818 	4.242640 	77.414467 	162.373032 	3.605551 	67.542580 	67.119293 	64.474800 	63.158531 	10.198039 	5.099020 	
174.828491 	107.377838 	111.516815 	65.391129 	8.544003 	70.774292 	65.924202 	100.184830 	175.368179 	160.962723 	184.664566 	67.416618 	69.641945 	108.706024 	69.289246 	156.486420 	25.709921 	6.324555 	3.605551 	186.002686 	162.606888 	183.853195 	2.000000 	105.990562 	112.712021 	6.082763 	161.483749 	3.000000 	164.149323 	999.000000 	182.455475 	108.687622 	25.179358 	97.693398 	159.012573 	184.567062 	113.595772 	179.067032 	23.021729 	168.371613 	96.932968 	4.472136 	163.835281 	107.018692 	107.935165 	110.571243 	111.892807 	159.615158 	167.430588 	
13.152946 	80.622574 	76.537575 	123.458496 	174.771286 	118.983192 	123.709335 	91.241440 	7.211102 	23.769728 	9.433981 	123.422043 	121.490738 	83.671982 	122.331520 	30.364452 	160.863297 	185.456192 	183.251190 	7.280110 	23.769728 	4.472136 	181.069046 	87.726852 	81.154175 	186.131668 	26.476404 	184.621231 	23.345236 	182.455475 	999.000000 	86.539009 	163.131851 	97.989792 	30.413813 	2.236068 	82.280006 	6.082763 	165.951797 	20.024984 	99.809822 	181.024857 	26.076809 	90.249657 	89.888817 	87.315521 	86.034874 	33.060551 	24.020824 	
84.403793 	12.206555 	13.601471 	43.416588 	102.693718 	38.078865 	43.046486 	9.055386 	80.653580 	62.769421 	92.347168 	41.880783 	39.661064 	4.472136 	40.224369 	56.364883 	83.725746 	113.318138 	110.571243 	92.358002 	63.071388 	89.537704 	107.837845 	3.000000 	5.385165 	113.718948 	60.827625 	111.400177 	63.953106 	108.687622 	86.539009 	999.000000 	85.234970 	12.041595 	57.306194 	88.769363 	5.000000 	81.437096 	87.982956 	68.000000 	13.601471 	106.004715 	62.265560 	4.000000 	4.123106 	3.605551 	4.123106 	56.302753 	65.513359 	
156.604599 	85.276024 	89.498604 	41.880783 	22.561028 	47.169907 	42.190044 	77.103828 	156.204987 	140.758652 	166.207703 	43.416588 	45.650848 	85.702972 	45.177429 	135.771866 	3.000000 	31.016125 	28.017851 	167.263260 	142.130219 	164.924225 	25.019993 	82.680107 	89.587944 	31.064449 	140.730240 	28.160255 	143.544418 	25.179358 	163.131851 	85.234970 	999.000000 	73.824112 	137.974640 	165.302750 	90.210861 	159.289047 	2.828427 	147.787003 	72.897186 	21.587032 	142.898560 	83.240616 	84.118965 	86.833176 	88.192970 	138.191895 	146.454773 	
95.210297 	19.026299 	22.360680 	32.310989 	92.027168 	26.925823 	31.780497 	8.062258 	91.923882 	74.249580 	103.464973 	30.413813 	28.178005 	14.317822 	28.653097 	68.000000 	72.449982 	102.528046 	99.724625 	103.619499 	74.706093 	100.846420 	96.932968 	10.295630 	17.204651 	102.883430 	72.560318 	100.463921 	75.663727 	97.693398 	97.989792 	12.041595 	73.824112 	999.000000 	69.115845 	100.224747 	16.970562 	93.021500 	76.537575 	79.755875 	2.000000 	94.847244 	74.094536 	9.433981 	10.295630 	13.038404 	14.422205 	68.242218 	77.388626 	
32.984844 	53.150730 	48.918301 	96.938126 	151.822266 	92.097771 	97.000000 	63.007935 	26.019224 	8.944272 	38.000000 	96.426140 	94.366310 	54.918121 	95.131485 	4.123106 	135.948517 	162.631485 	160.206116 	37.121422 	7.071068 	34.132095 	157.800507 	58.830265 	51.971146 	163.217651 	4.000000 	161.400131 	7.071068 	159.012573 	30.413813 	57.306194 	137.974640 	69.115845 	999.000000 	32.557640 	52.773098 	24.738634 	140.801285 	10.770329 	70.830788 	157.114609 	5.000000 	60.827625 	60.373837 	57.697487 	56.364883 	4.242640 	8.485281 	
14.000000 	82.855293 	78.771820 	125.670204 	176.867188 	121.202309 	125.924583 	93.477272 	9.219544 	26.000000 	8.485281 	125.642349 	123.713379 	85.906929 	124.555206 	32.572994 	163.027603 	187.544662 	185.348328 	5.830952 	25.961510 	3.605551 	183.174774 	89.961105 	83.384651 	188.223267 	28.635643 	186.724396 	25.495098 	184.567062 	2.236068 	88.769363 	165.302750 	100.224747 	32.557640 	999.000000 	84.504440 	8.000000 	168.121979 	22.090721 	102.044106 	183.152939 	28.160255 	92.477028 	92.114059 	89.537704 	88.255310 	35.128338 	26.000000 	
80.603973 	13.038404 	12.806249 	48.373547 	107.540688 	43.046486 	48.020828 	13.601471 	76.537575 	58.523499 	88.323273 	46.872166 	44.654228 	6.082763 	45.221676 	52.000000 	88.684837 	118.186295 	115.451286 	88.232651 	58.694122 	85.381500 	112.729767 	7.615773 	2.828427 	118.595955 	56.364883 	116.297035 	59.506302 	113.595772 	82.280006 	5.000000 	90.210861 	16.970562 	52.773098 	84.504440 	999.000000 	77.077881 	92.962357 	63.505905 	18.439089 	110.941429 	57.706154 	8.062258 	7.615773 	5.099020 	4.000000 	51.623638 	60.901562 	
16.124516 	76.006577 	71.867935 	119.201508 	171.493439 	114.621117 	119.402679 	86.452301 	7.280110 	18.867962 	15.231546 	119.037811 	117.068359 	78.714676 	117.889778 	25.079872 	157.079605 	182.222397 	179.961105 	13.341664 	18.384777 	10.440307 	177.721695 	82.734512 	76.059189 	182.877014 	20.880613 	181.289825 	17.720045 	179.067032 	6.082763 	81.437096 	159.289047 	93.021500 	24.738634 	8.000000 	77.077881 	999.000000 	162.114151 	14.142136 	94.810333 	177.519012 	20.223749 	85.088188 	84.693565 	82.079231 	80.777473 	27.166155 	18.000000 	
159.402008 	88.090858 	92.314682 	44.654228 	21.189621 	49.929951 	44.944408 	79.881165 	159.022018 	143.586212 	169.011841 	46.141087 	48.373547 	88.481636 	47.885281 	138.600143 	5.385165 	29.017237 	26.019224 	170.073517 	144.958618 	167.737885 	23.021729 	85.440041 	92.358002 	29.000000 	143.558350 	26.019224 	146.372818 	23.021729 	165.951797 	87.982956 	2.828427 	76.537575 	140.801285 	168.121979 	92.962357 	162.114151 	999.000000 	150.615402 	75.591003 	19.235384 	145.725769 	85.959290 	86.833176 	89.554451 	90.917542 	141.014191 	149.281616 	
25.059929 	63.411354 	59.203041 	107.056061 	161.027954 	102.303467 	107.168091 	73.498299 	16.763054 	8.246211 	28.284271 	106.667709 	104.637466 	65.513359 	105.422958 	12.041595 	145.691452 	171.816757 	169.452057 	27.018513 	5.830952 	24.020824 	167.107742 	69.462219 	62.649822 	172.429703 	7.211102 	170.698563 	4.242640 	168.371613 	20.024984 	68.000000 	147.787003 	79.755875 	10.770329 	22.090721 	63.505905 	14.142136 	150.615402 	999.000000 	81.492332 	166.604324 	6.082763 	71.554176 	71.112587 	68.447060 	67.119293 	13.038404 	4.472136 	
97.123634 	21.023796 	24.331051 	31.622776 	91.394745 	26.248810 	31.016125 	10.049875 	93.776329 	76.059189 	105.342300 	29.546574 	27.313000 	16.155495 	27.730848 	69.771057 	71.589104 	101.843018 	99.020203 	105.475113 	76.478752 	102.693718 	96.208107 	12.083046 	18.867962 	102.181213 	74.303429 	99.724625 	77.414467 	96.932968 	99.809822 	13.601471 	72.897186 	2.000000 	70.830788 	102.044106 	18.439089 	94.810333 	75.591003 	81.492332 	999.000000 	94.021271 	75.802376 	10.630146 	11.401754 	14.212670 	15.620500 	69.892776 	79.075912 	
173.657715 	105.118980 	109.288612 	62.609905 	10.049875 	67.977936 	63.071388 	97.616600 	173.971268 	159.289047 	183.447540 	64.474800 	66.708321 	106.174385 	66.309875 	154.673843 	22.472204 	10.770329 	8.062258 	184.718704 	160.863297 	182.521225 	5.656854 	103.353760 	110.145355 	10.440307 	159.665268 	7.280110 	162.373032 	4.472136 	181.024857 	106.004715 	21.587032 	94.847244 	157.114609 	183.152939 	110.941429 	177.519012 	19.235384 	166.604324 	94.021271 	999.000000 	161.969131 	104.216118 	105.118980 	107.786827 	109.123779 	157.610275 	165.556641 	
30.083218 	58.137768 	53.907330 	101.911728 	156.604599 	97.082436 	101.980392 	68.007355 	22.360680 	8.062258 	34.132095 	101.414986 	99.357941 	59.908264 	100.124924 	7.615773 	140.858078 	167.409683 	165.000000 	33.000000 	5.000000 	30.000000 	162.609970 	63.812225 	56.938564 	168.002975 	3.000000 	166.207703 	3.605551 	163.835281 	26.076809 	62.265560 	142.898560 	74.094536 	5.000000 	28.160255 	57.706154 	20.223749 	145.725769 	6.082763 	75.802376 	161.969131 	999.000000 	65.764732 	65.299309 	62.609905 	61.269894 	7.000000 	3.605551 	
88.294960 	15.652476 	17.464249 	41.629318 	101.242287 	36.249138 	41.146080 	9.486833 	84.433403 	66.483078 	96.166519 	39.824615 	37.589893 	8.246211 	38.078865 	60.008331 	81.841309 	111.789978 	109.004585 	96.135323 	66.708321 	93.300591 	106.230881 	5.000000 	9.219544 	112.160599 	64.404968 	109.772491 	67.542580 	107.018692 	90.249657 	4.000000 	83.240616 	9.433981 	60.827625 	92.477028 	8.062258 	85.088188 	85.959290 	71.554176 	10.630146 	104.216118 	65.764732 	999.000000 	1.000000 	3.605551 	5.000000 	59.682495 	68.963760 	
88.073830 	16.124516 	17.720045 	42.544094 	102.181213 	37.161808 	42.047592 	10.440307 	84.118965 	66.128662 	95.880135 	40.706264 	38.470768 	8.544003 	38.948685 	59.615433 	82.734512 	112.720894 	109.931801 	95.817535 	66.309875 	92.973114 	107.154091 	5.656854 	9.055386 	113.088463 	63.976559 	110.693268 	67.119293 	107.935165 	89.888817 	4.123106 	84.118965 	10.295630 	60.373837 	92.114059 	7.615773 	84.693565 	86.833176 	71.112587 	11.401754 	105.118980 	65.299309 	1.000000 	999.000000 	2.828427 	4.242640 	59.169250 	68.476273 	
85.702972 	15.620500 	16.552946 	45.188496 	104.752090 	39.812057 	44.721359 	12.041595 	81.608826 	63.568859 	93.407707 	43.416588 	41.182522 	7.810250 	41.677334 	57.008770 	85.422478 	115.316956 	112.538879 	93.300591 	63.694584 	90.443352 	109.772491 	6.324555 	7.071068 	115.693558 	61.326992 	113.318138 	64.474800 	110.571243 	87.315521 	3.605551 	86.833176 	13.038404 	57.697487 	89.537704 	5.099020 	82.079231 	89.554451 	68.447060 	14.212670 	107.786827 	62.609905 	3.605551 	2.828427 	999.000000 	1.414214 	56.435802 	65.764732 	
84.528099 	15.556349 	16.124516 	46.518814 	106.042442 	41.146080 	46.065170 	13.000000 	80.361679 	62.297672 	92.179176 	44.777225 	42.544094 	7.810250 	43.046486 	55.713554 	86.769814 	116.619041 	113.846390 	92.048897 	62.393909 	89.185204 	111.085556 	7.071068 	6.324555 	117.000000 	60.008331 	114.634201 	63.158531 	111.892807 	86.034874 	4.123106 	88.192970 	14.422205 	56.364883 	88.255310 	4.000000 	80.777473 	90.917542 	67.119293 	15.620500 	109.123779 	61.269894 	5.000000 	4.242640 	1.414214 	999.000000 	55.072678 	64.412735 	
36.687874 	53.037724 	48.795490 	96.876213 	152.551636 	91.934761 	96.876213 	62.481998 	29.274563 	13.038404 	41.109608 	96.208107 	94.111633 	54.203320 	94.847244 	8.062258 	136.235092 	163.367691 	160.897476 	40.000000 	10.770329 	37.000000 	158.445572 	58.008621 	51.039200 	163.932907 	7.615773 	162.049377 	10.198039 	159.615158 	33.060551 	56.302753 	138.191895 	68.242218 	4.242640 	35.128338 	51.623638 	27.166155 	141.014191 	13.038404 	69.892776 	157.610275 	7.000000 	59.682495 	59.169250 	56.435802 	55.072678 	999.000000 	9.486833 	
29.529646 	61.619801 	57.384666 	105.418213 	160.206116 	100.568382 	105.475113 	71.400284 	21.189621 	10.198039 	32.557640 	104.890419 	102.825096 	63.245552 	103.585716 	11.180340 	144.422989 	171.011688 	168.600113 	31.144823 	7.071068 	28.160255 	166.207703 	67.119293 	60.207973 	171.604202 	6.324555 	169.805771 	5.099020 	167.430588 	24.020824 	65.513359 	146.454773 	77.388626 	8.485281 	26.000000 	60.901562 	18.000000 	149.281616 	4.472136 	79.075912 	165.556641 	3.605551 	68.963760 	68.476273 	65.764732 	64.412735 	9.486833 	999.000000 	

Travel time:
9.000000 	1.922401 	1.826369 	2.955186 	4.173278 	2.851535 	2.964899 	2.198010 	0.230489 	0.608276 	0.250000 	2.963317 	2.918154 	2.026080 	2.940451 	0.781425 	3.855029 	4.437412 	4.385345 	0.302076 	0.649038 	0.279509 	4.333951 	2.129114 	1.976898 	4.455334 	0.728011 	4.421679 	0.664266 	4.370712 	0.328824 	2.110095 	3.915115 	2.380257 	0.824621 	0.350000 	2.015099 	0.403113 	3.985050 	0.626498 	2.428091 	4.341443 	0.752080 	2.207374 	2.201846 	2.142574 	2.113203 	0.917197 	0.738241 	
1.922401 	9.000000 	0.106066 	1.096016 	2.518060 	0.973717 	1.096586 	0.279509 	1.856071 	1.428504 	2.137317 	1.081954 	1.030776 	0.195256 	1.050297 	1.285010 	2.085216 	2.787696 	2.722705 	2.146654 	1.450216 	2.079664 	2.658242 	0.269258 	0.257391 	2.800112 	1.405569 	2.748295 	1.480076 	2.684446 	2.015564 	0.305164 	2.131901 	0.475657 	1.328768 	2.071382 	0.325960 	1.900164 	2.202271 	1.585284 	0.525595 	2.627975 	1.453444 	0.391312 	0.403113 	0.390512 	0.388909 	1.325943 	1.540495 	
1.826369 	0.106066 	9.000000 	1.202081 	2.620234 	1.079641 	1.202601 	0.371652 	1.755349 	1.325000 	2.038535 	1.187697 	1.136332 	0.230489 	1.155692 	1.180042 	2.190462 	2.890069 	2.825443 	2.046491 	1.345595 	1.978952 	2.761340 	0.325960 	0.250000 	2.902693 	1.300240 	2.851425 	1.375000 	2.787920 	1.913439 	0.340037 	2.237465 	0.559017 	1.222957 	1.969296 	0.320156 	1.796698 	2.307867 	1.480076 	0.608276 	2.732215 	1.347683 	0.436606 	0.443001 	0.413824 	0.403113 	1.219887 	1.434617 	
2.955186 	1.096016 	1.202081 	9.000000 	1.494365 	0.134629 	0.035355 	0.880696 	2.919118 	2.510602 	3.185612 	0.090139 	0.127475 	1.095730 	0.134629 	2.375395 	1.007782 	1.755705 	1.685416 	3.204001 	2.538331 	3.141059 	1.615549 	1.020416 	1.192686 	1.764405 	2.497624 	1.703856 	2.570627 	1.634778 	3.086462 	1.085415 	1.047020 	0.807775 	2.423453 	3.141755 	1.209339 	2.980038 	1.116356 	2.676402 	0.790569 	1.565248 	2.547793 	1.040733 	1.063602 	1.129712 	1.162970 	2.421905 	2.635455 	
4.173278 	2.518060 	2.620234 	1.494365 	9.000000 	1.628650 	1.511001 	2.350532 	4.191435 	3.838131 	4.419983 	1.552418 	1.607210 	2.561494 	1.600781 	3.730030 	0.552268 	0.270416 	0.212132 	4.454772 	3.881044 	4.402059 	0.167705 	2.498124 	2.662823 	0.285044 	3.855029 	0.250000 	3.920459 	0.213600 	4.369282 	2.567343 	0.564026 	2.300679 	3.795557 	4.421679 	2.688517 	4.287336 	0.529741 	4.025699 	2.284869 	0.251247 	3.915115 	2.531057 	2.554530 	2.618802 	2.651061 	3.813791 	4.005153 	
2.851535 	0.973717 	1.079641 	0.134629 	1.628650 	9.000000 	0.125000 	0.750000 	2.809026 	2.395047 	3.079164 	0.111803 	0.075000 	0.965013 	0.100000 	2.256795 	1.141271 	1.890271 	1.820028 	3.095562 	2.420744 	3.031604 	1.750179 	0.887764 	1.060955 	1.899013 	2.378287 	1.838478 	2.452040 	1.769357 	2.974580 	0.951972 	1.179248 	0.673146 	2.302444 	3.030058 	1.076162 	2.865528 	1.248249 	2.557587 	0.656220 	1.699448 	2.427061 	0.906228 	0.929045 	0.995301 	1.028652 	2.298369 	2.514210 	
2.964899 	1.096586 	1.202601 	0.035355 	1.511001 	0.125000 	9.000000 	0.875000 	2.926175 	2.515079 	3.194233 	0.055902 	0.100000 	1.090011 	0.103078 	2.378287 	1.017657 	1.770946 	1.700184 	3.211795 	2.541776 	3.148412 	1.629801 	1.012423 	1.185854 	1.779220 	2.500125 	1.717738 	2.573543 	1.648105 	3.092733 	1.076162 	1.054751 	0.794512 	2.425000 	3.148115 	1.200521 	2.985067 	1.123610 	2.679202 	0.775403 	1.576785 	2.549510 	1.028652 	1.051190 	1.118034 	1.151629 	2.421905 	2.636878 	
2.198010 	0.279509 	0.371652 	0.880696 	2.350532 	0.750000 	0.875000 	9.000000 	2.125000 	1.690044 	2.409616 	0.851469 	0.797261 	0.215058 	0.813941 	1.539683 	1.886796 	2.617370 	2.549510 	2.416609 	1.706605 	2.348537 	2.482061 	0.152069 	0.313249 	2.627975 	1.657181 	2.571478 	1.733494 	2.504621 	2.281036 	0.226385 	1.927596 	0.201556 	1.575198 	2.336932 	0.340037 	2.161308 	1.997029 	1.837457 	0.251247 	2.440415 	1.700184 	0.237171 	0.261008 	0.301040 	0.325000 	1.562050 	1.785007 	
0.230489 	1.856071 	1.755349 	2.919118 	4.191435 	2.809026 	2.926175 	2.125000 	9.000000 	0.456207 	0.301040 	2.920295 	2.872716 	1.940522 	2.894067 	0.629484 	3.847808 	4.458279 	4.403479 	0.292617 	0.475000 	0.223607 	4.349282 	2.042670 	1.881821 	4.475279 	0.550568 	4.437975 	0.477624 	4.384204 	0.180278 	2.016340 	3.905125 	2.298097 	0.650481 	0.230489 	1.913439 	0.182003 	3.975550 	0.419076 	2.344408 	4.349282 	0.559017 	2.110835 	2.102974 	2.040221 	2.009042 	0.731864 	0.529741 	
0.608276 	1.428504 	1.325000 	2.510602 	3.838131 	2.395047 	2.515079 	1.690044 	0.456207 	9.000000 	0.756637 	2.505244 	2.455733 	1.498332 	2.476136 	0.175000 	3.465003 	4.107387 	4.049228 	0.745822 	0.079057 	0.673146 	3.991632 	1.599414 	1.434617 	4.123106 	0.141421 	4.081207 	0.127475 	4.024068 	0.594243 	1.569236 	3.518966 	1.856240 	0.223607 	0.650000 	1.463087 	0.471699 	3.589655 	0.206155 	1.901480 	3.982226 	0.201556 	1.662077 	1.653217 	1.589221 	1.557442 	0.325960 	0.254951 	
0.250000 	2.137317 	2.038535 	3.185612 	4.419983 	3.079164 	3.194233 	2.409616 	0.301040 	0.756637 	9.000000 	3.190807 	3.144539 	2.229910 	3.166425 	0.930390 	4.095882 	4.684616 	4.632089 	0.079057 	0.775403 	0.125000 	4.580188 	2.332515 	2.174425 	4.702393 	0.850000 	4.668110 	0.775403 	4.616614 	0.235850 	2.308679 	4.155192 	2.586624 	0.950000 	0.212132 	2.208082 	0.380789 	4.225296 	0.707107 	2.633558 	4.586188 	0.853302 	2.404163 	2.397003 	2.335193 	2.304479 	1.027740 	0.813941 	
2.963317 	1.081954 	1.187697 	0.090139 	1.552418 	0.111803 	0.055902 	0.851469 	2.920295 	2.505244 	3.190807 	9.000000 	0.055902 	1.065950 	0.050000 	2.366036 	1.051190 	1.810559 	1.739253 	3.207024 	2.530316 	3.142949 	1.668270 	0.985203 	1.160011 	1.818310 	2.487217 	1.755705 	2.561250 	1.685416 	3.085551 	1.047020 	1.085415 	0.760345 	2.410654 	3.141059 	1.171804 	2.975945 	1.153527 	2.666693 	0.738664 	1.611870 	2.535375 	0.995615 	1.017657 	1.085415 	1.119431 	2.405203 	2.622261 	
2.918154 	1.030776 	1.136332 	0.127475 	1.607210 	0.075000 	0.100000 	0.797261 	2.872716 	2.455733 	3.144539 	0.055902 	9.000000 	1.011496 	0.025000 	2.315437 	1.107080 	1.865811 	1.794610 	3.160004 	2.480045 	3.095562 	1.723731 	0.930054 	1.105102 	1.873666 	2.436314 	1.811249 	2.510602 	1.741049 	3.037268 	0.991527 	1.141271 	0.704450 	2.359158 	3.092834 	1.116356 	2.926709 	1.209339 	2.615937 	0.682825 	1.667708 	2.483948 	0.939747 	0.961769 	1.029563 	1.063602 	2.352791 	2.570627 	
2.026080 	0.195256 	0.230489 	1.095730 	2.561494 	0.965013 	1.090011 	0.215058 	1.940522 	1.498332 	2.229910 	1.065950 	1.011496 	9.000000 	1.027740 	1.342805 	2.101488 	2.828979 	2.761567 	2.232991 	1.510381 	2.163475 	2.694555 	0.103078 	0.103078 	2.839894 	1.457738 	2.784107 	1.535008 	2.717651 	2.091799 	0.111803 	2.142574 	0.357946 	1.372953 	2.147673 	0.152069 	1.967867 	2.212041 	1.637834 	0.403887 	2.654360 	1.497707 	0.206155 	0.213600 	0.195256 	0.195256 	1.355083 	1.581139 	
2.940451 	1.050297 	1.155692 	0.134629 	1.600781 	0.100000 	0.103078 	0.813941 	2.894067 	2.476136 	3.166425 	0.050000 	0.025000 	1.027740 	9.000000 	2.335193 	1.096586 	1.858259 	1.786757 	3.181588 	2.500000 	3.116990 	1.715554 	0.945053 	1.120547 	1.865811 	2.455860 	1.802776 	2.530316 	1.732231 	3.058288 	1.005609 	1.129436 	0.716327 	2.378287 	3.113880 	1.130542 	2.947244 	1.197132 	2.635574 	0.693271 	1.657747 	2.503123 	0.951972 	0.973717 	1.041933 	1.076162 	2.371181 	2.589643 	
0.781425 	1.285010 	1.180042 	2.375395 	3.730030 	2.256795 	2.378287 	1.539683 	0.629484 	0.175000 	0.930390 	2.366036 	2.315437 	1.342805 	2.335193 	9.000000 	3.342248 	4.000000 	3.940257 	0.916856 	0.167705 	0.843356 	3.881044 	1.442654 	1.274755 	4.015050 	0.125000 	3.970910 	0.195256 	3.912160 	0.759111 	1.409122 	3.394297 	1.700000 	0.103078 	0.814325 	1.300000 	0.626997 	3.465003 	0.301040 	1.744276 	3.866846 	0.190394 	1.500208 	1.490386 	1.425219 	1.392839 	0.201556 	0.279509 	
3.855029 	2.085216 	2.190462 	1.007782 	0.552268 	1.141271 	1.017657 	1.886796 	3.847808 	3.465003 	4.095882 	1.051190 	1.107080 	2.101488 	1.096586 	3.342248 	9.000000 	0.781425 	0.707107 	4.123106 	3.500357 	4.065172 	0.632949 	2.028084 	2.199574 	0.785016 	3.466446 	0.715891 	3.536241 	0.642748 	4.021583 	2.093144 	0.075000 	1.811249 	3.398713 	4.075690 	2.217121 	3.926990 	0.134629 	3.642286 	1.789728 	0.561805 	3.521452 	2.046033 	2.068363 	2.135562 	2.169245 	3.405877 	3.610575 	
4.437412 	2.787696 	2.890069 	1.755705 	0.270416 	1.890271 	1.770946 	2.617370 	4.458279 	4.107387 	4.684616 	1.810559 	1.865811 	2.828979 	1.858259 	4.000000 	0.781425 	9.000000 	0.075000 	4.720236 	4.150678 	4.668110 	0.150000 	2.764281 	2.930017 	0.025000 	4.125000 	0.090139 	4.190242 	0.158114 	4.636405 	2.832953 	0.775403 	2.563201 	4.065787 	4.688617 	2.954657 	4.555560 	0.725431 	4.295419 	2.546075 	0.269258 	4.185242 	2.794749 	2.818022 	2.882924 	2.915476 	4.084192 	4.275292 	
4.385345 	2.722705 	2.825443 	1.685416 	0.212132 	1.820028 	1.700184 	2.549510 	4.403479 	4.049228 	4.632089 	1.739253 	1.794610 	2.761567 	1.786757 	3.940257 	0.707107 	0.075000 	9.000000 	4.666905 	4.091760 	4.614177 	0.075000 	2.695946 	2.862364 	0.079057 	4.065249 	0.050000 	4.130980 	0.090139 	4.581280 	2.764281 	0.700446 	2.493116 	4.005153 	4.633708 	2.886282 	4.499028 	0.650481 	4.236301 	2.475505 	0.201556 	4.125000 	2.725115 	2.748295 	2.813472 	2.846160 	4.022437 	4.215003 	
0.302076 	2.146654 	2.046491 	3.204001 	4.454772 	3.095562 	3.211795 	2.416609 	0.292617 	0.745822 	0.079057 	3.207024 	3.160004 	2.232991 	3.181588 	0.916856 	4.123106 	4.720236 	4.666905 	9.000000 	0.756637 	0.075000 	4.614177 	2.335193 	2.174425 	4.737747 	0.828402 	4.702393 	0.751665 	4.650067 	0.182003 	2.308950 	4.181581 	2.590487 	0.928036 	0.145774 	2.205816 	0.333542 	4.251838 	0.675463 	2.636878 	4.617968 	0.825000 	2.403383 	2.395438 	2.332515 	2.301222 	1.000000 	0.778621 	
0.649038 	1.450216 	1.345595 	2.538331 	3.881044 	2.420744 	2.541776 	1.706605 	0.475000 	0.079057 	0.775403 	2.530316 	2.480045 	1.510381 	2.500000 	0.167705 	3.500357 	4.150678 	4.091760 	0.756637 	9.000000 	0.682367 	4.033376 	1.610318 	1.442437 	4.166083 	0.079057 	4.123106 	0.050000 	4.065172 	0.594243 	1.576785 	3.553256 	1.867652 	0.176777 	0.649038 	1.467353 	0.459619 	3.623966 	0.145774 	1.911969 	4.021583 	0.125000 	1.667708 	1.657747 	1.592365 	1.559848 	0.269258 	0.176777 	
0.279509 	2.079664 	1.978952 	3.141059 	4.402059 	3.031604 	3.148412 	2.348537 	0.223607 	0.673146 	0.125000 	3.142949 	3.095562 	2.163475 	3.116990 	0.843356 	4.065172 	4.668110 	4.614177 	0.075000 	0.682367 	9.000000 	4.560839 	2.265502 	2.103865 	4.685416 	0.753741 	4.649261 	0.676849 	4.596330 	0.111803 	2.238443 	4.123106 	2.521161 	0.853302 	0.090139 	2.134537 	0.261008 	4.193447 	0.600521 	2.567343 	4.563031 	0.750000 	2.332515 	2.324328 	2.261084 	2.229630 	0.925000 	0.704006 	
4.333951 	2.658242 	2.761340 	1.615549 	0.167705 	1.750179 	1.629801 	2.482061 	4.349282 	3.991632 	4.580188 	1.668270 	1.723731 	2.694555 	1.715554 	3.881044 	0.632949 	0.150000 	0.075000 	4.614177 	4.033376 	4.560839 	9.000000 	2.627975 	2.795085 	0.152069 	4.006011 	0.090139 	4.072238 	0.050000 	4.526726 	2.695946 	0.625500 	2.423324 	3.945013 	4.579370 	2.818244 	4.443042 	0.575543 	4.177693 	2.405203 	0.141421 	4.065249 	2.655772 	2.678852 	2.744312 	2.777139 	3.961139 	4.155192 	
2.129114 	0.269258 	0.325960 	1.020416 	2.498124 	0.887764 	1.012423 	0.152069 	2.042670 	1.599414 	2.332515 	0.985203 	0.930054 	0.103078 	0.945053 	1.442654 	2.028084 	2.764281 	2.695946 	2.335193 	1.610318 	2.265502 	2.627975 	9.000000 	0.176777 	2.774549 	1.556639 	2.717191 	1.634205 	2.649764 	2.193171 	0.075000 	2.067003 	0.257391 	1.470757 	2.249028 	0.190394 	2.068363 	2.136001 	1.736555 	0.302076 	2.583844 	1.595306 	0.125000 	0.141421 	0.158114 	0.176777 	1.450216 	1.677982 	
1.976898 	0.257391 	0.250000 	1.192686 	2.662823 	1.060955 	1.185854 	0.313249 	1.881821 	1.434617 	2.174425 	1.160011 	1.105102 	0.103078 	1.120547 	1.274755 	2.199574 	2.930017 	2.862364 	2.174425 	1.442437 	2.103865 	2.795085 	0.176777 	9.000000 	2.940769 	1.386768 	2.884549 	1.464795 	2.817801 	2.028854 	0.134629 	2.239699 	0.430116 	1.299279 	2.084616 	0.070711 	1.901480 	2.308950 	1.566246 	0.471699 	2.753634 	1.423464 	0.230489 	0.226385 	0.176777 	0.158114 	1.275980 	1.505199 	
4.455334 	2.800112 	2.902693 	1.764405 	0.285044 	1.899013 	1.779220 	2.627975 	4.475279 	4.123106 	4.702393 	1.818310 	1.873666 	2.839894 	1.865811 	4.015050 	0.785016 	0.025000 	0.079057 	4.737747 	4.166083 	4.685416 	0.152069 	2.774549 	2.940769 	9.000000 	4.140048 	0.079057 	4.205503 	0.152069 	4.653292 	2.842974 	0.776611 	2.572086 	4.080441 	4.705582 	2.964899 	4.571925 	0.725000 	4.310742 	2.554530 	0.261008 	4.200074 	2.804015 	2.827212 	2.892339 	2.925000 	4.098323 	4.290105 	
