Total assets = 660
Number of asset nodes = 33

Distance:
999.000000 	35.227829 	6.403124 	94.540993 	8.485281 	100.846420 	112.258629 	100.089958 	74.732857 	99.724625 	10.770329 	12.206555 	95.189285 	104.546638 	78.854294 	74.148499 	126.150703 	101.242287 	99.297531 	73.681747 	109.562767 	115.550858 	16.552946 	75.663727 	16.278820 	79.906197 	76.531036 	36.769554 	117.175079 	118.105888 	162.431519 	83.600243 	149.789856 	114.490173 	149.251465 	118.680244 	162.800491 	91.082382 	25.553865 	36.359318 	23.021729 	118.928551 	117.324333 	152.856140 	85.287750 	118.270874 	163.807816 	42.485291 	156.160172 	26.570660 	
35.227829 	999.000000 	31.048349 	61.587337 	30.675724 	67.742157 	79.881165 	66.730804 	39.849716 	66.241982 	34.014702 	31.304953 	61.269894 	71.196907 	43.965897 	39.051247 	99.201813 	67.535179 	65.306969 	38.470768 	76.059189 	82.492424 	33.837849 	40.447498 	37.735924 	44.721359 	41.303753 	18.027756 	83.648071 	84.534019 	133.660019 	48.373547 	119.205704 	80.529495 	118.562218 	84.970581 	133.645050 	55.901699 	34.058773 	23.345236 	43.416588 	85.000000 	83.258636 	122.147453 	50.089920 	84.172440 	134.380051 	23.194826 	125.606529 	38.948685 	
6.403124 	31.048349 	999.000000 	91.678787 	2.236068 	97.943863 	109.658562 	97.082436 	70.880180 	96.664368 	6.082763 	6.324555 	91.923882 	101.552940 	75.000000 	70.092796 	125.175873 	98.086693 	96.005211 	69.426216 	106.512909 	112.698715 	11.180340 	71.386276 	12.165525 	75.709976 	72.180328 	30.675724 	114.127121 	115.039124 	161.074524 	79.246452 	147.871567 	111.233986 	147.299011 	115.550858 	161.335052 	86.884979 	19.697716 	30.016663 	19.416489 	115.693558 	114.017540 	150.903946 	80.752708 	114.947815 	162.265213 	36.249138 	154.262756 	21.377558 	
94.540993 	61.587337 	91.678787 	999.000000 	91.706055 	6.324555 	18.439089 	6.000000 	25.238859 	6.082763 	95.383438 	92.784698 	6.708204 	10.198039 	22.360680 	27.784887 	46.690472 	8.246211 	8.602325 	30.413813 	15.297058 	21.023796 	95.414886 	29.546574 	99.322708 	26.248810 	30.083218 	73.552704 	22.803509 	23.769728 	75.166481 	27.294687 	58.796257 	21.023796 	58.051701 	24.515301 	74.632431 	23.194826 	94.641426 	79.195961 	104.861816 	25.179358 	24.020824 	61.554855 	30.066593 	25.019993 	75.000000 	74.411018 	65.115280 	99.639351 	
8.485281 	30.675724 	2.236068 	91.706055 	999.000000 	97.948967 	109.772491 	97.046379 	70.519501 	96.607452 	4.472136 	4.123106 	91.787796 	101.518471 	74.632431 	69.641945 	125.865005 	97.989792 	95.854057 	68.883957 	106.451866 	112.712021 	9.055386 	70.830788 	10.440307 	75.186432 	71.589104 	29.120440 	114.061386 	114.965210 	161.616837 	78.644768 	148.219437 	111.085556 	147.634689 	115.451286 	161.839432 	86.348129 	17.464249 	28.178005 	17.720045 	115.550858 	113.846390 	151.238220 	80.062477 	114.769333 	162.742126 	34.539833 	154.615646 	19.235384 	
100.846420 	67.742157 	97.943863 	6.324555 	97.948967 	999.000000 	12.806249 	2.000000 	30.479502 	3.000000 	101.597244 	98.979797 	8.544003 	4.000000 	27.202942 	32.802441 	44.045429 	4.472136 	7.071068 	35.227829 	9.055386 	14.764823 	101.548019 	34.132095 	105.475113 	30.413813 	34.481880 	79.309517 	16.492422 	17.464249 	70.327805 	30.675724 	53.413483 	15.033297 	52.630791 	18.248287 	69.641945 	25.179358 	100.603180 	84.899940 	110.941429 	19.026299 	18.027756 	56.080299 	32.984844 	19.026299 	69.892776 	79.931221 	59.665737 	105.603027 	
112.258629 	79.881165 	109.658562 	18.439089 	109.772491 	12.806249 	999.000000 	14.422205 	43.278172 	15.264338 	113.534134 	110.981979 	21.095022 	10.770329 	40.000000 	45.607018 	34.525352 	15.231546 	18.384777 	48.010414 	9.055386 	5.830952 	113.718948 	46.872166 	117.596771 	43.046486 	47.169907 	91.967384 	10.000000 	10.816654 	57.706154 	42.953465 	40.607880 	13.038404 	39.824615 	12.206555 	56.938564 	36.687874 	113.070778 	97.590981 	123.223373 	14.212670 	14.866069 	43.278172 	44.944408 	15.556349 	57.140179 	92.698433 	46.861500 	118.067780 	
100.089958 	66.730804 	97.082436 	6.000000 	97.046379 	2.000000 	14.422205 	999.000000 	29.000000 	1.000000 	100.647903 	98.005104 	6.708204 	4.472136 	25.612497 	31.240999 	46.043457 	2.828427 	5.099020 	33.600594 	9.486833 	15.811388 	100.498756 	32.449963 	104.446159 	28.653097 	32.756680 	77.987175 	17.088007 	18.027756 	72.069412 	28.792360 	55.000000 	15.033297 	54.203320 	18.681541 	71.344238 	23.194826 	99.403221 	83.546394 	109.836243 	19.235384 	18.027756 	57.628117 	31.048349 	19.026299 	71.561165 	78.492035 	61.220913 	104.403069 	
74.732857 	39.849716 	70.880180 	25.238859 	70.519501 	30.479502 	43.278172 	29.000000 	999.000000 	28.284271 	73.736015 	70.936592 	22.671568 	33.241539 	4.123106 	3.000000 	70.519501 	29.068884 	26.400757 	6.000000 	37.643059 	44.598206 	72.917763 	6.324555 	76.967529 	7.211102 	7.615773 	49.203659 	45.000000 	45.803928 	100.404182 	11.661903 	83.868942 	41.340054 	83.096329 	46.043457 	99.864906 	17.117243 	71.021126 	54.671749 	81.884064 	45.793011 	43.908997 	86.556343 	15.000000 	44.777225 	100.209778 	49.497475 	90.138779 	76.006577 	
99.724625 	66.241982 	96.664368 	6.082763 	96.607452 	3.000000 	15.264338 	1.000000 	28.284271 	999.000000 	100.184830 	97.529480 	5.830952 	5.000000 	24.839485 	30.479502 	47.042534 	2.236068 	4.123106 	32.802441 	9.848858 	16.401220 	99.985001 	31.622776 	103.942291 	27.784887 	31.906113 	77.336922 	17.464249 	18.384777 	72.945183 	27.856777 	55.803226 	15.132746 	55.000000 	18.973665 	72.201111 	22.203604 	98.812958 	82.879433 	109.293182 	19.416489 	18.110771 	58.412327 	30.083218 	19.104973 	72.401657 	77.781746 	62.008064 	103.812332 	
10.770329 	34.014702 	6.082763 	95.383438 	4.472136 	101.597244 	113.534134 	100.647903 	73.736015 	100.184830 	999.000000 	3.000000 	95.273293 	105.118980 	77.833153 	72.732384 	130.115326 	101.518471 	99.317673 	71.840103 	110.018181 	116.361504 	5.830952 	73.763138 	6.082763 	78.160095 	74.464760 	30.265491 	117.618027 	118.511604 	165.758865 	81.492332 	152.200531 	114.542572 	151.604752 	118.966385 	165.951797 	89.286057 	15.000000 	28.460499 	13.341664 	119.012604 	117.273186 	155.206314 	82.764725 	118.186295 	166.832245 	35.171009 	158.600128 	15.811388 	
12.206555 	31.304953 	6.324555 	92.784698 	4.123106 	98.979797 	110.981979 	98.005104 	70.936592 	97.529480 	3.000000 	999.000000 	92.574295 	102.474388 	75.026665 	69.892776 	128.035156 	98.838249 	96.607452 	68.963760 	107.354553 	113.740936 	5.000000 	70.880180 	7.211102 	75.286118 	71.568146 	27.294687 	114.947815 	115.836090 	163.526749 	78.587532 	149.806549 	111.825760 	149.201202 	116.275536 	163.685669 	86.400230 	13.416408 	25.632011 	14.317822 	116.297035 	114.542572 	152.800522 	79.831070 	115.451286 	164.541794 	32.280025 	156.208191 	15.132746 	
95.189285 	61.269894 	91.923882 	6.708204 	91.787796 	8.544003 	21.095022 	6.708204 	22.671568 	5.830952 	95.273293 	92.574295 	999.000000 	10.630146 	19.104973 	24.758837 	52.239830 	6.403124 	4.123106 	27.018513 	15.000000 	21.931713 	94.894676 	25.806976 	98.883774 	21.954498 	26.076809 	71.840103 	22.472204 	23.323807 	78.771820 	22.135944 	61.611687 	19.313208 	60.802959 	23.706539 	78.032043 	17.000000 	93.477272 	77.336922 	104.100914 	23.769728 	22.135944 	64.202805 	24.515301 	23.086792 	78.230431 	72.138756 	67.801178 	98.473343 	
104.546638 	71.196907 	101.552940 	10.198039 	101.518471 	4.000000 	10.770329 	4.472136 	33.241539 	5.000000 	105.118980 	102.474388 	10.630146 	999.000000 	29.732138 	35.383614 	44.045429 	4.472136 	7.615773 	37.643059 	5.099020 	11.401754 	104.957130 	36.400551 	108.908218 	32.449963 	36.619667 	82.328613 	12.649111 	13.601471 	68.425140 	32.202484 	51.039200 	11.045361 	50.219517 	14.317822 	67.601776 	25.961510 	103.812332 	87.863533 	114.280357 	15.033297 	14.035668 	53.600372 	34.176014 	15.033297 	67.742157 	82.734512 	57.201397 	108.811768 	
78.854294 	43.965897 	75.000000 	22.360680 	74.632431 	27.202942 	40.000000 	25.612497 	4.123106 	24.839485 	77.833153 	75.026665 	19.104973 	29.732138 	999.000000 	5.656854 	68.410522 	25.455845 	22.671568 	8.062258 	33.970577 	41.012192 	76.967529 	7.280110 	81.024689 	5.385165 	8.062258 	53.009434 	41.231056 	42.011902 	97.416634 	9.219544 	80.603973 	37.443291 	79.812279 	42.201897 	96.798759 	13.341664 	74.946648 	58.412327 	85.883644 	41.880783 	39.962482 	83.240616 	12.806249 	40.816662 	97.082436 	53.075417 	86.833176 	79.924965 	
74.148499 	39.051247 	70.092796 	27.784887 	69.641945 	32.802441 	45.607018 	31.240999 	3.000000 	30.479502 	72.732384 	69.892776 	24.758837 	35.383614 	5.656854 	999.000000 	73.375748 	31.112698 	28.319605 	3.000000 	39.623226 	46.669048 	71.693794 	3.605551 	75.769386 	6.082763 	5.000000 	47.434166 	46.861500 	47.634022 	102.927162 	10.440307 	86.214851 	43.011627 	85.428329 	47.801674 	102.342560 	17.029387 	69.462219 	52.801514 	80.498444 	47.434166 	45.486263 	88.865067 	13.416408 	46.324940 	102.649887 	47.423622 	92.455391 	74.431175 	
126.150703 	99.201813 	125.175873 	46.690472 	125.865005 	44.045429 	34.525352 	46.043457 	70.519501 	47.042534 	130.115326 	128.035156 	52.239830 	44.045429 	68.410522 	73.375748 	999.000000 	48.000000 	51.009804 	76.243034 	43.566040 	38.600517 	131.711807 	75.690155 	135.148071 	72.780495 	76.400261 	114.586212 	42.379242 	42.720020 	37.121422 	73.979729 	31.064449 	46.840153 	31.144823 	44.011364 	38.078865 	69.180923 	133.225372 	120.415947 	141.675690 	46.238514 	47.759815 	34.014702 	76.655075 	48.104053 	39.560081 	116.846054 	36.055511 	138.057953 	
101.242287 	67.535179 	98.086693 	8.246211 	97.989792 	4.472136 	15.231546 	2.828427 	29.068884 	2.236068 	101.518471 	98.838249 	6.403124 	4.472136 	25.455845 	31.112698 	48.000000 	999.000000 	3.162278 	33.301651 	8.602325 	15.556349 	101.212646 	32.015621 	105.190300 	28.017851 	32.202484 	78.243210 	16.124516 	17.000000 	72.897186 	27.730848 	55.470715 	13.341664 	54.644306 	17.464249 	72.069412 	21.587032 	99.864906 	83.737686 	110.453613 	17.720045 	16.278820 	58.008621 	29.732138 	17.262676 	72.201111 	78.517517 	61.611687 	104.861816 	
99.297531 	65.306969 	96.005211 	8.602325 	95.854057 	7.071068 	18.384777 	5.099020 	26.400757 	4.123106 	99.317673 	96.607452 	4.123106 	7.615773 	22.671568 	28.319605 	51.009804 	3.162278 	999.000000 	30.413813 	11.313708 	18.439089 	98.883774 	29.068884 	102.883430 	25.000000 	29.206163 	75.604233 	18.601076 	19.416489 	76.026314 	24.596748 	58.523499 	15.231546 	57.688820 	19.723083 	75.179787 	18.439089 	97.349884 	81.055534 	108.046288 	19.697716 	18.027756 	61.032780 	26.570660 	18.973665 	75.292763 	75.742989 	64.637451 	102.342560 	
73.681747 	38.470768 	69.426216 	30.413813 	68.883957 	35.227829 	48.010414 	33.600594 	6.000000 	32.802441 	71.840103 	68.963760 	27.018513 	37.643059 	8.062258 	3.000000 	76.243034 	33.301651 	30.413813 	999.000000 	41.725292 	48.836460 	70.576202 	2.000000 	74.672615 	6.324555 	3.162278 	45.793011 	48.836460 	49.578220 	105.475113 	10.000000 	88.600227 	44.821869 	87.800911 	49.678970 	104.847511 	17.464249 	68.000000 	51.039200 	79.202271 	49.203659 	47.201694 	91.214035 	12.369317 	48.010414 	105.118980 	45.453274 	94.810333 	72.945183 	
109.562767 	76.059189 	106.512909 	15.297058 	106.451866 	9.055386 	9.055386 	9.486833 	37.643059 	9.848858 	110.018181 	107.354553 	15.000000 	5.099020 	33.970577 	39.623226 	43.566040 	8.602325 	11.313708 	41.725292 	999.000000 	7.211102 	109.772491 	40.360870 	113.740936 	36.235340 	40.459858 	86.833176 	7.615773 	8.544003 	65.391129 	35.510563 	47.507893 	6.324555 	46.647614 	9.219544 	64.404968 	28.635643 	108.466583 	92.314682 	119.037811 	10.000000 	9.219544 	49.929951 	37.121422 	10.198039 	64.412735 	87.045967 	53.535034 	113.463654 	
115.550858 	82.492424 	112.698715 	21.023796 	112.712021 	14.764823 	5.830952 	15.811388 	44.598206 	16.401220 	116.361504 	113.740936 	21.931713 	11.401754 	41.012192 	46.669048 	38.600517 	15.556349 	18.439089 	48.836460 	7.211102 	999.000000 	116.284134 	47.507893 	120.220627 	43.416588 	47.634022 	93.723000 	4.242640 	5.000000 	58.309521 	42.720020 	40.311287 	8.246211 	39.446167 	6.403124 	57.271286 	35.777088 	115.208504 	99.247169 	125.642349 	8.485281 	9.433981 	42.720020 	44.294468 	10.000000 	57.245087 	94.069122 	46.324940 	120.208153 	
16.552946 	33.837849 	11.180340 	95.414886 	9.055386 	101.548019 	113.718948 	100.498756 	72.917763 	99.985001 	5.830952 	5.000000 	94.894676 	104.957130 	76.967529 	71.693794 	131.711807 	101.212646 	98.883774 	70.576202 	109.772491 	116.284134 	999.000000 	72.449982 	4.123106 	76.896034 	73.054771 	27.018513 	117.337120 	118.207443 	166.931122 	80.006248 	152.895386 	114.061386 	152.269501 	118.595955 	167.026947 	87.920418 	9.219544 	24.331051 	10.000000 	118.532700 	116.726173 	155.862122 	81.043198 	117.618027 	167.836227 	31.257000 	159.298462 	10.198039 	
75.663727 	40.447498 	71.386276 	29.546574 	70.830788 	34.132095 	46.872166 	32.449963 	6.324555 	31.622776 	73.763138 	70.880180 	25.806976 	36.400551 	7.280110 	3.605551 	75.690155 	32.015621 	29.068884 	2.000000 	40.360870 	47.507893 	72.449982 	999.000000 	76.550636 	4.472136 	1.414214 	47.507893 	47.381432 	48.104053 	104.446159 	8.000000 	87.418533 	43.278172 	86.608315 	48.166378 	103.773796 	15.524175 	69.771057 	52.697250 	81.024689 	47.634022 	45.607018 	90.000000 	10.440307 	46.400433 	104.009613 	47.010635 	93.600212 	74.706093 	
16.278820 	37.735924 	12.165525 	99.322708 	10.440307 	105.475113 	117.596771 	104.446159 	76.967529 	103.942291 	6.082763 	7.211102 	98.883774 	108.908218 	81.024689 	75.769386 	135.148071 	105.190300 	102.883430 	74.672615 	113.740936 	120.220627 	4.123106 	76.550636 	999.000000 	80.993828 	77.162170 	31.064449 	121.313644 	122.188377 	170.531525 	84.118965 	156.646103 	118.072014 	156.028839 	122.588745 	170.660477 	92.027168 	11.661903 	28.160255 	7.280110 	122.543869 	120.747673 	159.624557 	85.164543 	121.642921 	171.493439 	35.128338 	163.049072 	10.816654 	
79.906197 	44.721359 	75.709976 	26.248810 	75.186432 	30.413813 	43.046486 	28.653097 	7.211102 	27.784887 	78.160095 	75.286118 	21.954498 	32.449963 	5.385165 	6.082763 	72.780495 	28.017851 	25.000000 	6.324555 	36.235340 	43.416588 	76.896034 	4.472136 	80.993828 	999.000000 	4.242640 	51.971146 	43.139309 	43.840622 	100.722389 	4.472136 	83.486526 	38.948685 	82.661964 	43.863426 	99.985001 	11.180340 	74.242844 	57.140179 	85.492691 	43.278172 	41.231056 	86.023254 	7.810250 	42.011902 	100.169853 	51.400391 	89.627007 	79.177017 	
76.531036 	41.303753 	72.180328 	30.083218 	71.589104 	34.481880 	47.169907 	32.756680 	7.615773 	31.906113 	74.464760 	71.568146 	26.076809 	36.619667 	8.062258 	5.000000 	76.400261 	32.202484 	29.206163 	3.162278 	40.459858 	47.634022 	73.054771 	1.414214 	77.162170 	4.242640 	999.000000 	47.885281 	47.381432 	48.083260 	104.809349 	7.071068 	87.658424 	43.185646 	86.838928 	48.104053 	104.100914 	14.866069 	70.213959 	53.000000 	81.541397 	47.507893 	45.453274 	90.210861 	9.219544 	46.227695 	104.307236 	47.201694 	93.813644 	75.133217 	
36.769554 	18.027756 	30.675724 	73.552704 	29.120440 	79.309517 	91.967384 	77.987175 	49.203659 	77.336922 	30.265491 	27.294687 	71.840103 	82.328613 	53.009434 	47.434166 	114.586212 	78.243210 	75.604233 	45.793011 	86.833176 	93.723000 	27.018513 	47.507893 	31.064449 	51.971146 	47.885281 	999.000000 	94.201912 	95.000000 	147.756561 	54.561890 	132.245987 	90.443352 	131.529465 	95.210297 	147.512711 	62.609905 	22.472204 	5.830952 	34.205261 	94.868332 	92.913940 	135.059250 	55.154327 	93.744331 	148.070923 	6.403124 	138.600143 	27.313000 	
117.175079 	83.648071 	114.127121 	22.803509 	114.061386 	16.492422 	10.000000 	17.088007 	45.000000 	17.464249 	117.618027 	114.947815 	22.472204 	12.649111 	41.231056 	46.861500 	42.379242 	16.124516 	18.601076 	48.836460 	7.615773 	4.242640 	117.337120 	47.381432 	121.313644 	43.139309 	47.381432 	94.201912 	999.000000 	1.000000 	60.083275 	42.011902 	41.629318 	5.099020 	40.718548 	2.236068 	58.872746 	34.669872 	115.935326 	99.639351 	126.570137 	4.242640 	5.385165 	43.829212 	43.266617 	5.830952 	58.694122 	94.260277 	47.413078 	120.929733 	
118.105888 	84.534019 	115.039124 	23.769728 	114.965210 	17.464249 	10.816654 	18.027756 	45.803928 	18.384777 	118.511604 	115.836090 	23.323807 	13.601471 	42.011902 	47.634022 	42.720020 	17.000000 	19.416489 	49.578220 	8.544003 	5.000000 	118.207443 	48.104053 	122.188377 	43.840622 	48.083260 	95.000000 	1.000000 	999.000000 	59.774578 	42.638012 	41.231056 	5.385165 	40.311287 	1.414214 	58.523499 	35.227829 	116.764717 	100.424103 	127.424484 	3.605551 	5.099020 	43.382023 	43.829212 	5.385165 	58.309521 	95.015785 	46.957428 	121.757957 	
162.431519 	133.660019 	161.074524 	75.166481 	161.616837 	70.327805 	57.706154 	72.069412 	100.404182 	72.945183 	165.758865 	163.526749 	78.771820 	68.425140 	97.416634 	102.927162 	37.121422 	72.897186 	76.026314 	105.475113 	65.391129 	58.309521 	166.931122 	104.446159 	170.531525 	100.722389 	104.809349 	147.756561 	60.083275 	59.774578 	999.000000 	100.623062 	19.104973 	65.145988 	20.099751 	60.440052 	2.828427 	94.021271 	167.657394 	153.525238 	176.799316 	62.096699 	64.288414 	18.027756 	102.459747 	64.031242 	5.000000 	149.201202 	15.297058 	172.586212 	
83.600243 	48.373547 	79.246452 	27.294687 	78.644768 	30.675724 	42.953465 	28.792360 	11.661903 	27.856777 	81.492332 	78.587532 	22.135944 	32.202484 	9.219544 	10.440307 	73.979729 	27.730848 	24.596748 	10.000000 	35.510563 	42.720020 	80.006248 	8.000000 	84.118965 	4.472136 	7.071068 	54.561890 	42.011902 	42.638012 	100.623062 	999.000000 	83.006027 	37.536648 	82.152298 	42.520584 	99.764725 	8.062258 	76.967529 	59.539902 	88.391174 	41.725292 	39.597980 	85.440041 	3.605551 	40.311287 	99.849884 	53.535034 	89.044930 	81.859634 	
149.789856 	119.205704 	147.871567 	58.796257 	148.219437 	53.413483 	40.607880 	55.000000 	83.868942 	55.803226 	152.200531 	149.806549 	61.611687 	51.039200 	80.603973 	86.214851 	31.064449 	55.470715 	58.523499 	88.600227 	47.507893 	40.311287 	152.895386 	87.418533 	156.646103 	83.486526 	87.658424 	132.245987 	41.629318 	41.231056 	19.104973 	83.006027 	999.000000 	46.615448 	1.000000 	41.785164 	17.464249 	76.059189 	152.898666 	137.931137 	162.606888 	43.324360 	45.541191 	3.162278 	84.599052 	45.221676 	17.088007 	133.206604 	6.403124 	157.876541 	
114.490173 	80.529495 	111.233986 	21.023796 	111.085556 	15.033297 	13.038404 	15.033297 	41.340054 	15.132746 	114.542572 	111.825760 	19.313208 	11.045361 	37.443291 	43.011627 	46.840153 	13.341664 	15.231546 	44.821869 	6.324555 	8.246211 	114.061386 	43.278172 	118.072014 	38.948685 	43.185646 	90.443352 	5.099020 	5.385165 	65.145988 	37.536648 	46.615448 	999.000000 	45.694637 	5.000000 	63.906181 	30.000000 	112.361023 	95.801880 	123.166557 	4.472136 	3.000000 	48.754486 	38.600517 	4.000000 	63.694584 	90.271812 	52.325901 	117.345642 	
149.251465 	118.562218 	147.299011 	58.051701 	147.634689 	52.630791 	39.824615 	54.203320 	83.096329 	55.000000 	151.604752 	149.201202 	60.802959 	50.219517 	79.812279 	85.428329 	31.144823 	54.644306 	57.688820 	87.800911 	46.647614 	39.446167 	152.269501 	86.608315 	156.028839 	82.661964 	86.838928 	131.529465 	40.718548 	40.311287 	20.099751 	82.152298 	1.000000 	45.694637 	999.000000 	40.853397 	18.439089 	75.179787 	152.226807 	137.207870 	161.969131 	42.379242 	44.598206 	3.605551 	83.725746 	44.271889 	18.027756 	132.457535 	7.071068 	157.206863 	
118.680244 	84.970581 	115.550858 	24.515301 	115.451286 	18.248287 	12.206555 	18.681541 	46.043457 	18.973665 	118.966385 	116.275536 	23.706539 	14.317822 	42.201897 	47.801674 	44.011364 	17.464249 	19.723083 	49.678970 	9.219544 	6.403124 	118.595955 	48.166378 	122.588745 	43.863426 	48.104053 	95.210297 	2.236068 	1.414214 	60.440052 	42.520584 	41.785164 	5.000000 	40.853397 	999.000000 	59.135437 	35.000000 	117.046997 	100.603180 	127.769325 	2.236068 	4.000000 	43.863426 	43.600460 	4.123106 	58.872746 	95.131485 	47.423622 	122.036880 	
162.800491 	133.645050 	161.335052 	74.632431 	161.839432 	69.641945 	56.938564 	71.344238 	99.864906 	72.201111 	165.951797 	163.685669 	78.032043 	67.601776 	96.798759 	102.342560 	38.078865 	72.069412 	75.179787 	104.847511 	64.404968 	57.271286 	167.026947 	103.773796 	170.660477 	99.985001 	104.100914 	147.512711 	58.872746 	58.523499 	2.828427 	99.764725 	17.464249 	63.906181 	18.439089 	59.135437 	999.000000 	93.037628 	167.597733 	153.264481 	176.867188 	60.728905 	62.936478 	16.031219 	101.518471 	62.641838 	2.236068 	148.838837 	13.038404 	172.539856 	
91.082382 	55.901699 	86.884979 	23.194826 	86.348129 	25.179358 	36.687874 	23.194826 	17.117243 	22.203604 	89.286057 	86.400230 	17.000000 	25.961510 	13.341664 	17.029387 	69.180923 	21.587032 	18.439089 	17.464249 	28.635643 	35.777088 	87.920418 	15.524175 	92.027168 	11.180340 	14.866069 	62.609905 	34.669872 	35.227829 	94.021271 	8.062258 	76.059189 	30.000000 	75.179787 	35.000000 	93.037628 	999.000000 	85.000000 	67.601776 	96.384644 	34.058773 	31.890438 	78.390053 	8.602325 	32.557640 	93.021500 	61.587337 	81.987801 	89.899948 	
25.553865 	34.058773 	19.697716 	94.641426 	17.464249 	100.603180 	113.070778 	99.403221 	71.021126 	98.812958 	15.000000 	13.416408 	93.477272 	103.812332 	74.946648 	69.462219 	133.225372 	99.864906 	97.349884 	68.000000 	108.466583 	115.208504 	9.219544 	69.771057 	11.661903 	74.242844 	70.213959 	22.472204 	115.935326 	116.764717 	167.657394 	76.967529 	152.898666 	112.361023 	152.226807 	117.046997 	167.597733 	85.000000 	999.000000 	18.248287 	12.041595 	116.811813 	114.908661 	155.794739 	77.620872 	115.762688 	168.291412 	25.179358 	159.289047 	5.000000 	
36.359318 	23.345236 	30.016663 	79.195961 	28.178005 	84.899940 	97.590981 	83.546394 	54.671749 	82.879433 	28.460499 	25.632011 	77.336922 	87.863533 	58.412327 	52.801514 	120.415947 	83.737686 	81.055534 	51.039200 	92.314682 	99.247169 	24.331051 	52.697250 	28.160255 	57.140179 	53.000000 	5.830952 	99.639351 	100.424103 	153.525238 	59.539902 	137.931137 	95.801880 	137.207870 	100.603180 	153.264481 	67.601776 	18.248287 	999.000000 	30.265491 	100.209778 	98.229324 	140.730240 	59.933296 	99.045441 	153.808319 	7.000000 	144.277512 	22.803509 	
23.021729 	43.416588 	19.416489 	104.861816 	17.720045 	110.941429 	123.223373 	109.836243 	81.884064 	109.293182 	13.341664 	14.317822 	104.100914 	114.280357 	85.883644 	80.498444 	141.675690 	110.453613 	108.046288 	79.202271 	119.037811 	125.642349 	10.000000 	81.024689 	7.280110 	85.492691 	81.541397 	34.205261 	126.570137 	127.424484 	176.799316 	88.391174 	162.606888 	123.166557 	161.969131 	127.769325 	176.867188 	96.384644 	12.041595 	30.265491 	999.000000 	127.632286 	125.781555 	165.556641 	89.196411 	126.657021 	177.654160 	37.215588 	169.008881 	8.246211 	
118.928551 	85.000000 	115.693558 	25.179358 	115.550858 	19.026299 	14.212670 	19.235384 	45.793011 	19.416489 	119.012604 	116.297035 	23.769728 	15.033297 	41.880783 	47.434166 	46.238514 	17.720045 	19.697716 	49.203659 	10.000000 	8.485281 	118.532700 	47.634022 	122.543869 	43.278172 	47.507893 	94.868332 	4.242640 	3.605551 	62.096699 	41.725292 	43.324360 	4.472136 	42.379242 	2.236068 	60.728905 	34.058773 	116.811813 	100.209778 	127.632286 	999.000000 	2.236068 	45.310043 	42.638012 	2.000000 	60.406952 	94.641426 	48.846699 	121.794907 	
117.324333 	83.258636 	114.017540 	24.020824 	113.846390 	18.027756 	14.866069 	18.027756 	43.908997 	18.110771 	117.273186 	114.542572 	22.135944 	14.035668 	39.962482 	45.486263 	47.759815 	16.278820 	18.027756 	47.201694 	9.219544 	9.433981 	116.726173 	45.607018 	120.747673 	41.231056 	45.453274 	92.913940 	5.385165 	5.099020 	64.288414 	39.597980 	45.541191 	3.000000 	44.598206 	4.000000 	62.936478 	31.890438 	114.908661 	98.229324 	125.781555 	2.236068 	999.000000 	47.539455 	40.459858 	1.000000 	62.625874 	92.617493 	51.078373 	119.887444 	
152.856140 	122.147453 	150.903946 	61.554855 	151.238220 	56.080299 	43.278172 	57.628117 	86.556343 	58.412327 	155.206314 	152.800522 	64.202805 	53.600372 	83.240616 	88.865067 	34.014702 	58.008621 	61.032780 	91.214035 	49.929951 	42.720020 	155.862122 	90.000000 	159.624557 	86.023254 	90.210861 	135.059250 	43.829212 	43.382023 	18.027756 	85.440041 	3.162278 	48.754486 	3.605551 	43.863426 	16.031219 	78.390053 	155.794739 	140.730240 	165.556641 	45.310043 	47.539455 	999.000000 	86.954010 	47.169907 	15.297058 	135.948517 	3.605551 	160.776245 	
85.287750 	50.089920 	80.752708 	30.066593 	80.062477 	32.984844 	44.944408 	31.048349 	15.000000 	30.083218 	82.764725 	79.831070 	24.515301 	34.176014 	12.806249 	13.416408 	76.655075 	29.732138 	26.570660 	12.369317 	37.121422 	44.294468 	81.043198 	10.440307 	85.164543 	7.810250 	9.219544 	55.154327 	43.266617 	43.829212 	102.459747 	3.605551 	84.599052 	38.600517 	83.725746 	43.600460 	101.518471 	8.602325 	77.620872 	59.933296 	89.196411 	42.638012 	40.459858 	86.954010 	999.000000 	41.109608 	101.533249 	53.712196 	90.553848 	82.462112 	
118.270874 	84.172440 	114.947815 	25.019993 	114.769333 	19.026299 	15.556349 	19.026299 	44.777225 	19.104973 	118.186295 	115.451286 	23.086792 	15.033297 	40.816662 	46.324940 	48.104053 	17.262676 	18.973665 	48.010414 	10.198039 	10.000000 	117.618027 	46.400433 	121.642921 	42.011902 	46.227695 	93.744331 	5.830952 	5.385165 	64.031242 	40.311287 	45.221676 	4.000000 	44.271889 	4.123106 	62.641838 	32.557640 	115.762688 	99.045441 	126.657021 	2.000000 	1.000000 	47.169907 	41.109608 	999.000000 	62.297672 	93.407707 	50.695168 	120.739388 	
163.807816 	134.380051 	162.265213 	75.000000 	162.742126 	69.892776 	57.140179 	71.561165 	100.209778 	72.401657 	166.832245 	164.541794 	78.230431 	67.742157 	97.082436 	102.649887 	39.560081 	72.201111 	75.292763 	105.118980 	64.412735 	57.245087 	167.836227 	104.009613 	171.493439 	100.169853 	104.307236 	148.070923 	58.694122 	58.309521 	5.000000 	99.849884 	17.088007 	63.694584 	18.027756 	58.872746 	2.236068 	93.021500 	168.291412 	153.808319 	177.654160 	60.406952 	62.625874 	15.297058 	101.533249 	62.297672 	999.000000 	149.305054 	12.041595 	173.242599 	
42.485291 	23.194826 	36.249138 	74.411018 	34.539833 	79.931221 	92.698433 	78.492035 	49.497475 	77.781746 	35.171009 	32.280025 	72.138756 	82.734512 	53.075417 	47.423622 	116.846054 	78.517517 	75.742989 	45.453274 	87.045967 	94.069122 	31.257000 	47.010635 	35.128338 	51.400391 	47.201694 	6.403124 	94.260277 	95.015785 	149.201202 	53.535034 	133.206604 	90.271812 	132.457535 	95.131485 	148.838837 	61.587337 	25.179358 	7.000000 	37.215588 	94.641426 	92.617493 	135.948517 	53.712196 	93.407707 	149.305054 	999.000000 	139.517029 	29.614185 	
156.160172 	125.606529 	154.262756 	65.115280 	154.615646 	59.665737 	46.861500 	61.220913 	90.138779 	62.008064 	158.600128 	156.208191 	67.801178 	57.201397 	86.833176 	92.455391 	36.055511 	61.611687 	64.637451 	94.810333 	53.535034 	46.324940 	159.298462 	93.600212 	163.049072 	89.627007 	93.813644 	138.600143 	47.413078 	46.957428 	15.297058 	89.044930 	6.403124 	52.325901 	7.071068 	47.423622 	13.038404 	81.987801 	159.289047 	144.277512 	169.008881 	48.846699 	51.078373 	3.605551 	90.553848 	50.695168 	12.041595 	139.517029 	999.000000 	164.268066 	
26.570660 	38.948685 	21.377558 	99.639351 	19.235384 	105.603027 	118.067780 	104.403069 	76.006577 	103.812332 	15.811388 	15.132746 	98.473343 	108.811768 	79.924965 	74.431175 	138.057953 	104.861816 	102.342560 	72.945183 	113.463654 	120.208153 	10.198039 	74.706093 	10.816654 	79.177017 	75.133217 	27.313000 	120.929733 	121.757957 	172.586212 	81.859634 	157.876541 	117.345642 	157.206863 	122.036880 	172.539856 	89.899948 	5.000000 	22.803509 	8.246211 	121.794907 	119.887444 	160.776245 	82.462112 	120.739388 	173.242599 	29.614185 	164.268066 	999.000000 	

Travel time:
9.000000 	0.880696 	0.160078 	2.363525 	0.212132 	2.521161 	2.806466 	2.502249 	1.868321 	2.493116 	0.269258 	0.305164 	2.379732 	2.613666 	1.971357 	1.853712 	3.153768 	2.531057 	2.482438 	1.842044 	2.739069 	2.888772 	0.413824 	1.891593 	0.406971 	1.997655 	1.913276 	0.919239 	2.929377 	2.952647 	4.060788 	2.090006 	3.744746 	2.862254 	3.731287 	2.967006 	4.070012 	2.277060 	0.638847 	0.908983 	0.575543 	2.973214 	2.933108 	3.821404 	2.132194 	2.956772 	4.095195 	1.062132 	3.904004 	0.664266 	
0.880696 	9.000000 	0.776209 	1.539683 	0.766893 	1.693554 	1.997029 	1.668270 	0.996243 	1.656049 	0.850368 	0.782624 	1.531747 	1.779923 	1.099147 	0.976281 	2.480045 	1.688380 	1.632674 	0.961769 	1.901480 	2.062311 	0.845946 	1.011187 	0.943398 	1.118034 	1.032594 	0.450694 	2.091202 	2.113350 	3.341501 	1.209339 	2.980143 	2.013237 	2.964056 	2.124264 	3.341126 	1.397542 	0.851469 	0.583631 	1.085415 	2.125000 	2.081466 	3.053686 	1.252248 	2.104311 	3.359501 	0.579871 	3.140163 	0.973717 	
0.160078 	0.776209 	9.000000 	2.291970 	0.055902 	2.448596 	2.741464 	2.427061 	1.772004 	2.416609 	0.152069 	0.158114 	2.298097 	2.538824 	1.875000 	1.752320 	3.129397 	2.452167 	2.400130 	1.735655 	2.662823 	2.817468 	0.279509 	1.784657 	0.304138 	1.892749 	1.804508 	0.766893 	2.853178 	2.875978 	4.026863 	1.981161 	3.696789 	2.780850 	3.682475 	2.888772 	4.033376 	2.172124 	0.492443 	0.750417 	0.485412 	2.892339 	2.850439 	3.772599 	2.018818 	2.873695 	4.056630 	0.906228 	3.856569 	0.534439 	
2.363525 	1.539683 	2.291970 	9.000000 	2.292651 	0.158114 	0.460977 	0.150000 	0.630971 	0.152069 	2.384586 	2.319618 	0.167705 	0.254951 	0.559017 	0.694622 	1.167262 	0.206155 	0.215058 	0.760345 	0.382426 	0.525595 	2.385372 	0.738664 	2.483068 	0.656220 	0.752080 	1.838818 	0.570088 	0.594243 	1.879162 	0.682367 	1.469906 	0.525595 	1.451293 	0.612882 	1.865811 	0.579871 	2.366036 	1.979899 	2.621545 	0.629484 	0.600521 	1.538871 	0.751665 	0.625500 	1.875000 	1.860276 	1.627882 	2.490984 	
0.212132 	0.766893 	0.055902 	2.292651 	9.000000 	2.448724 	2.744312 	2.426159 	1.762987 	2.415186 	0.111803 	0.103078 	2.294695 	2.537962 	1.865811 	1.741049 	3.146625 	2.449745 	2.396351 	1.722099 	2.661297 	2.817801 	0.226385 	1.770770 	0.261008 	1.879661 	1.789728 	0.728011 	2.851535 	2.874130 	4.040421 	1.966119 	3.705486 	2.777139 	3.690867 	2.886282 	4.045986 	2.158703 	0.436606 	0.704450 	0.443001 	2.888772 	2.846160 	3.780956 	2.001562 	2.869233 	4.068553 	0.863496 	3.865391 	0.480885 	
2.521161 	1.693554 	2.448596 	0.158114 	2.448724 	9.000000 	0.320156 	0.050000 	0.761988 	0.075000 	2.539931 	2.474495 	0.213600 	0.100000 	0.680074 	0.820061 	1.101136 	0.111803 	0.176777 	0.880696 	0.226385 	0.369121 	2.538701 	0.853302 	2.636878 	0.760345 	0.862047 	1.982738 	0.412311 	0.436606 	1.758195 	0.766893 	1.335337 	0.375832 	1.315770 	0.456207 	1.741049 	0.629484 	2.515079 	2.122499 	2.773536 	0.475657 	0.450694 	1.402007 	0.824621 	0.475657 	1.747319 	1.998281 	1.491643 	2.640076 	
2.806466 	1.997029 	2.741464 	0.460977 	2.744312 	0.320156 	9.000000 	0.360555 	1.081954 	0.381608 	2.838353 	2.774549 	0.527376 	0.269258 	1.000000 	1.140175 	0.863134 	0.380789 	0.459619 	1.200260 	0.226385 	0.145774 	2.842974 	1.171804 	2.939919 	1.076162 	1.179248 	2.299185 	0.250000 	0.270416 	1.442654 	1.073837 	1.015197 	0.325960 	0.995615 	0.305164 	1.423464 	0.917197 	2.826769 	2.439775 	3.080584 	0.355317 	0.371652 	1.081954 	1.123610 	0.388909 	1.428504 	2.317461 	1.171538 	2.951694 	
2.502249 	1.668270 	2.427061 	0.150000 	2.426159 	0.050000 	0.360555 	9.000000 	0.725000 	0.025000 	2.516198 	2.450128 	0.167705 	0.111803 	0.640312 	0.781025 	1.151086 	0.070711 	0.127475 	0.840015 	0.237171 	0.395285 	2.512469 	0.811249 	2.611154 	0.716327 	0.818917 	1.949679 	0.427200 	0.450694 	1.801735 	0.719809 	1.375000 	0.375832 	1.355083 	0.467039 	1.783606 	0.579871 	2.485080 	2.088660 	2.745906 	0.480885 	0.450694 	1.440703 	0.776209 	0.475657 	1.789029 	1.962301 	1.530523 	2.610077 	
1.868321 	0.996243 	1.772004 	0.630971 	1.762987 	0.761988 	1.081954 	0.725000 	9.000000 	0.707107 	1.843400 	1.773415 	0.566789 	0.831038 	0.103078 	0.075000 	1.762987 	0.726722 	0.660019 	0.150000 	0.941076 	1.114955 	1.822944 	0.158114 	1.924188 	0.180278 	0.190394 	1.230091 	1.125000 	1.145098 	2.510105 	0.291548 	2.096724 	1.033501 	2.077408 	1.151086 	2.496623 	0.427931 	1.775528 	1.366794 	2.047101 	1.144825 	1.097725 	2.163908 	0.375000 	1.119431 	2.505244 	1.237437 	2.253469 	1.900164 	
2.493116 	1.656049 	2.416609 	0.152069 	2.415186 	0.075000 	0.381608 	0.025000 	0.707107 	9.000000 	2.504621 	2.438237 	0.145774 	0.125000 	0.620987 	0.761988 	1.176063 	0.055902 	0.103078 	0.820061 	0.246221 	0.410031 	2.499625 	0.790569 	2.598557 	0.694622 	0.797653 	1.933423 	0.436606 	0.459619 	1.823630 	0.696419 	1.395081 	0.378319 	1.375000 	0.474342 	1.805028 	0.555090 	2.470324 	2.071986 	2.732330 	0.485412 	0.452769 	1.460308 	0.752080 	0.477624 	1.810041 	1.944544 	1.550202 	2.595308 	
0.269258 	0.850368 	0.152069 	2.384586 	0.111803 	2.539931 	2.838353 	2.516198 	1.843400 	2.504621 	9.000000 	0.075000 	2.381832 	2.627975 	1.945829 	1.818310 	3.252883 	2.537962 	2.482942 	1.796003 	2.750454 	2.909038 	0.145774 	1.844078 	0.152069 	1.954002 	1.861619 	0.756637 	2.940451 	2.962790 	4.143971 	2.037308 	3.805013 	2.863564 	3.790119 	2.974160 	4.148795 	2.232152 	0.375000 	0.711512 	0.333542 	2.975315 	2.931830 	3.880158 	2.069118 	2.954657 	4.170806 	0.879275 	3.965003 	0.395285 	
0.305164 	0.782624 	0.158114 	2.319618 	0.103078 	2.474495 	2.774549 	2.450128 	1.773415 	2.438237 	0.075000 	9.000000 	2.314357 	2.561860 	1.875667 	1.747319 	3.200879 	2.470956 	2.415186 	1.724094 	2.683864 	2.843524 	0.125000 	1.772004 	0.180278 	1.882153 	1.789204 	0.682367 	2.873695 	2.895902 	4.088169 	1.964688 	3.745164 	2.795644 	3.730030 	2.906888 	4.092142 	2.160006 	0.335410 	0.640800 	0.357946 	2.907426 	2.863564 	3.820013 	1.995777 	2.886282 	4.113545 	0.807001 	3.905205 	0.378319 	
2.379732 	1.531747 	2.298097 	0.167705 	2.294695 	0.213600 	0.527376 	0.167705 	0.566789 	0.145774 	2.381832 	2.314357 	9.000000 	0.265754 	0.477624 	0.618971 	1.305996 	0.160078 	0.103078 	0.675463 	0.375000 	0.548293 	2.372367 	0.645174 	2.472094 	0.548862 	0.651920 	1.796003 	0.561805 	0.583095 	1.969296 	0.553399 	1.540292 	0.482830 	1.520074 	0.592663 	1.950801 	0.425000 	2.336932 	1.933423 	2.602523 	0.594243 	0.553399 	1.605070 	0.612882 	0.577170 	1.955761 	1.803469 	1.695029 	2.461833 	
2.613666 	1.779923 	2.538824 	0.254951 	2.537962 	0.100000 	0.269258 	0.111803 	0.831038 	0.125000 	2.627975 	2.561860 	0.265754 	9.000000 	0.743303 	0.884590 	1.101136 	0.111803 	0.190394 	0.941076 	0.127475 	0.285044 	2.623928 	0.910014 	2.722705 	0.811249 	0.915492 	2.058215 	0.316228 	0.340037 	1.710629 	0.805062 	1.275980 	0.276134 	1.255488 	0.357946 	1.690044 	0.649038 	2.595308 	2.196588 	2.857009 	0.375832 	0.350892 	1.340009 	0.854400 	0.375832 	1.693554 	2.068363 	1.430035 	2.720294 	
1.971357 	1.099147 	1.875000 	0.559017 	1.865811 	0.680074 	1.000000 	0.640312 	0.103078 	0.620987 	1.945829 	1.875667 	0.477624 	0.743303 	9.000000 	0.141421 	1.710263 	0.636396 	0.566789 	0.201556 	0.849264 	1.025305 	1.924188 	0.182003 	2.025617 	0.134629 	0.201556 	1.325236 	1.030776 	1.050297 	2.435416 	0.230489 	2.015099 	0.936082 	1.995307 	1.055047 	2.419969 	0.333542 	1.873666 	1.460308 	2.147091 	1.047020 	0.999062 	2.081015 	0.320156 	1.020416 	2.427061 	1.326885 	2.170829 	1.998124 	
1.853712 	0.976281 	1.752320 	0.694622 	1.741049 	0.820061 	1.140175 	0.781025 	0.075000 	0.761988 	1.818310 	1.747319 	0.618971 	0.884590 	0.141421 	9.000000 	1.834394 	0.777817 	0.707990 	0.075000 	0.990581 	1.166726 	1.792345 	0.090139 	1.894235 	0.152069 	0.125000 	1.185854 	1.171538 	1.190850 	2.573179 	0.261008 	2.155371 	1.075291 	2.135708 	1.195042 	2.558564 	0.425735 	1.736555 	1.320038 	2.012461 	1.185854 	1.137157 	2.221627 	0.335410 	1.158123 	2.566247 	1.185591 	2.311385 	1.860779 	
3.153768 	2.480045 	3.129397 	1.167262 	3.146625 	1.101136 	0.863134 	1.151086 	1.762987 	1.176063 	3.252883 	3.200879 	1.305996 	1.101136 	1.710263 	1.834394 	9.000000 	1.200000 	1.275245 	1.906076 	1.089151 	0.965013 	3.292795 	1.892254 	3.378702 	1.819512 	1.910007 	2.864655 	1.059481 	1.068001 	0.928036 	1.849493 	0.776611 	1.171004 	0.778621 	1.100284 	0.951972 	1.729523 	3.330634 	3.010399 	3.541892 	1.155963 	1.193995 	0.850368 	1.916377 	1.202601 	0.989002 	2.921151 	0.901388 	3.451449 	
2.531057 	1.688380 	2.452167 	0.206155 	2.449745 	0.111803 	0.380789 	0.070711 	0.726722 	0.055902 	2.537962 	2.470956 	0.160078 	0.111803 	0.636396 	0.777817 	1.200000 	9.000000 	0.079057 	0.832541 	0.215058 	0.388909 	2.530316 	0.800391 	2.629757 	0.700446 	0.805062 	1.956080 	0.403113 	0.425000 	1.822430 	0.693271 	1.386768 	0.333542 	1.366108 	0.436606 	1.801735 	0.539676 	2.496623 	2.093442 	2.761340 	0.443001 	0.406971 	1.450216 	0.743303 	0.431567 	1.805028 	1.962938 	1.540292 	2.621545 	
2.482438 	1.632674 	2.400130 	0.215058 	2.396351 	0.176777 	0.459619 	0.127475 	0.660019 	0.103078 	2.482942 	2.415186 	0.103078 	0.190394 	0.566789 	0.707990 	1.275245 	0.079057 	9.000000 	0.760345 	0.282843 	0.460977 	2.472094 	0.726722 	2.572086 	0.625000 	0.730154 	1.890106 	0.465027 	0.485412 	1.900658 	0.614919 	1.463087 	0.380789 	1.442220 	0.493077 	1.879495 	0.460977 	2.433747 	2.026388 	2.701157 	0.492443 	0.450694 	1.525820 	0.664266 	0.474342 	1.882319 	1.893575 	1.615936 	2.558564 	
1.842044 	0.961769 	1.735655 	0.760345 	1.722099 	0.880696 	1.200260 	0.840015 	0.150000 	0.820061 	1.796003 	1.724094 	0.675463 	0.941076 	0.201556 	0.075000 	1.906076 	0.832541 	0.760345 	9.000000 	1.043132 	1.220912 	1.764405 	0.050000 	1.866815 	0.158114 	0.079057 	1.144825 	1.220912 	1.239455 	2.636878 	0.250000 	2.215006 	1.120547 	2.195023 	1.241974 	2.621188 	0.436606 	1.700000 	1.275980 	1.980057 	1.230091 	1.180042 	2.280351 	0.309233 	1.200260 	2.627975 	1.136332 	2.370258 	1.823630 	
2.739069 	1.901480 	2.662823 	0.382426 	2.661297 	0.226385 	0.226385 	0.237171 	0.941076 	0.246221 	2.750454 	2.683864 	0.375000 	0.127475 	0.849264 	0.990581 	1.089151 	0.215058 	0.282843 	1.043132 	9.000000 	0.180278 	2.744312 	1.009022 	2.843524 	0.905883 	1.011496 	2.170829 	0.190394 	0.213600 	1.634778 	0.887764 	1.187697 	0.158114 	1.166190 	0.230489 	1.610124 	0.715891 	2.711665 	2.307867 	2.975945 	0.250000 	0.230489 	1.248249 	0.928036 	0.254951 	1.610318 	2.176149 	1.338376 	2.836591 	
2.888772 	2.062311 	2.817468 	0.525595 	2.817801 	0.369121 	0.145774 	0.395285 	1.114955 	0.410031 	2.909038 	2.843524 	0.548293 	0.285044 	1.025305 	1.166726 	0.965013 	0.388909 	0.460977 	1.220912 	0.180278 	9.000000 	2.907103 	1.187697 	3.005516 	1.085415 	1.190850 	2.343075 	0.106066 	0.125000 	1.457738 	1.068001 	1.007782 	0.206155 	0.986154 	0.160078 	1.431782 	0.894427 	2.880213 	2.481179 	3.141059 	0.212132 	0.235850 	1.068001 	1.107362 	0.250000 	1.431127 	2.351728 	1.158123 	3.005204 	
0.413824 	0.845946 	0.279509 	2.385372 	0.226385 	2.538701 	2.842974 	2.512469 	1.822944 	2.499625 	0.145774 	0.125000 	2.372367 	2.623928 	1.924188 	1.792345 	3.292795 	2.530316 	2.472094 	1.764405 	2.744312 	2.907103 	9.000000 	1.811249 	0.103078 	1.922401 	1.826369 	0.675463 	2.933428 	2.955186 	4.173278 	2.000156 	3.822385 	2.851535 	3.806737 	2.964899 	4.175673 	2.198010 	0.230489 	0.608276 	0.250000 	2.963317 	2.918154 	3.896553 	2.026080 	2.940451 	4.195906 	0.781425 	3.982461 	0.254951 	
1.891593 	1.011187 	1.784657 	0.738664 	1.770770 	0.853302 	1.171804 	0.811249 	0.158114 	0.790569 	1.844078 	1.772004 	0.645174 	0.910014 	0.182003 	0.090139 	1.892254 	0.800391 	0.726722 	0.050000 	1.009022 	1.187697 	1.811249 	9.000000 	1.913766 	0.111803 	0.035355 	1.187697 	1.184536 	1.202601 	2.611154 	0.200000 	2.185463 	1.081954 	2.165208 	1.204159 	2.594345 	0.388104 	1.744276 	1.317431 	2.025617 	1.190850 	1.140175 	2.250000 	0.261008 	1.160011 	2.600240 	1.175266 	2.340005 	1.867652 	
