Total assets = 630
Number of asset nodes = 33

Distance:
999.000000 	33.241539 	20.124611 	19.697716 	25.059929 	67.623962 	39.408119 	9.433981 	42.201897 	52.497620 	66.528191 	39.051247 	25.961510 	31.384710 	30.675724 	72.249565 	63.655323 	25.317978 	69.310890 	82.800964 	17.088007 	36.796738 	15.811388 	18.384777 	53.009434 	77.897369 	56.612720 	30.413813 	54.405884 	18.601076 	35.227829 	81.467789 	38.600517 	32.249031 	49.517673 	40.804413 	31.384710 	44.687805 	69.028976 	82.036575 	35.777088 	60.605282 	56.727417 	70.604530 	36.249138 	41.976185 	
33.241539 	999.000000 	15.811388 	16.763054 	12.041595 	34.669872 	9.055386 	32.649654 	11.045361 	19.723083 	33.301651 	72.180328 	17.117243 	13.416408 	15.231546 	39.051247 	30.479502 	20.099751 	36.069378 	49.929951 	30.805843 	70.035706 	34.481880 	31.575306 	85.912750 	44.687805 	24.698177 	20.248457 	87.321243 	35.902645 	68.249542 	48.270073 	19.104973 	21.931713 	82.734512 	20.000000 	63.513779 	77.897369 	36.359318 	48.795490 	68.242218 	93.605553 	89.872131 	38.078865 	68.505478 	23.430750 	
20.124611 	15.811388 	999.000000 	1.000000 	5.000000 	50.119858 	19.798990 	17.204651 	22.627417 	33.301651 	48.259712 	58.821766 	7.280110 	11.401754 	11.045361 	54.083271 	44.821869 	8.602325 	50.803543 	65.368187 	15.132746 	56.080299 	18.681541 	16.031219 	72.945183 	59.640591 	36.878178 	12.649111 	74.330345 	20.223749 	53.740116 	63.245552 	19.104973 	14.866069 	69.028976 	21.213203 	48.414875 	63.702435 	49.517673 	63.411354 	53.263496 	80.448738 	76.400261 	50.990196 	53.413483 	23.000000 	
19.697716 	16.763054 	1.000000 	999.000000 	5.656854 	51.000000 	20.518284 	16.401220 	23.345236 	34.058773 	49.091751 	58.249462 	7.071068 	11.704700 	11.180340 	54.918121 	45.607018 	8.062258 	51.613953 	66.241982 	14.142136 	55.443665 	17.720045 	15.033297 	72.401657 	60.464867 	37.536648 	12.369317 	73.783470 	19.235384 	53.037724 	64.070274 	19.235384 	14.560220 	68.410522 	21.377558 	47.634022 	63.031738 	50.209560 	64.202805 	52.497620 	79.881165 	75.802376 	51.662365 	52.630791 	23.021729 	
25.059929 	12.041595 	5.000000 	5.656854 	999.000000 	45.617977 	14.866069 	22.022715 	17.691807 	28.425341 	43.566040 	63.820061 	5.830952 	7.000000 	7.280110 	49.396355 	40.000000 	8.544003 	46.043457 	60.827625 	18.973665 	61.073727 	22.847319 	19.646883 	77.935867 	54.918121 	31.890438 	10.630146 	79.322128 	24.041630 	58.694122 	58.523499 	15.033297 	12.806249 	74.027023 	17.000000 	53.263496 	68.680420 	44.553337 	58.600342 	58.137768 	85.445892 	81.400246 	46.010868 	58.258045 	19.235384 	
67.623962 	34.669872 	50.119858 	51.000000 	45.617977 	999.000000 	31.622776 	67.230942 	29.120440 	19.104973 	5.000000 	106.150833 	49.040798 	43.011627 	44.922153 	6.082763 	9.848858 	51.865211 	6.708204 	15.264338 	64.474800 	104.350372 	68.447060 	65.000000 	119.503136 	11.180340 	20.396078 	49.477268 	120.917328 	69.462219 	102.800781 	14.422205 	42.296574 	50.009998 	116.846054 	41.109608 	98.183502 	112.294258 	15.620500 	16.155495 	102.902870 	127.279221 	123.794182 	17.204651 	103.174606 	44.011364 	
39.408119 	9.055386 	19.798990 	20.518284 	14.866069 	31.622776 	999.000000 	36.878178 	2.828427 	13.601471 	29.068884 	78.409180 	17.464249 	11.401754 	13.341664 	34.885529 	25.238859 	20.248457 	31.384710 	46.615448 	33.120991 	75.822159 	37.215588 	33.541019 	92.417534 	40.311287 	17.204651 	18.110771 	93.813644 	38.013157 	73.539108 	43.908997 	13.000000 	19.000000 	88.729927 	13.038404 	68.117546 	83.486526 	29.732138 	43.829212 	73.000000 	100.000000 	96.046867 	31.240999 	73.109505 	16.643316 	
9.433981 	32.649654 	17.204651 	16.401220 	22.022715 	67.230942 	36.878178 	999.000000 	39.698868 	50.447994 	65.459915 	42.941822 	20.808653 	27.018513 	25.806976 	71.281136 	62.008064 	19.235384 	68.007355 	82.492424 	8.062258 	39.661064 	6.403124 	9.219544 	57.245087 	76.843994 	53.740116 	24.166092 	58.591808 	9.219544 	36.878178 	80.448738 	33.120991 	25.632011 	52.697250 	35.355339 	31.240999 	47.010635 	66.483078 	80.603973 	36.124783 	64.498062 	60.207973 	67.882248 	36.235340 	35.846897 	
42.201897 	11.045361 	22.627417 	23.345236 	17.691807 	29.120440 	2.828427 	39.698868 	999.000000 	10.816654 	26.400757 	81.215759 	20.124611 	13.928389 	15.811388 	32.202484 	22.472204 	22.847319 	28.653097 	44.011364 	35.846897 	78.644768 	39.962482 	36.235340 	95.210297 	37.589893 	14.422205 	20.396078 	96.607452 	40.706264 	76.367531 	41.182522 	14.317822 	21.095022 	91.547798 	13.928389 	70.936592 	86.313385 	26.907248 	41.048752 	75.822159 	102.800781 	98.858482 	28.425341 	75.927597 	17.464249 	
52.497620 	19.723083 	33.301651 	34.058773 	28.425341 	19.104973 	13.601471 	50.447994 	10.816654 	999.000000 	15.811388 	91.547798 	30.886890 	24.596748 	26.400757 	21.540659 	11.661903 	33.541019 	17.888544 	33.526108 	46.647614 	89.140335 	50.774010 	47.010635 	105.422958 	26.832815 	6.082763 	30.675724 	106.826965 	51.478149 	87.000000 	30.413813 	23.194826 	31.048349 	101.980392 	22.022715 	81.688431 	96.876213 	16.643316 	30.232433 	86.556343 	113.070778 	109.224541 	18.357559 	86.683334 	25.019993 	
66.528191 	33.301651 	48.259712 	49.091751 	43.566040 	5.000000 	29.068884 	65.459915 	26.400757 	15.811388 	999.000000 	105.361282 	46.518814 	40.311287 	42.154476 	5.830952 	5.099020 	49.244289 	3.162278 	17.720045 	62.177166 	103.324730 	66.241982 	62.609905 	118.928551 	11.401754 	16.031219 	46.486557 	120.341179 	67.082039 	101.533249 	15.000000 	38.832977 	46.840153 	115.974136 	37.483330 	96.607452 	111.198021 	10.816654 	15.620500 	101.400200 	126.668861 	123.044708 	12.529964 	101.607086 	40.199501 	
39.051247 	72.180328 	58.821766 	58.249462 	63.820061 	106.150833 	78.409180 	42.941822 	81.215759 	91.547798 	105.361282 	999.000000 	63.631752 	69.641945 	68.600288 	111.018013 	102.649887 	62.177166 	108.208130 	121.165176 	49.769470 	5.385165 	45.880280 	50.328918 	14.317822 	116.674759 	95.603348 	67.082039 	15.652476 	47.127487 	10.770329 	120.216469 	76.059189 	68.447060 	10.816654 	78.294319 	18.439089 	9.055386 	108.074051 	120.933868 	15.652476 	21.633308 	17.691807 	109.635757 	17.000000 	78.721024 	
25.961510 	17.117243 	7.280110 	7.071068 	5.830952 	49.040798 	17.464249 	20.808653 	20.124611 	30.886890 	46.518814 	63.631752 	999.000000 	6.403124 	5.000000 	52.325901 	42.544094 	3.000000 	48.764740 	64.078079 	15.811388 	60.464867 	20.000000 	16.124516 	77.897369 	57.706154 	33.421551 	5.385165 	79.259071 	20.591261 	57.628117 	61.294373 	12.649111 	7.615773 	73.498299 	14.866069 	51.623638 	67.801178 	46.227695 	61.057350 	56.586216 	85.234970 	80.993828 	47.507893 	56.568542 	16.124516 	
31.384710 	13.416408 	11.401754 	11.704700 	7.000000 	43.011627 	11.401754 	27.018513 	13.928389 	24.596748 	40.311287 	69.641945 	6.403124 	999.000000 	2.000000 	46.097721 	36.235340 	8.944272 	42.485291 	57.939625 	22.203604 	66.610809 	26.400757 	22.472204 	83.862984 	51.429562 	27.018513 	7.071068 	85.234970 	26.925823 	63.890530 	55.009090 	8.062258 	8.544003 	79.630394 	10.000000 	57.982758 	74.027023 	39.824615 	54.708317 	62.936478 	91.268837 	87.091904 	41.109608 	62.936478 	12.369317 	
30.675724 	15.231546 	11.045361 	11.180340 	7.280110 	44.922153 	13.341664 	25.806976 	15.811388 	26.400757 	42.154476 	68.600288 	5.000000 	2.000000 	999.000000 	47.927029 	38.013157 	7.211102 	44.283180 	59.808025 	20.615528 	65.459915 	24.839485 	20.808653 	82.855293 	53.225933 	28.600698 	5.099020 	84.219948 	25.238859 	62.625874 	56.797886 	8.062258 	6.708204 	78.492035 	10.198039 	56.586216 	72.801102 	41.400482 	56.435802 	61.554855 	90.210861 	85.982559 	42.638012 	61.522354 	12.041595 	
72.249565 	39.051247 	54.083271 	54.918121 	49.396355 	6.082763 	34.885529 	71.281136 	32.202484 	21.540659 	5.830952 	111.018013 	52.325901 	46.097721 	47.927029 	999.000000 	10.198039 	55.036350 	4.000000 	12.165525 	68.000000 	109.041275 	72.069412 	68.425140 	124.523087 	5.656854 	21.095022 	52.201534 	125.936493 	72.897186 	107.298645 	9.219544 	44.384682 	52.497620 	121.655251 	42.953465 	102.415817 	116.931602 	12.529964 	10.295630 	107.200745 	132.276230 	128.693436 	13.601471 	107.415085 	45.541191 	
63.655323 	30.479502 	44.821869 	45.607018 	40.000000 	9.848858 	25.238859 	62.008064 	22.472204 	11.661903 	5.099020 	102.649887 	42.544094 	36.235340 	38.013157 	10.198039 	999.000000 	45.177429 	6.324555 	22.360680 	58.309521 	100.409164 	62.433964 	58.668560 	116.387283 	15.231546 	11.000000 	42.154476 	117.796432 	63.134777 	98.412399 	18.788294 	34.205261 	42.379242 	113.172432 	32.756680 	93.236259 	108.208130 	8.062258 	18.601076 	98.081596 	124.084648 	120.341179 	10.049875 	98.234413 	35.355339 	
25.317978 	20.099751 	8.602325 	8.062258 	8.544003 	51.865211 	20.248457 	19.235384 	22.847319 	33.541019 	49.244289 	62.177166 	3.000000 	8.944272 	7.211102 	55.036350 	45.177429 	999.000000 	51.429562 	66.850578 	13.453624 	58.830265 	17.691807 	13.601471 	76.478752 	60.373837 	35.805027 	5.099020 	77.826729 	18.027756 	55.803226 	63.953106 	13.892444 	7.000000 	71.867935 	16.124516 	49.578220 	66.030296 	48.600410 	63.631752 	54.561890 	83.725746 	79.404030 	49.819675 	54.488529 	16.763054 	
69.310890 	36.069378 	50.803543 	51.613953 	46.043457 	6.708204 	31.384710 	68.007355 	28.653097 	17.888544 	3.162278 	108.208130 	48.764740 	42.485291 	44.283180 	4.000000 	6.324555 	51.429562 	999.000000 	16.124516 	64.498062 	106.103722 	68.600288 	64.884514 	121.827744 	8.944272 	17.117243 	48.466484 	123.239601 	69.354164 	104.235313 	12.529964 	40.521599 	48.703182 	118.793938 	39.051247 	99.201813 	113.951744 	9.219544 	12.727922 	104.019226 	129.556931 	125.896782 	10.630146 	104.201729 	41.593269 	
82.800964 	49.929951 	65.368187 	66.241982 	60.827625 	15.264338 	46.615448 	82.492424 	44.011364 	33.526108 	17.720045 	121.165176 	64.078079 	57.939625 	59.808025 	12.165525 	22.360680 	66.850578 	16.124516 	999.000000 	79.624115 	119.473846 	83.630135 	80.112419 	134.380051 	8.246211 	33.241539 	64.195015 	135.793961 	84.581322 	118.004234 	6.403124 	56.515484 	64.560051 	131.893890 	55.108982 	113.441612 	127.440186 	23.345236 	9.899495 	118.152443 	142.172424 	138.773193 	23.769728 	118.431412 	57.706154 	
17.088007 	30.805843 	15.132746 	14.142136 	18.973665 	64.474800 	33.120991 	8.062258 	35.846897 	46.647614 	62.177166 	49.769470 	15.811388 	22.203604 	20.615528 	68.000000 	58.309521 	13.453624 	64.498062 	79.624115 	999.000000 	46.065170 	4.242640 	1.414214 	64.078079 	73.430237 	49.203659 	17.804493 	65.391129 	5.099020 	42.720020 	77.025970 	27.018513 	18.867962 	59.059292 	29.206163 	36.235340 	53.000000 	62.008064 	76.850502 	41.231056 	71.112587 	66.648331 	63.253460 	41.109608 	29.154760 	
36.796738 	70.035706 	56.080299 	55.443665 	61.073727 	104.350372 	75.822159 	39.661064 	78.644768 	89.140335 	103.324730 	5.385165 	60.464867 	66.610809 	65.459915 	109.041275 	100.409164 	58.830265 	106.103722 	119.473846 	46.065170 	999.000000 	42.047592 	46.518814 	18.439089 	114.690887 	92.956978 	63.631752 	19.646883 	43.081318 	5.385165 	118.258194 	72.718636 	64.884514 	13.038404 	74.946648 	13.152946 	8.062258 	105.550934 	118.827606 	10.295630 	25.079872 	20.591261 	107.056061 	11.661903 	75.179787 	
15.811388 	34.481880 	18.681541 	17.720045 	22.847319 	68.447060 	37.215588 	6.403124 	39.962482 	50.774010 	66.241982 	45.880280 	20.000000 	26.400757 	24.839485 	72.069412 	62.433964 	17.691807 	68.600288 	83.630135 	4.242640 	42.047592 	999.000000 	4.472136 	60.166435 	77.524193 	53.413483 	22.022715 	61.465439 	2.828427 	38.587563 	81.123360 	31.240999 	23.021729 	55.009090 	33.421551 	32.015621 	48.877399 	66.219330 	80.993828 	37.013512 	67.119293 	62.609905 	67.475922 	36.878178 	33.286633 	
18.384777 	31.575306 	16.031219 	15.033297 	19.646883 	65.000000 	33.541019 	9.219544 	36.235340 	47.010635 	62.609905 	50.328918 	16.124516 	22.472204 	20.808653 	68.425140 	58.668560 	13.601471 	64.884514 	80.112419 	1.414214 	46.518814 	4.472136 	999.000000 	64.621979 	73.824112 	49.406479 	17.691807 	65.924202 	4.472136 	43.046486 	77.414467 	26.907248 	18.601076 	59.481091 	29.068884 	36.400551 	53.338543 	62.201286 	77.175125 	41.400482 	71.589104 	67.082039 	63.411354 	41.231056 	28.844410 	
53.009434 	85.912750 	72.945183 	72.401657 	77.935867 	119.503136 	92.417534 	57.245087 	95.210297 	105.422958 	118.928551 	14.317822 	77.897369 	83.862984 	82.855293 	124.523087 	116.387283 	76.478752 	121.827744 	134.380051 	64.078079 	18.439089 	60.166435 	64.621979 	999.000000 	130.176804 	109.622078 	81.394104 	1.414214 	61.351448 	23.086792 	133.689941 	90.354858 	82.764725 	7.615773 	92.590500 	31.064449 	14.317822 	122.004097 	134.536240 	27.018513 	7.810250 	6.000000 	123.600159 	28.071337 	93.037628 	
77.897369 	44.687805 	59.640591 	60.464867 	54.918121 	11.180340 	40.311287 	76.843994 	37.589893 	26.832815 	11.401754 	116.674759 	57.706154 	51.429562 	53.225933 	5.656854 	15.231546 	60.373837 	8.944272 	8.246211 	73.430237 	114.690887 	77.524193 	73.824112 	130.176804 	999.000000 	25.709921 	57.384666 	131.590271 	78.294319 	112.929184 	3.605551 	49.335587 	57.584721 	127.310646 	47.801674 	108.004631 	122.576508 	15.132746 	5.099020 	112.800713 	137.931137 	134.350296 	15.524175 	113.004425 	50.219517 	
56.612720 	24.698177 	36.878178 	37.536648 	31.890438 	20.396078 	17.204651 	53.740116 	14.422205 	6.082763 	16.031219 	95.603348 	33.421551 	27.018513 	28.600698 	21.095022 	11.000000 	35.805027 	17.117243 	33.241539 	49.203659 	92.956978 	53.413483 	49.406479 	109.622078 	25.709921 	999.000000 	32.249031 	111.018013 	53.823788 	90.553848 	29.120440 	23.769728 	32.202484 	105.891457 	22.135944 	84.899940 	100.568382 	12.806249 	28.231188 	89.827614 	117.200684 	113.229858 	14.142136 	89.872131 	24.515301 	
30.413813 	20.248457 	12.649111 	12.369317 	10.630146 	49.477268 	18.110771 	24.166092 	20.396078 	30.675724 	46.486557 	67.082039 	5.385165 	7.071068 	5.099020 	52.201534 	42.154476 	5.099020 	48.466484 	64.195015 	17.804493 	63.631752 	22.022715 	17.691807 	81.394104 	57.384666 	32.249031 	999.000000 	82.734512 	21.931713 	60.464867 	60.926186 	9.219544 	2.236068 	76.661591 	11.401754 	54.037025 	70.724815 	44.944408 	60.373837 	59.033890 	88.588936 	84.219948 	46.043457 	58.898216 	11.704700 	
54.405884 	87.321243 	74.330345 	73.783470 	79.322128 	120.917328 	93.813644 	58.591808 	96.607452 	106.826965 	120.341179 	15.652476 	79.259071 	85.234970 	84.219948 	125.936493 	117.796432 	77.826729 	123.239601 	135.793961 	65.391129 	19.646883 	61.465439 	65.924202 	1.414214 	131.590271 	111.018013 	82.734512 	999.000000 	62.625874 	24.186773 	135.103668 	91.706055 	84.095184 	8.246211 	93.941475 	32.140316 	15.132746 	123.405838 	135.948517 	28.000000 	6.403124 	5.099020 	125.000000 	29.017237 	94.371605 	
18.601076 	35.902645 	20.223749 	19.235384 	24.041630 	69.462219 	38.013157 	9.219544 	40.706264 	51.478149 	67.082039 	47.127487 	20.591261 	26.925823 	25.238859 	72.897186 	63.134777 	18.027756 	69.354164 	84.581322 	5.099020 	43.081318 	2.828427 	4.472136 	61.351448 	78.294319 	53.823788 	21.931713 	62.625874 	999.000000 	39.357338 	81.884064 	31.112698 	22.671568 	55.946404 	33.241539 	32.449963 	49.648766 	66.610809 	81.633324 	37.443291 	68.154236 	63.560993 	67.801178 	37.202152 	32.802441 	
35.227829 	68.249542 	53.740116 	53.037724 	58.694122 	102.800781 	73.539108 	36.878178 	76.367531 	87.000000 	101.533249 	10.770329 	57.628117 	63.890530 	62.625874 	107.298645 	98.412399 	55.803226 	104.235313 	118.004234 	42.720020 	5.385165 	38.587563 	43.046486 	23.086792 	112.929184 	90.553848 	60.464867 	24.186773 	39.357338 	999.000000 	116.516090 	69.634758 	61.587337 	16.763054 	71.847061 	8.000000 	10.295630 	103.247276 	116.931602 	5.000000 	29.120440 	24.351591 	104.690018 	6.403124 	71.867935 	
81.467789 	48.270073 	63.245552 	64.070274 	58.523499 	14.422205 	43.908997 	80.448738 	41.182522 	30.413813 	15.000000 	120.216469 	61.294373 	55.009090 	56.797886 	9.219544 	18.788294 	63.953106 	12.529964 	6.403124 	77.025970 	118.258194 	81.123360 	77.414467 	133.689941 	3.605551 	29.120440 	60.926186 	135.103668 	81.884064 	116.516090 	999.000000 	52.810986 	61.098282 	130.862518 	51.244511 	111.606453 	126.150703 	18.000000 	3.605551 	116.400169 	141.449631 	137.887634 	18.110771 	116.606178 	53.600372 	
38.600517 	19.104973 	19.104973 	19.235384 	15.033297 	42.296574 	13.000000 	33.120991 	14.317822 	23.194826 	38.832977 	76.059189 	12.649111 	8.062258 	8.062258 	44.384682 	34.205261 	13.892444 	40.521599 	56.515484 	27.018513 	72.718636 	31.240999 	26.907248 	90.354858 	49.335587 	23.769728 	9.219544 	91.706055 	31.112698 	69.634758 	52.810986 	999.000000 	8.602325 	85.755463 	2.236068 	63.253460 	79.881165 	36.235340 	52.000000 	68.249542 	97.616600 	93.295227 	37.215588 	68.117546 	4.472136 	
32.249031 	21.931713 	14.866069 	14.560220 	12.806249 	50.009998 	19.000000 	25.632011 	21.095022 	31.048349 	46.840153 	68.447060 	7.615773 	8.544003 	6.708204 	52.497620 	42.379242 	7.000000 	48.703182 	64.560051 	18.867962 	64.884514 	23.021729 	18.601076 	82.764725 	57.584721 	32.202484 	2.236068 	84.095184 	22.671568 	61.587337 	61.098282 	8.602325 	999.000000 	77.897369 	10.630146 	55.000000 	71.867935 	44.777225 	60.415230 	60.000000 	89.894379 	85.475143 	45.793011 	59.816387 	10.295630 	
49.517673 	82.734512 	69.028976 	68.410522 	74.027023 	116.846054 	88.729927 	52.697250 	91.547798 	101.980392 	115.974136 	10.816654 	73.498299 	79.630394 	78.492035 	121.655251 	113.172432 	71.867935 	118.793938 	131.893890 	59.059292 	13.038404 	55.009090 	59.481091 	7.615773 	127.310646 	105.891457 	76.661591 	8.246211 	55.946404 	16.763054 	130.862518 	85.755463 	77.897369 	999.000000 	87.982956 	24.515301 	7.000000 	118.444077 	131.521866 	20.099751 	12.369317 	7.615773 	119.970833 	21.023796 	88.192970 	
40.804413 	20.000000 	21.213203 	21.377558 	17.000000 	41.109608 	13.038404 	35.355339 	13.928389 	22.022715 	37.483330 	78.294319 	14.866069 	10.000000 	10.198039 	42.953465 	32.756680 	16.124516 	39.051247 	55.108982 	29.206163 	74.946648 	33.421551 	29.068884 	92.590500 	47.801674 	22.135944 	11.401754 	93.941475 	33.241539 	71.847061 	51.244511 	2.236068 	10.630146 	87.982956 	999.000000 	65.436989 	82.097504 	34.438351 	50.328918 	70.434364 	99.849884 	95.524864 	35.355339 	70.292244 	3.605551 	
31.384710 	63.513779 	48.414875 	47.634022 	53.263496 	98.183502 	68.117546 	31.240999 	70.936592 	81.688431 	96.607452 	18.439089 	51.623638 	57.982758 	56.586216 	102.415817 	93.236259 	49.578220 	99.201813 	113.441612 	36.235340 	13.152946 	32.015621 	36.400551 	31.064449 	108.004631 	84.899940 	54.037025 	32.140316 	32.449963 	8.000000 	111.606453 	63.253460 	55.000000 	24.515301 	65.436989 	999.000000 	17.720045 	97.672920 	111.825760 	5.000000 	36.878178 	32.015621 	99.035347 	5.000000 	65.215027 	
44.687805 	77.897369 	63.702435 	63.031738 	68.680420 	112.294258 	83.486526 	47.010635 	86.313385 	96.876213 	111.198021 	9.055386 	67.801178 	74.027023 	72.801102 	116.931602 	108.208130 	66.030296 	113.951744 	127.440186 	53.000000 	8.062258 	48.877399 	53.338543 	14.317822 	122.576508 	100.568382 	70.724815 	15.132746 	49.648766 	10.295630 	126.150703 	79.881165 	71.867935 	7.000000 	82.097504 	17.720045 	999.000000 	113.216606 	126.668861 	13.152946 	19.235384 	14.317822 	114.690887 	14.035668 	82.152298 	
69.028976 	36.359318 	49.517673 	50.209560 	44.553337 	15.620500 	29.732138 	66.483078 	26.907248 	16.643316 	10.816654 	108.074051 	46.227695 	39.824615 	41.400482 	12.529964 	8.062258 	48.600410 	9.219544 	23.345236 	62.008064 	105.550934 	66.219330 	62.201286 	122.004097 	15.132746 	12.806249 	44.944408 	123.405838 	66.610809 	103.247276 	18.000000 	36.235340 	44.777225 	118.444077 	34.438351 	97.672920 	113.216606 	999.000000 	16.278820 	102.591423 	129.630249 	125.733849 	2.000000 	102.649887 	36.400551 	
82.036575 	48.795490 	63.411354 	64.202805 	58.600342 	16.155495 	43.829212 	80.603973 	41.048752 	30.232433 	15.620500 	120.933868 	61.057350 	54.708317 	56.435802 	10.295630 	18.601076 	63.631752 	12.727922 	9.899495 	76.850502 	118.827606 	80.993828 	77.175125 	134.536240 	5.099020 	28.231188 	60.373837 	135.948517 	81.633324 	116.931602 	3.605551 	52.000000 	60.415230 	131.521866 	50.328918 	111.825760 	126.668861 	16.278820 	999.000000 	116.661903 	142.270874 	138.621780 	16.031219 	116.824654 	52.497620 	
35.777088 	68.242218 	53.263496 	52.497620 	58.137768 	102.902870 	73.000000 	36.124783 	75.822159 	86.556343 	101.400200 	15.652476 	56.586216 	62.936478 	61.554855 	107.200745 	98.081596 	54.561890 	104.019226 	118.152443 	41.231056 	10.295630 	37.013512 	41.400482 	27.018513 	112.800713 	89.827614 	59.033890 	28.000000 	37.443291 	5.000000 	116.400169 	68.249542 	60.000000 	20.099751 	70.434364 	5.000000 	13.152946 	102.591423 	116.661903 	999.000000 	32.388271 	27.459061 	103.966339 	1.414214 	70.213959 	
60.605282 	93.605553 	80.448738 	79.881165 	85.445892 	127.279221 	100.000000 	64.498062 	102.800781 	113.070778 	126.668861 	21.633308 	85.234970 	91.268837 	90.210861 	132.276230 	124.084648 	83.725746 	129.556931 	142.172424 	71.112587 	25.079872 	67.119293 	71.589104 	7.810250 	137.931137 	117.200684 	88.588936 	6.403124 	68.154236 	29.120440 	141.449631 	97.616600 	89.894379 	12.369317 	99.849884 	36.878178 	19.235384 	129.630249 	142.270874 	32.388271 	999.000000 	5.000000 	131.209763 	33.241539 	100.184830 	
56.727417 	89.872131 	76.400261 	75.802376 	81.400246 	123.794182 	96.046867 	60.207973 	98.858482 	109.224541 	123.044708 	17.691807 	80.993828 	87.091904 	85.982559 	128.693436 	120.341179 	79.404030 	125.896782 	138.773193 	66.648331 	20.591261 	62.609905 	67.082039 	6.000000 	134.350296 	113.229858 	84.219948 	5.099020 	63.560993 	24.351591 	137.887634 	93.295227 	85.475143 	7.615773 	95.524864 	32.015621 	14.317822 	125.733849 	138.621780 	27.459061 	5.000000 	999.000000 	127.283150 	28.284271 	95.770561 	
70.604530 	38.078865 	50.990196 	51.662365 	46.010868 	17.204651 	31.240999 	67.882248 	28.425341 	18.357559 	12.529964 	109.635757 	47.507893 	41.109608 	42.638012 	13.601471 	10.049875 	49.819675 	10.630146 	23.769728 	63.253460 	107.056061 	67.475922 	63.411354 	123.600159 	15.524175 	14.142136 	46.043457 	125.000000 	67.801178 	104.690018 	18.110771 	37.215588 	45.793011 	119.970833 	35.355339 	99.035347 	114.690887 	2.000000 	16.031219 	103.966339 	131.209763 	127.283150 	999.000000 	104.004807 	37.161808 	
36.249138 	68.505478 	53.413483 	52.630791 	58.258045 	103.174606 	73.109505 	36.235340 	75.927597 	86.683334 	101.607086 	17.000000 	56.568542 	62.936478 	61.522354 	107.415085 	98.234413 	54.488529 	104.201729 	118.431412 	41.109608 	11.661903 	36.878178 	41.231056 	28.071337 	113.004425 	89.872131 	58.898216 	29.017237 	37.202152 	6.403124 	116.606178 	68.117546 	59.816387 	21.023796 	70.292244 	5.000000 	14.035668 	102.649887 	116.824654 	1.414214 	33.241539 	28.284271 	104.004807 	999.000000 	70.000000 	
41.976185 	23.430750 	23.000000 	23.021729 	19.235384 	44.011364 	16.643316 	35.846897 	17.464249 	25.019993 	40.199501 	78.721024 	16.124516 	12.369317 	12.041595 	45.541191 	35.355339 	16.763054 	41.593269 	57.706154 	29.154760 	75.179787 	33.286633 	28.844410 	93.037628 	50.219517 	24.515301 	11.704700 	94.371605 	32.802441 	71.867935 	53.600372 	4.472136 	10.295630 	88.192970 	3.605551 	65.215027 	82.152298 	36.400551 	52.497620 	70.213959 	100.184830 	95.770561 	37.161808 	70.000000 	999.000000 	

Travel time:
9.000000 	0.831038 	0.503115 	0.492443 	0.626498 	1.690599 	0.985203 	0.235850 	1.055047 	1.312441 	1.663205 	0.976281 	0.649038 	0.784618 	0.766893 	1.806239 	1.591383 	0.632949 	1.732772 	2.070024 	0.427200 	0.919918 	0.395285 	0.459619 	1.325236 	1.947434 	1.415318 	0.760345 	1.360147 	0.465027 	0.880696 	2.036695 	0.965013 	0.806226 	1.237942 	1.020110 	0.784618 	1.117195 	1.725724 	2.050914 	0.894427 	1.515132 	1.418185 	1.765113 	0.906228 	1.049405 	
0.831038 	9.000000 	0.395285 	0.419076 	0.301040 	0.866747 	0.226385 	0.816241 	0.276134 	0.493077 	0.832541 	1.804508 	0.427931 	0.335410 	0.380789 	0.976281 	0.761988 	0.502494 	0.901734 	1.248249 	0.770146 	1.750893 	0.862047 	0.789383 	2.147819 	1.117195 	0.617454 	0.506211 	2.183031 	0.897566 	1.706239 	1.206752 	0.477624 	0.548293 	2.068363 	0.500000 	1.587844 	1.947434 	0.908983 	1.219887 	1.706055 	2.340139 	2.246803 	0.951972 	1.712637 	0.585769 	
0.503115 	0.395285 	9.000000 	0.025000 	0.125000 	1.252996 	0.494975 	0.430116 	0.565685 	0.832541 	1.206493 	1.470544 	0.182003 	0.285044 	0.276134 	1.352082 	1.120547 	0.215058 	1.270089 	1.634205 	0.378319 	1.402007 	0.467039 	0.400780 	1.823630 	1.491015 	0.921954 	0.316228 	1.858259 	0.505594 	1.343503 	1.581139 	0.477624 	0.371652 	1.725724 	0.530330 	1.210372 	1.592561 	1.237942 	1.585284 	1.331587 	2.011219 	1.910007 	1.274755 	1.335337 	0.575000 	
0.492443 	0.419076 	0.025000 	9.000000 	0.141421 	1.275000 	0.512957 	0.410031 	0.583631 	0.851469 	1.227294 	1.456237 	0.176777 	0.292617 	0.279509 	1.372953 	1.140175 	0.201556 	1.290349 	1.656049 	0.353553 	1.386092 	0.443001 	0.375832 	1.810041 	1.511622 	0.938416 	0.309233 	1.844587 	0.480885 	1.325943 	1.601757 	0.480885 	0.364006 	1.710263 	0.534439 	1.190850 	1.575794 	1.255239 	1.605070 	1.312441 	1.997029 	1.895059 	1.291559 	1.315770 	0.575543 	
0.626498 	0.301040 	0.125000 	0.141421 	9.000000 	1.140449 	0.371652 	0.550568 	0.442295 	0.710634 	1.089151 	1.595502 	0.145774 	0.175000 	0.182003 	1.234909 	1.000000 	0.213600 	1.151086 	1.520691 	0.474342 	1.526843 	0.571183 	0.491172 	1.948397 	1.372953 	0.797261 	0.265754 	1.983053 	0.601041 	1.467353 	1.463087 	0.375832 	0.320156 	1.850676 	0.425000 	1.331587 	1.717010 	1.113833 	1.465008 	1.453444 	2.136147 	2.035006 	1.150272 	1.456451 	0.480885 	
1.690599 	0.866747 	1.252996 	1.275000 	1.140449 	9.000000 	0.790569 	1.680773 	0.728011 	0.477624 	0.125000 	2.653771 	1.226020 	1.075291 	1.123054 	0.152069 	0.246221 	1.296630 	0.167705 	0.381608 	1.611870 	2.608759 	1.711177 	1.625000 	2.987578 	0.279509 	0.509902 	1.236932 	3.022933 	1.736555 	2.570019 	0.360555 	1.057414 	1.250250 	2.921151 	1.027740 	2.454587 	2.807356 	0.390512 	0.403887 	2.572572 	3.181981 	3.094855 	0.430116 	2.579365 	1.100284 	
0.985203 	0.226385 	0.494975 	0.512957 	0.371652 	0.790569 	9.000000 	0.921954 	0.070711 	0.340037 	0.726722 	1.960230 	0.436606 	0.285044 	0.333542 	0.872138 	0.630971 	0.506211 	0.784618 	1.165386 	0.828025 	1.895554 	0.930390 	0.838525 	2.310438 	1.007782 	0.430116 	0.452769 	2.345341 	0.950329 	1.838478 	1.097725 	0.325000 	0.475000 	2.218248 	0.325960 	1.702939 	2.087163 	0.743303 	1.095730 	1.825000 	2.500000 	2.401172 	0.781025 	1.827738 	0.416083 	
0.235850 	0.816241 	0.430116 	0.410031 	0.550568 	1.680773 	0.921954 	9.000000 	0.992472 	1.261200 	1.636498 	1.073546 	0.520216 	0.675463 	0.645174 	1.782028 	1.550202 	0.480885 	1.700184 	2.062311 	0.201556 	0.991527 	0.160078 	0.230489 	1.431127 	1.921100 	1.343503 	0.604152 	1.464795 	0.230489 	0.921954 	2.011219 	0.828025 	0.640800 	1.317431 	0.883883 	0.781025 	1.175266 	1.662077 	2.015099 	0.903120 	1.612452 	1.505199 	1.697056 	0.905883 	0.896172 	
1.055047 	0.276134 	0.565685 	0.583631 	0.442295 	0.728011 	0.070711 	0.992472 	9.000000 	0.270416 	0.660019 	2.030394 	0.503115 	0.348210 	0.395285 	0.805062 	0.561805 	0.571183 	0.716327 	1.100284 	0.896172 	1.966119 	0.999062 	0.905883 	2.380257 	0.939747 	0.360555 	0.509902 	2.415186 	1.017657 	1.909188 	1.029563 	0.357946 	0.527376 	2.288695 	0.348210 	1.773415 	2.157835 	0.672681 	1.026219 	1.895554 	2.570019 	2.471462 	0.710634 	1.898190 	0.436606 	
1.312441 	0.493077 	0.832541 	0.851469 	0.710634 	0.477624 	0.340037 	1.261200 	0.270416 	9.000000 	0.395285 	2.288695 	0.772172 	0.614919 	0.660019 	0.538516 	0.291548 	0.838525 	0.447214 	0.838153 	1.166190 	2.228508 	1.269350 	1.175266 	2.635574 	0.670820 	0.152069 	0.766893 	2.670674 	1.286954 	2.175000 	0.760345 	0.579871 	0.776209 	2.549510 	0.550568 	2.042211 	2.421905 	0.416083 	0.755811 	2.163908 	2.826769 	2.730613 	0.458939 	2.167083 	0.625500 	
1.663205 	0.832541 	1.206493 	1.227294 	1.089151 	0.125000 	0.726722 	1.636498 	0.660019 	0.395285 	9.000000 	2.634032 	1.162970 	1.007782 	1.053862 	0.145774 	0.127475 	1.231107 	0.079057 	0.443001 	1.554429 	2.583118 	1.656049 	1.565248 	2.973214 	0.285044 	0.400780 	1.162164 	3.008529 	1.677051 	2.538331 	0.375000 	0.970824 	1.171004 	2.899354 	0.937083 	2.415186 	2.779951 	0.270416 	0.390512 	2.535005 	3.166722 	3.076118 	0.313249 	2.540177 	1.004987 	
0.976281 	1.804508 	1.470544 	1.456237 	1.595502 	2.653771 	1.960230 	1.073546 	2.030394 	2.288695 	2.634032 	9.000000 	1.590794 	1.741049 	1.715007 	2.775450 	2.566247 	1.554429 	2.705203 	3.029130 	1.244237 	0.134629 	1.147007 	1.258223 	0.357946 	2.916869 	2.390084 	1.677051 	0.391312 	1.178187 	0.269258 	3.005412 	1.901480 	1.711177 	0.270416 	1.957358 	0.460977 	0.226385 	2.701851 	3.023347 	0.391312 	0.540833 	0.442295 	2.740894 	0.425000 	1.968026 	
0.649038 	0.427931 	0.182003 	0.176777 	0.145774 	1.226020 	0.436606 	0.520216 	0.503115 	0.772172 	1.162970 	1.590794 	9.000000 	0.160078 	0.125000 	1.308148 	1.063602 	0.075000 	1.219118 	1.601952 	0.395285 	1.511622 	0.500000 	0.403113 	1.947434 	1.442654 	0.835539 	0.134629 	1.981477 	0.514782 	1.440703 	1.532359 	0.316228 	0.190394 	1.837457 	0.371652 	1.290591 	1.695029 	1.155692 	1.526434 	1.414655 	2.130874 	2.024846 	1.187697 	1.414214 	0.403113 	
0.784618 	0.335410 	0.285044 	0.292617 	0.175000 	1.075291 	0.285044 	0.675463 	0.348210 	0.614919 	1.007782 	1.741049 	0.160078 	9.000000 	0.050000 	1.152443 	0.905883 	0.223607 	1.062132 	1.448491 	0.555090 	1.665270 	0.660019 	0.561805 	2.096575 	1.285739 	0.675463 	0.176777 	2.130874 	0.673146 	1.597263 	1.375227 	0.201556 	0.213600 	1.990760 	0.250000 	1.449569 	1.850676 	0.995615 	1.367708 	1.573412 	2.281721 	2.177298 	1.027740 	1.573412 	0.309233 	
0.766893 	0.380789 	0.276134 	0.279509 	0.182003 	1.123054 	0.333542 	0.645174 	0.395285 	0.660019 	1.053862 	1.715007 	0.125000 	0.050000 	9.000000 	1.198176 	0.950329 	0.180278 	1.107080 	1.495201 	0.515388 	1.636498 	0.620987 	0.520216 	2.071382 	1.330648 	0.715017 	0.127475 	2.105499 	0.630971 	1.565647 	1.419947 	0.201556 	0.167705 	1.962301 	0.254951 	1.414655 	1.820028 	1.035012 	1.410895 	1.538871 	2.255271 	2.149564 	1.065950 	1.538059 	0.301040 	
1.806239 	0.976281 	1.352082 	1.372953 	1.234909 	0.152069 	0.872138 	1.782028 	0.805062 	0.538516 	0.145774 	2.775450 	1.308148 	1.152443 	1.198176 	9.000000 	0.254951 	1.375909 	0.100000 	0.304138 	1.700000 	2.726032 	1.801735 	1.710629 	3.113077 	0.141421 	0.527376 	1.305038 	3.148412 	1.822430 	2.682466 	0.230489 	1.109617 	1.312441 	3.041381 	1.073837 	2.560395 	2.923290 	0.313249 	0.257391 	2.680019 	3.306906 	3.217336 	0.340037 	2.685377 	1.138530 	
1.591383 	0.761988 	1.120547 	1.140175 	1.000000 	0.246221 	0.630971 	1.550202 	0.561805 	0.291548 	0.127475 	2.566247 	1.063602 	0.905883 	0.950329 	0.254951 	9.000000 	1.129436 	0.158114 	0.559017 	1.457738 	2.510229 	1.560849 	1.466714 	2.909682 	0.380789 	0.275000 	1.053862 	2.944911 	1.578369 	2.460310 	0.469707 	0.855132 	1.059481 	2.829311 	0.818917 	2.330906 	2.705203 	0.201556 	0.465027 	2.452040 	3.102116 	3.008529 	0.251247 	2.455860 	0.883883 	
0.632949 	0.502494 	0.215058 	0.201556 	0.213600 	1.296630 	0.506211 	0.480885 	0.571183 	0.838525 	1.231107 	1.554429 	0.075000 	0.223607 	0.180278 	1.375909 	1.129436 	9.000000 	1.285739 	1.671264 	0.336341 	1.470757 	0.442295 	0.340037 	1.911969 	1.509346 	0.895126 	0.127475 	1.945668 	0.450694 	1.395081 	1.598828 	0.347311 	0.175000 	1.796698 	0.403113 	1.239455 	1.650757 	1.215010 	1.590794 	1.364047 	2.093144 	1.985101 	1.245492 	1.362213 	0.419076 	
1.732772 	0.901734 	1.270089 	1.290349 	1.151086 	0.167705 	0.784618 	1.700184 	0.716327 	0.447214 	0.079057 	2.705203 	1.219118 	1.062132 	1.107080 	0.100000 	0.158114 	1.285739 	9.000000 	0.403113 	1.612452 	2.652593 	1.715007 	1.622113 	3.045694 	0.223607 	0.427931 	1.211662 	3.080990 	1.733854 	2.605883 	0.313249 	1.013040 	1.217580 	2.969848 	0.976281 	2.480045 	2.848794 	0.230489 	0.318198 	2.600481 	3.238923 	3.147419 	0.265754 	2.605043 	1.039832 	
2.070024 	1.248249 	1.634205 	1.656049 	1.520691 	0.381608 	1.165386 	2.062311 	1.100284 	0.838153 	0.443001 	3.029130 	1.601952 	1.448491 	1.495201 	0.304138 	0.559017 	1.671264 	0.403113 	9.000000 	1.990603 	2.986846 	2.090753 	2.002810 	3.359501 	0.206155 	0.831038 	1.604875 	3.394849 	2.114533 	2.950106 	0.160078 	1.412887 	1.614001 	3.297347 	1.377725 	2.836040 	3.186005 	0.583631 	0.247487 	2.953811 	3.554311 	3.469330 	0.594243 	2.960785 	1.442654 	
0.427200 	0.770146 	0.378319 	0.353553 	0.474342 	1.611870 	0.828025 	0.201556 	0.896172 	1.166190 	1.554429 	1.244237 	0.395285 	0.555090 	0.515388 	1.700000 	1.457738 	0.336341 	1.612452 	1.990603 	9.000000 	1.151629 	0.106066 	0.035355 	1.601952 	1.835756 	1.230091 	0.445112 	1.634778 	0.127475 	1.068001 	1.925649 	0.675463 	0.471699 	1.476482 	0.730154 	0.905883 	1.325000 	1.550202 	1.921263 	1.030776 	1.777815 	1.666208 	1.581336 	1.027740 	0.728869 	
0.919918 	1.750893 	1.402007 	1.386092 	1.526843 	2.608759 	1.895554 	0.991527 	1.966119 	2.228508 	2.583118 	0.134629 	1.511622 	1.665270 	1.636498 	2.726032 	2.510229 	1.470757 	2.652593 	2.986846 	1.151629 	9.000000 	1.051190 	1.162970 	0.460977 	2.867272 	2.323925 	1.590794 	0.491172 	1.077033 	0.134629 	2.956455 	1.817966 	1.622113 	0.325960 	1.873666 	0.328824 	0.201556 	2.638773 	2.970690 	0.257391 	0.626997 	0.514782 	2.676402 	0.291548 	1.879495 	
0.395285 	0.862047 	0.467039 	0.443001 	0.571183 	1.711177 	0.930390 	0.160078 	0.999062 	1.269350 	1.656049 	1.147007 	0.500000 	0.660019 	0.620987 	1.801735 	1.560849 	0.442295 	1.715007 	2.090753 	0.106066 	1.051190 	9.000000 	0.111803 	1.504161 	1.938105 	1.335337 	0.550568 	1.536636 	0.070711 	0.964689 	2.028084 	0.781025 	0.575543 	1.375227 	0.835539 	0.800391 	1.221935 	1.655483 	2.024846 	0.925338 	1.677982 	1.565248 	1.686898 	0.921954 	0.832166 	
0.459619 	0.789383 	0.400780 	0.375832 	0.491172 	1.625000 	0.838525 	0.230489 	0.905883 	1.175266 	1.565248 	1.258223 	0.403113 	0.561805 	0.520216 	1.710629 	1.466714 	0.340037 	1.622113 	2.002810 	0.035355 	1.162970 	0.111803 	9.000000 	1.615549 	1.845603 	1.235162 	0.442295 	1.648105 	0.111803 	1.076162 	1.935362 	0.672681 	0.465027 	1.487027 	0.726722 	0.910014 	1.333464 	1.555032 	1.929378 	1.035012 	1.789728 	1.677051 	1.585284 	1.030776 	0.721110 	
1.325236 	2.147819 	1.823630 	1.810041 	1.948397 	2.987578 	2.310438 	1.431127 	2.380257 	2.635574 	2.973214 	0.357946 	1.947434 	2.096575 	2.071382 	3.113077 	2.909682 	1.911969 	3.045694 	3.359501 	1.601952 	0.460977 	1.504161 	1.615549 	9.000000 	3.254420 	2.740552 	2.034853 	0.035355 	1.533786 	0.577170 	3.342248 	2.258872 	2.069118 	0.190394 	2.314763 	0.776611 	0.357946 	3.050102 	3.363406 	0.675463 	0.195256 	0.150000 	3.090004 	0.701783 	2.325941 	
1.947434 	1.117195 	1.491015 	1.511622 	1.372953 	0.279509 	1.007782 	1.921100 	0.939747 	0.670820 	0.285044 	2.916869 	1.442654 	1.285739 	1.330648 	0.141421 	0.380789 	1.509346 	0.223607 	0.206155 	1.835756 	2.867272 	1.938105 	1.845603 	3.254420 	9.000000 	0.642748 	1.434617 	3.289757 	1.957358 	2.823230 	0.090139 	1.233390 	1.439618 	3.182766 	1.195042 	2.700116 	3.064413 	0.378319 	0.127475 	2.820018 	3.448278 	3.358757 	0.388104 	2.825111 	1.255488 	
1.415318 	0.617454 	0.921954 	0.938416 	0.797261 	0.509902 	0.430116 	1.343503 	0.360555 	0.152069 	0.400780 	2.390084 	0.835539 	0.675463 	0.715017 	0.527376 	0.275000 	0.895126 	0.427931 	0.831038 	1.230091 	2.323925 	1.335337 	1.235162 	2.740552 	0.642748 	9.000000 	0.806226 	2.775450 	1.345595 	2.263846 	0.728011 	0.594243 	0.805062 	2.647286 	0.553399 	2.122499 	2.514210 	0.320156 	0.705780 	2.245690 	2.930017 	2.830746 	0.353553 	2.246803 	0.612882 	
0.760345 	0.506211 	0.316228 	0.309233 	0.265754 	1.236932 	0.452769 	0.604152 	0.509902 	0.766893 	1.162164 	1.677051 	0.134629 	0.176777 	0.127475 	1.305038 	1.053862 	0.127475 	1.211662 	1.604875 	0.445112 	1.590794 	0.550568 	0.442295 	2.034853 	1.434617 	0.806226 	9.000000 	2.068363 	0.548293 	1.511622 	1.523155 	0.230489 	0.055902 	1.916540 	0.285044 	1.350926 	1.768120 	1.123610 	1.509346 	1.475847 	2.214723 	2.105499 	1.151086 	1.472455 	0.292617 	
1.360147 	2.183031 	1.858259 	1.844587 	1.983053 	3.022933 	2.345341 	1.464795 	2.415186 	2.670674 	3.008529 	0.391312 	1.981477 	2.130874 	2.105499 	3.148412 	2.944911 	1.945668 	3.080990 	3.394849 	1.634778 	0.491172 	1.536636 	1.648105 	0.035355 	3.289757 	2.775450 	2.068363 	9.000000 	1.565647 	0.604669 	3.377592 	2.292651 	2.102380 	0.206155 	2.348537 	0.803508 	0.378319 	3.085146 	3.398713 	0.700000 	0.160078 	0.127475 	3.125000 	0.725431 	2.359290 	
0.465027 	0.897566 	0.505594 	0.480885 	0.601041 	1.736555 	0.950329 	0.230489 	1.017657 	1.286954 	1.677051 	1.178187 	0.514782 	0.673146 	0.630971 	1.822430 	1.578369 	0.450694 	1.733854 	2.114533 	0.127475 	1.077033 	0.070711 	0.111803 	1.533786 	1.957358 	1.345595 	0.548293 	1.565647 	9.000000 	0.983933 	2.047101 	0.777817 	0.566789 	1.398660 	0.831038 	0.811249 	1.241219 	1.665270 	2.040833 	0.936082 	1.703856 	1.589025 	1.695029 	0.930054 	0.820061 	
0.880696 	1.706239 	1.343503 	1.325943 	1.467353 	2.570019 	1.838478 	0.921954 	1.909188 	2.175000 	2.538331 	0.269258 	1.440703 	1.597263 	1.565647 	2.682466 	2.460310 	1.395081 	2.605883 	2.950106 	1.068001 	0.134629 	0.964689 	1.076162 	0.577170 	2.823230 	2.263846 	1.511622 	0.604669 	0.983933 	9.000000 	2.912902 	1.740869 	1.539683 	0.419076 	1.796177 	0.200000 	0.257391 	2.581182 	2.923290 	0.125000 	0.728011 	0.608790 	2.617250 	0.160078 	1.796698 	
2.036695 	1.206752 	1.581139 	1.601757 	1.463087 	0.360555 	1.097725 	2.011219 	1.029563 	0.760345 	0.375000 	3.005412 	1.532359 	1.375227 	1.419947 	0.230489 	0.469707 	1.598828 	0.313249 	0.160078 	1.925649 	2.956455 	2.028084 	1.935362 	3.342248 	0.090139 	0.728011 	1.523155 	3.377592 	2.047101 	2.912902 	9.000000 	1.320275 	1.527457 	3.271563 	1.281113 	2.790161 	3.153768 	0.450000 	0.090139 	2.910004 	3.536241 	3.447191 	0.452769 	2.915154 	1.340009 	
0.965013 	0.477624 	0.477624 	0.480885 	0.375832 	1.057414 	0.325000 	0.828025 	0.357946 	0.579871 	0.970824 	1.901480 	0.316228 	0.201556 	0.201556 	1.109617 	0.855132 	0.347311 	1.013040 	1.412887 	0.675463 	1.817966 	0.781025 	0.672681 	2.258872 	1.233390 	0.594243 	0.230489 	2.292651 	0.777817 	1.740869 	1.320275 	9.000000 	0.215058 	2.143887 	0.055902 	1.581336 	1.997029 	0.905883 	1.300000 	1.706239 	2.440415 	2.332381 	0.930390 	1.702939 	0.111803 	
0.806226 	0.548293 	0.371652 	0.364006 	0.320156 	1.250250 	0.475000 	0.640800 	0.527376 	0.776209 	1.171004 	1.711177 	0.190394 	0.213600 	0.167705 	1.312441 	1.059481 	0.175000 	1.217580 	1.614001 	0.471699 	1.622113 	0.575543 	0.465027 	2.069118 	1.439618 	0.805062 	0.055902 	2.102380 	0.566789 	1.539683 	1.527457 	0.215058 	9.000000 	1.947434 	0.265754 	1.375000 	1.796698 	1.119431 	1.510381 	1.500000 	2.247360 	2.136878 	1.144825 	1.495410 	0.257391 	
1.237942 	2.068363 	1.725724 	1.710263 	1.850676 	2.921151 	2.218248 	1.317431 	2.288695 	2.549510 	2.899354 	0.270416 	1.837457 	1.990760 	1.962301 	3.041381 	2.829311 	1.796698 	2.969848 	3.297347 	1.476482 	0.325960 	1.375227 	1.487027 	0.190394 	3.182766 	2.647286 	1.916540 	0.206155 	1.398660 	0.419076 	3.271563 	2.143887 	1.947434 	9.000000 	2.199574 	0.612882 	0.175000 	2.961102 	3.288047 	0.502494 	0.309233 	0.190394 	2.999271 	0.525595 	2.204824 	
