Total assets = 1220
Number of asset nodes = 67

Distance:
999.000000 	116.361504 	73.763138 	6.082763 	118.511604 	165.758865 	81.492332 	118.966385 	165.951797 	89.286057 	28.460499 	13.341664 	158.600128 	128.701202 	153.687988 	176.241318 	174.229736 	16.124516 	30.463093 	16.031219 	172.246918 	86.884979 	81.049370 	176.980225 	33.615471 	175.727066 	31.304953 	173.761337 	18.681541 	86.313385 	156.156967 	96.772926 	37.336308 	19.235384 	82.734512 	21.954498 	158.937088 	30.232433 	98.716766 	172.733902 	34.885529 	90.255196 	90.094398 	87.823685 	86.700638 	41.231056 	34.669872 	40.718548 	98.152939 	95.885345 	43.416588 	94.641426 	96.747093 	98.858482 	99.849884 	94.260277 	102.956299 	97.416634 	98.325989 	100.404182 	113.534134 	116.348618 	113.110565 	114.109596 	116.211014 	120.503113 	117.153748 	118.207443 	122.494896 	121.202309 	122.200653 	104.690018 	111.758667 	114.529472 	113.635384 	111.018013 	117.613777 	116.965805 	115.260574 	116.249733 	115.741089 	
116.361504 	999.000000 	47.507893 	120.220627 	5.000000 	58.309521 	42.720020 	6.403124 	57.271286 	35.777088 	99.247169 	125.642349 	46.324940 	35.440090 	40.000000 	68.942001 	66.211784 	126.491104 	100.498756 	124.036285 	63.505905 	41.629318 	48.301140 	69.354164 	99.005051 	67.082039 	101.862656 	64.412735 	122.004097 	44.384682 	41.868843 	33.955853 	96.176918 	124.201447 	49.244289 	117.923706 	44.687805 	106.103722 	33.541019 	61.911228 	101.118744 	43.011627 	43.965897 	46.486557 	47.759815 	96.332756 	104.661362 	97.744568 	41.303753 	43.566040 	100.124924 	45.705578 	44.407207 	43.185646 	43.104523 	49.648766 	42.000000 	47.265209 	48.166378 	47.042534 	46.324940 	49.040798 	52.172791 	52.392746 	50.960770 	48.466484 	52.201534 	51.546097 	49.244289 	52.554733 	52.924473 	68.029404 	69.584480 	68.066147 	68.883957 	71.449280 	69.634758 	72.367119 	73.979729 	74.148499 	76.941536 	
73.763138 	47.507893 	999.000000 	76.550636 	48.104053 	104.446159 	8.000000 	48.166378 	103.773796 	15.524175 	52.697250 	81.024689 	93.600212 	73.082146 	87.458565 	115.247559 	112.680969 	81.394104 	53.600372 	78.714676 	110.136276 	14.142136 	11.401754 	115.762688 	51.855568 	113.740936 	54.817879 	111.220505 	76.157730 	14.866069 	89.375610 	23.194826 	48.836460 	78.390053 	14.212670 	71.561165 	92.195442 	59.033890 	25.179358 	109.041275 	53.814495 	18.681541 	18.973665 	17.888544 	17.492855 	48.836460 	57.314919 	50.249378 	26.476404 	25.000000 	52.630791 	24.698177 	26.248810 	27.892651 	28.861740 	26.419689 	31.575306 	28.231188 	29.546574 	31.016125 	42.953465 	46.324940 	44.598206 	45.541191 	46.840153 	49.819675 	48.083260 	48.764740 	51.788029 	51.662365 	52.630791 	45.967381 	51.855568 	53.009434 	52.801514 	52.402290 	56.035702 	57.008770 	56.727417 	57.489128 	58.728188 	
6.082763 	120.220627 	76.550636 	999.000000 	122.188377 	170.531525 	84.118965 	122.588745 	170.660477 	92.027168 	28.160255 	7.280110 	163.049072 	133.660019 	158.003159 	181.069046 	179.011169 	10.049875 	29.614185 	10.198039 	176.980225 	89.286057 	83.198555 	181.793839 	32.756680 	180.479919 	30.083218 	178.465683 	13.416408 	88.526833 	160.424438 	99.327744 	36.674240 	13.601471 	84.723076 	17.691807 	163.217651 	28.231188 	101.242287 	177.341476 	33.526108 	92.417534 	92.195442 	89.822044 	88.645363 	40.261642 	32.695564 	39.560081 	100.224747 	97.862144 	41.785164 	96.509064 	98.655968 	100.806747 	101.788994 	95.885345 	104.923782 	99.141312 	99.985001 	102.107788 	115.260574 	117.957619 	114.529472 	115.524887 	117.720009 	122.188377 	118.608597 	119.707977 	124.169243 	122.690666 	123.685081 	105.171288 	112.218536 	115.108643 	114.157784 	111.364265 	118.152443 	117.345642 	115.524887 	116.520386 	115.849037 	
118.511604 	5.000000 	48.104053 	122.188377 	999.000000 	59.774578 	42.638012 	1.414214 	58.523499 	35.227829 	100.424103 	127.424484 	46.957428 	39.560081 	40.311287 	70.228203 	67.416618 	128.160049 	101.533249 	125.642349 	64.621979 	40.816662 	47.707443 	70.576202 	99.904953 	68.154236 	102.825096 	65.391129 	123.458496 	43.416588 	41.880783 	32.310989 	96.938126 	125.670204 	48.373547 	119.201508 	44.654228 	107.056061 	31.622776 	62.609905 	101.911728 	41.629318 	42.544094 	45.188496 	46.518814 	96.876213 	105.418213 	98.290382 	39.051247 	41.484936 	100.498756 	43.680660 	42.201897 	40.792156 	40.607880 	47.539455 	39.204590 	44.911022 	45.705578 	44.407207 	42.579338 	45.122055 	48.507732 	48.662102 	47.074409 	44.271889 	48.270073 	47.539455 	44.944408 	48.383881 	48.703182 	65.030762 	66.189125 	64.498062 	65.375839 	68.117546 	65.924202 	68.731361 	70.455658 	70.576202 	73.437050 	
165.758865 	58.309521 	104.446159 	170.531525 	59.774578 	999.000000 	100.623062 	60.440052 	2.828427 	94.021271 	153.525238 	176.799316 	15.297058 	37.735924 	22.090721 	10.816654 	8.485281 	178.190903 	155.241745 	176.082367 	6.708204 	99.924973 	106.512909 	11.401754 	154.201172 	10.000000 	156.818359 	8.544003 	174.771286 	102.693718 	22.561028 	92.027168 	151.822266 	176.867188 	107.540688 	171.493439 	21.189621 	161.027954 	91.394745 	10.049875 	156.604599 	101.242287 	102.181213 	104.752090 	106.042442 	152.551636 	160.206116 	153.941544 	98.762344 	101.242287 	156.706726 	103.445641 	101.921539 	100.424103 	100.169853 	107.280006 	98.488579 	104.546638 	105.261581 	103.812332 	99.609238 	101.316338 	105.574615 	105.475113 	103.310211 	99.080772 	104.235313 	103.174606 	99.020203 	103.043678 	103.019417 	123.628479 	123.685081 	121.412521 	122.494896 	125.781555 	122.200653 	125.255737 	127.393089 	127.318497 	130.384048 	
81.492332 	42.720020 	8.000000 	84.118965 	42.638012 	100.623062 	999.000000 	42.520584 	99.764725 	8.062258 	59.539902 	88.391174 	89.044930 	71.196907 	82.661964 	111.364265 	108.706024 	88.639717 	60.207973 	85.906929 	106.066017 	6.324555 	7.071068 	111.825760 	58.249462 	109.658562 	61.294373 	107.042046 	83.186539 	7.810250 	84.403793 	15.297058 	55.000000 	85.422478 	9.486833 	78.390053 	87.200920 	65.459915 	17.262676 	104.623131 	60.000000 	11.180340 	11.661903 	11.313708 	11.401754 	54.561890 	63.411354 	55.973209 	18.681541 	17.464249 	57.982758 	17.492855 	18.788294 	20.248457 	21.189621 	19.849434 	23.769728 	21.095022 	22.472204 	23.706539 	35.171009 	38.600517 	37.161808 	38.078865 	39.217342 	41.976185 	40.496914 	41.109608 	43.931767 	43.965897 	44.922153 	40.607880 	45.967381 	46.754681 	46.690472 	46.754681 	49.678970 	50.931328 	50.931328 	51.623638 	53.150730 	
118.966385 	6.403124 	48.166378 	122.588745 	1.414214 	60.440052 	42.520584 	999.000000 	59.135437 	35.000000 	100.603180 	127.769325 	47.423622 	40.853397 	40.706264 	70.837845 	68.007355 	128.471786 	101.671036 	125.936493 	65.192024 	40.496914 	47.434166 	71.168816 	100.004997 	68.709534 	102.941734 	65.924202 	123.709335 	43.046486 	42.190044 	31.780497 	97.000000 	125.924583 	48.020828 	119.402679 	44.944408 	107.168091 	31.016125 	63.071388 	101.980392 	41.146080 	42.047592 	44.721359 	46.065170 	96.876213 	105.475113 	98.290382 	38.327538 	40.804413 	100.448990 	43.011627 	41.484936 	40.024994 	39.812057 	46.840153 	38.327538 	44.147480 	44.911022 	43.566040 	41.436699 	43.931767 	47.381432 	47.518417 	45.891174 	43.011627 	47.074409 	46.324940 	43.657761 	47.127487 	47.434166 	64.070274 	65.122963 	63.387695 	64.280632 	67.067131 	64.776543 	67.601776 	69.354164 	69.462219 	72.339478 	
165.951797 	57.271286 	103.773796 	170.660477 	58.523499 	2.828427 	99.764725 	59.135437 	999.000000 	93.037628 	153.264481 	176.867188 	13.038404 	38.470768 	20.000000 	11.704700 	8.944272 	178.213348 	154.932236 	176.071014 	6.403124 	98.898941 	105.550934 	12.083046 	153.837570 	10.000000 	156.486420 	7.810250 	174.691162 	101.636604 	20.223749 	90.824005 	151.400131 	176.799316 	106.512909 	171.330093 	18.681541 	160.704697 	90.138779 	8.062258 	156.208191 	100.089958 	101.019798 	103.619499 	104.923782 	152.052628 	159.806137 	153.447052 	97.416634 	99.929977 	156.156967 	102.142059 	100.578331 	99.040398 	98.762344 	105.948097 	97.015465 	103.160072 	103.846039 	102.357216 	97.867256 	99.503769 	103.817146 	103.696671 	101.493843 	97.185387 	102.396286 	101.316338 	97.082436 	101.123688 	101.079178 	122.000000 	121.926208 	119.603508 	120.702110 	124.036285 	120.337029 	123.405838 	125.574677 	125.483070 	128.561264 	
89.286057 	35.777088 	15.524175 	92.027168 	35.227829 	94.021271 	8.062258 	35.000000 	93.037628 	999.000000 	67.601776 	96.384644 	81.987801 	66.272163 	75.471848 	104.694794 	101.980392 	96.664368 	68.264191 	93.941475 	99.282425 	6.082763 	12.529964 	105.118980 	66.287254 	102.859123 	69.339745 	100.184830 	91.241440 	9.055386 	77.103828 	8.062258 	63.007935 	93.477272 	13.601471 	86.452301 	79.881165 	73.498299 	10.049875 	97.616600 	68.007355 	9.486833 	10.440307 	12.041595 	13.000000 	62.481998 	71.400284 	63.890530 	14.212670 	14.212670 	65.795135 	15.264338 	15.620500 	16.278820 	17.029387 	18.788294 	18.867962 	18.601076 	20.000000 	20.518284 	29.966648 	33.541019 	33.015148 	33.837849 	34.481880 	36.400551 	35.846897 	36.235340 	38.275318 	38.910152 	39.812057 	40.249222 	44.654228 	44.821869 	45.000000 	45.793011 	47.507893 	49.203659 	49.648766 	50.219517 	52.153618 	
28.460499 	99.247169 	52.697250 	28.160255 	100.424103 	153.525238 	59.539902 	100.603180 	153.264481 	67.601776 	999.000000 	30.265491 	144.277512 	118.431412 	138.600143 	164.295471 	161.969131 	29.832869 	3.162278 	26.925823 	159.665268 	63.976559 	57.384666 	164.924225 	5.656854 	163.248276 	5.099020 	160.962723 	23.769728 	62.769421 	140.758652 	74.249580 	8.944272 	26.000000 	58.523499 	18.867962 	143.586212 	8.246211 	76.059189 	159.289047 	8.062258 	66.483078 	66.128662 	63.568859 	62.297672 	13.038404 	10.198039 	12.806249 	74.000000 	71.470276 	16.278820 	69.921387 	72.124893 	74.330345 	75.286118 	68.883957 	78.447433 	72.277245 	73.006851 	75.186432 	88.294960 	90.801979 	87.132080 	88.119240 	90.426765 	95.126228 	91.241440 	92.395889 	97.082436 	95.351982 	96.337944 	77.058418 	84.095184 	87.022987 	86.052307 	83.216583 	90.049988 	89.202019 	87.367043 	88.362885 	87.692642 	
13.341664 	125.642349 	81.024689 	7.280110 	127.424484 	176.799316 	88.391174 	127.769325 	176.867188 	96.384644 	30.265491 	999.000000 	169.008881 	140.121368 	163.835281 	187.384628 	185.283569 	3.162278 	31.016125 	5.000000 	183.207535 	93.300591 	86.977005 	188.095718 	34.000000 	186.724396 	31.016125 	184.664566 	9.433981 	92.347168 	166.207703 	103.464973 	38.000000 	8.485281 	88.323273 	15.231546 	169.011841 	28.284271 	105.342300 	183.447540 	34.132095 	96.166519 	95.880135 	93.407707 	92.179176 	41.109608 	32.557640 	40.199501 	103.846039 	101.390335 	41.773197 	99.924973 	102.107788 	104.292854 	105.261581 	99.040398 	108.415863 	102.391403 	103.160072 	105.323311 	118.456741 	121.016525 	117.388245 	118.376518 	120.668968 	125.319588 	121.494858 	122.641754 	127.283150 	125.602547 	126.589890 	107.004669 	114.000000 	117.017090 	116.004311 	113.017700 	120.004166 	119.016808 	117.068359 	118.067780 	117.209213 	
158.600128 	46.324940 	93.600212 	163.049072 	46.957428 	15.297058 	89.044930 	47.423622 	13.038404 	81.987801 	144.277512 	169.008881 	999.000000 	35.355339 	7.071068 	24.186773 	21.213203 	170.182251 	145.773804 	167.919617 	18.248287 	87.709747 	94.514549 	24.331051 	144.499130 	21.587032 	147.248093 	18.681541 	166.291916 	90.354858 	7.280110 	79.202271 	141.873184 	168.439896 	95.294281 	162.640701 	6.403124 	151.485977 	78.390053 	15.652476 	146.754898 	88.566360 	89.470665 	92.135773 	93.471924 	142.274384 	150.332962 	143.680206 	85.440041 	88.022728 	146.208755 	90.249657 	88.600227 	86.977005 	86.648720 	93.984039 	84.770279 	91.082382 	91.706055 	90.138779 	85.158676 	86.700638 	91.082382 	90.934044 	88.684837 	84.291161 	89.560036 	88.459030 	84.148682 	88.204308 	88.141930 	109.444046 	109.178749 	106.794197 	107.912003 	111.305885 	107.466270 	110.548630 	112.751938 	112.641022 	115.732452 	
128.701202 	35.440090 	73.082146 	133.660019 	39.560081 	37.735924 	71.196907 	40.853397 	38.470768 	66.272163 	118.431412 	140.121368 	35.355339 	999.000000 	34.058773 	47.801674 	46.043457 	141.675690 	120.415947 	139.703262 	44.418465 	72.339478 	77.929459 	48.600410 	119.707977 	47.707443 	122.114700 	46.141087 	138.683090 	75.325958 	37.054016 	67.029846 	117.720009 	140.719574 	79.630394 	135.801331 	39.000000 	126.245789 	67.119293 	46.097721 	122.298813 	75.059975 	76.059189 	78.160095 	79.227524 	118.962181 	125.896782 	120.307938 	75.166481 	77.058418 	123.438240 	79.025314 	78.102493 	77.233414 	77.317528 	83.024094 	76.655075 	81.154175 	82.219215 	81.394104 	81.743500 	84.480766 	87.555695 	87.800911 	86.400230 	83.815269 	87.641312 	86.977005 	84.504440 	87.920418 	88.255310 	102.703453 	104.737770 	103.368271 	104.139328 	106.531685 	105.019043 	107.707939 	109.238274 	109.444046 	112.178429 	
153.687988 	40.000000 	87.458565 	158.003159 	40.311287 	22.090721 	82.661964 	40.706264 	20.000000 	75.471848 	138.600143 	163.835281 	7.071068 	34.058773 	999.000000 	31.257000 	28.284271 	164.924225 	140.014282 	162.606888 	25.317978 	81.123360 	87.982956 	31.400637 	138.657852 	28.635643 	141.449631 	25.709921 	160.863297 	83.725746 	3.000000 	72.449982 	135.948517 	163.027603 	88.684837 	157.079605 	5.385165 	145.691452 	71.589104 	22.472204 	140.858078 	81.841309 	82.734512 	85.422478 	86.769814 	136.235092 	144.422989 	137.644470 	78.549347 	81.154175 	140.089264 	83.384651 	81.706795 	80.056229 	79.711983 	87.091904 	77.794601 	84.154617 	84.758484 	83.168503 	78.089691 	79.630394 	84.011902 	83.862984 	81.614952 	77.233414 	82.492424 	81.394104 	77.103828 	81.154175 	81.098709 	102.391403 	102.107788 	99.724625 	100.841461 	104.235313 	100.404182 	103.484299 	105.683487 	105.574615 	108.664619 	
176.241318 	68.942001 	115.247559 	181.069046 	70.228203 	10.816654 	111.364265 	70.837845 	11.704700 	104.694794 	164.295471 	187.384628 	24.186773 	47.801674 	31.257000 	999.000000 	3.000000 	188.809433 	166.027100 	186.724396 	6.000000 	110.571243 	117.200684 	1.000000 	165.000000 	3.605551 	167.609665 	6.324555 	185.456192 	113.318138 	31.016125 	102.528046 	162.631485 	187.544662 	118.186295 	182.222397 	29.017237 	171.816757 	101.843018 	10.770329 	167.409683 	111.789978 	112.720894 	115.316956 	116.619041 	163.367691 	171.011688 	164.757401 	109.110039 	111.628853 	167.523132 	113.841995 	112.271988 	110.724884 	110.440025 	117.643532 	108.669220 	114.843369 	115.520561 	114.017540 	109.329773 	110.887329 	115.260574 	115.117332 	112.871605 	108.461975 	113.745331 	112.641022 	108.295891 	112.361023 	112.285347 	133.555237 	133.360413 	130.980911 	132.098450 	135.484314 	131.643463 	134.729355 	136.937943 	136.824707 	139.917831 	
174.229736 	66.211784 	112.680969 	179.011169 	67.416618 	8.485281 	108.706024 	68.007355 	8.944272 	101.980392 	161.969131 	185.283569 	21.213203 	46.043457 	28.284271 	3.000000 	999.000000 	186.676193 	163.670395 	184.567062 	3.000000 	107.837845 	114.494545 	3.162278 	162.609970 	2.000000 	165.239227 	3.605551 	183.251190 	110.571243 	28.017851 	99.724625 	160.206116 	185.348328 	115.451286 	179.961105 	26.019224 	169.452057 	99.020203 	8.062258 	165.000000 	109.004585 	109.931801 	112.538879 	113.846390 	160.897476 	168.600113 	162.289871 	106.254410 	108.784187 	165.024246 	111.000000 	109.416634 	107.856384 	107.563934 	114.791115 	105.773346 	111.973213 	112.641022 	111.126053 	106.367287 	107.912003 	112.294258 	112.147224 	109.895409 	105.475113 	110.765518 	109.658562 	105.304321 	109.370926 	109.293182 	130.613937 	130.391724 	128.003906 	129.123978 	132.517929 	128.658463 	131.745972 	133.958954 	133.843185 	136.937943 	
16.124516 	126.491104 	81.394104 	10.049875 	128.160049 	178.190903 	88.639717 	128.471786 	178.213348 	96.664368 	29.832869 	3.162278 	170.182251 	141.675690 	164.924225 	188.809433 	186.676193 	999.000000 	30.265491 	3.000000 	184.567062 	93.407707 	86.977005 	189.509888 	33.136082 	188.095718 	30.066593 	186.002686 	7.280110 	92.358002 	167.263260 	103.619499 	37.121422 	5.830952 	88.232651 	13.341664 	170.073517 	27.018513 	105.475113 	184.718704 	33.000000 	96.135323 	95.817535 	93.300591 	92.048897 	40.000000 	31.144823 	39.012817 	103.740059 	101.242287 	40.311287 	99.724625 	101.921539 	104.120125 	105.080925 	98.716766 	108.240471 	102.107788 	102.839684 	105.019043 	118.127052 	120.619232 	116.901665 	117.885536 	120.220627 	124.951988 	121.016525 	122.184288 	126.905479 	125.131927 	126.115028 	106.075447 	113.039818 	116.107712 	115.069542 	112.004463 	119.067207 	118.004234 	116.004311 	117.004272 	116.068947 	
30.463093 	100.498756 	53.600372 	29.614185 	101.533249 	155.241745 	60.207973 	101.671036 	154.932236 	68.264191 	3.162278 	31.016125 	145.773804 	120.415947 	140.014282 	166.027100 	163.670395 	30.265491 	999.000000 	27.294687 	161.335052 	64.412735 	57.697487 	166.643326 	3.162278 	164.924225 	2.000000 	162.606888 	23.769728 	63.071388 	142.130219 	74.706093 	7.071068 	25.961510 	58.694122 	18.384777 	144.958618 	5.830952 	76.478752 	160.863297 	5.000000 	66.708321 	66.309875 	63.694584 	62.393909 	10.770329 	7.071068 	10.295630 	74.094536 	71.512238 	13.453624 	69.892776 	72.111023 	74.330345 	75.272835 	68.680420 	78.434685 	72.124893 	72.801102 	75.000000 	88.056801 	90.470993 	86.683334 	87.664131 	90.027771 	94.831429 	90.801979 	91.983696 	96.772926 	94.921021 	95.900993 	76.000000 	83.006027 	86.005814 	85.000000 	82.054863 	89.000000 	88.051125 	86.145226 	87.143562 	86.371292 	
16.031219 	124.036285 	78.714676 	10.198039 	125.642349 	176.082367 	85.906929 	125.936493 	176.071014 	93.941475 	26.925823 	5.000000 	167.919617 	139.703262 	162.606888 	186.724396 	184.567062 	3.000000 	27.294687 	999.000000 	182.433548 	90.620087 	84.154617 	187.416641 	30.149628 	185.970428 	27.073973 	183.853195 	4.472136 	89.537704 	164.924225 	100.846420 	34.132095 	3.605551 	85.381500 	10.440307 	167.737885 	24.020824 	102.693718 	182.521225 	30.000000 	93.300591 	92.973114 	90.443352 	89.185204 	37.000000 	28.160255 	36.013885 	100.881119 	98.371742 	37.336308 	96.840073 	99.040398 	101.242287 	102.200783 	95.801880 	105.361282 	99.201813 	99.924973 	102.107788 	115.208504 	117.686020 	113.951744 	114.934761 	117.277451 	122.024590 	118.067780 	119.239258 	123.975807 	122.184288 	123.166557 	103.077644 	110.040901 	113.110565 	112.071404 	109.004585 	116.068947 	115.004349 	113.004425 	114.004387 	113.070778 	
172.246918 	63.505905 	110.136276 	176.980225 	64.621979 	6.708204 	106.066017 	65.192024 	6.403124 	99.282425 	159.665268 	183.207535 	18.248287 	44.418465 	25.317978 	6.000000 	3.000000 	184.567062 	161.335052 	182.433548 	999.000000 	105.118980 	111.803398 	6.082763 	160.240448 	3.605551 	162.889526 	2.000000 	181.069046 	107.837845 	25.019993 	96.932968 	157.800507 	183.174774 	112.729767 	177.721695 	23.021729 	167.107742 	96.208107 	5.656854 	162.609970 	106.230881 	107.154091 	109.772491 	111.085556 	158.445572 	166.207703 	159.840546 	103.406960 	105.948097 	162.542297 	108.166542 	106.569229 	104.995239 	104.694794 	111.946419 	102.883430 	109.110039 	109.767937 	108.240471 	103.406960 	104.938080 	109.329773 	109.178749 	106.920532 	102.489021 	107.786827 	106.677086 	102.313248 	106.381386 	106.301460 	127.675369 	127.424484 	125.028000 	126.150703 	129.553085 	125.674179 	128.763351 	130.980911 	130.862518 	133.958954 	
86.884979 	41.629318 	14.142136 	89.286057 	40.816662 	99.924973 	6.324555 	40.496914 	98.898941 	6.082763 	63.976559 	93.300591 	87.709747 	72.339478 	81.123360 	110.571243 	107.837845 	93.407707 	64.412735 	90.620087 	105.118980 	999.000000 	7.071068 	110.981979 	62.265560 	108.687622 	65.368187 	105.990562 	87.726852 	3.000000 	82.680107 	10.295630 	58.830265 	89.961105 	7.615773 	82.734512 	85.440041 	69.462219 	12.083046 	103.353760 	63.812225 	5.000000 	5.656854 	6.324555 	7.071068 	58.008621 	67.119293 	59.405388 	12.369317 	11.180340 	61.073727 	11.401754 	12.529964 	13.928389 	14.866069 	14.212670 	17.464249 	15.000000 	16.401220 	17.492855 	28.861740 	32.280025 	30.870699 	31.780497 	32.893768 	35.693138 	34.176014 	34.785053 	37.656342 	37.643059 	38.600517 	35.510563 	40.459858 	41.012192 	41.036568 	41.400482 	43.863426 	45.276924 	45.453274 	46.097721 	47.801674 	
81.049370 	48.301140 	11.401754 	83.198555 	47.707443 	106.512909 	7.071068 	47.434166 	105.550934 	12.529964 	57.384666 	86.977005 	94.514549 	77.929459 	87.982956 	117.200684 	114.494545 	86.977005 	57.697487 	84.154617 	111.803398 	7.071068 	999.000000 	117.630775 	55.470715 	115.381973 	58.591808 	112.712021 	81.154175 	5.385165 	89.587944 	17.204651 	51.971146 	83.384651 	2.828427 	76.059189 	92.358002 	62.649822 	18.867962 	110.145355 	56.938564 	9.219544 	9.055386 	7.071068 	6.324555 	51.039200 	60.207973 	52.430908 	17.117243 	15.000000 	54.037025 	14.142136 	16.031219 	18.000000 	19.000000 	15.231546 	22.022715 	17.464249 	18.681541 	20.396078 	33.060551 	36.221542 	33.955853 	34.928497 	36.496574 	40.049969 	37.656342 	38.470768 	42.047592 	41.436699 	42.426407 	34.655445 	40.459858 	41.617306 	41.400482 	41.036568 	44.654228 	45.607018 	45.343136 	46.097721 	47.381432 	
176.980225 	69.354164 	115.762688 	181.793839 	70.576202 	11.401754 	111.825760 	71.168816 	12.083046 	105.118980 	164.924225 	188.095718 	24.331051 	48.600410 	31.400637 	1.000000 	3.162278 	189.509888 	166.643326 	187.416641 	6.082763 	110.981979 	117.630775 	999.000000 	165.601929 	3.162278 	168.220093 	6.082763 	186.131668 	113.718948 	31.064449 	102.883430 	163.217651 	188.223267 	118.595955 	182.877014 	29.000000 	172.429703 	102.181213 	10.440307 	168.002975 	112.160599 	113.088463 	115.693558 	117.000000 	163.932907 	171.604202 	165.323929 	109.416634 	111.946419 	168.074387 	114.162163 	112.578865 	111.018013 	110.724884 	117.953384 	108.931168 	115.134705 	115.801552 	114.284729 	109.489723 	111.018013 	115.412308 	115.260574 	113.000000 	108.558739 	113.863953 	112.751938 	108.374352 	112.445541 	112.361023 	133.753510 	133.506561 	131.106827 	132.230865 	135.635544 	131.745972 	134.836945 	137.058380 	136.937943 	140.035706 	
33.615471 	99.005051 	51.855568 	32.756680 	99.904953 	154.201172 	58.249462 	100.004997 	153.837570 	66.287254 	5.656854 	34.000000 	144.499130 	119.707977 	138.657852 	165.000000 	162.609970 	33.136082 	3.162278 	30.149628 	160.240448 	62.265560 	55.470715 	165.601929 	999.000000 	163.835281 	3.162278 	161.483749 	26.476404 	60.827625 	140.730240 	72.560318 	4.000000 	28.635643 	56.364883 	20.880613 	143.558350 	7.211102 	74.303429 	159.665268 	3.000000 	64.404968 	63.976559 	61.326992 	60.008331 	7.615773 	6.324555 	7.211102 	71.693794 	69.079666 	10.630146 	67.416618 	69.641945 	71.867935 	72.801102 	66.098412 	75.960518 	69.570107 	70.213959 	72.422371 	85.440041 	87.800911 	83.952370 	84.929382 	87.321243 	92.179176 	88.073830 	89.269257 	94.111633 	92.195442 	93.171883 	73.006851 	80.000000 	83.024094 	82.006096 	79.025314 	86.005814 	85.023529 	83.096329 	84.095184 	83.294655 	
175.727066 	67.082039 	113.740936 	180.479919 	68.154236 	10.000000 	109.658562 	68.709534 	10.000000 	102.859123 	163.248276 	186.724396 	21.587032 	47.707443 	28.635643 	3.605551 	2.000000 	188.095718 	164.924225 	185.970428 	3.605551 	108.687622 	115.381973 	3.162278 	163.835281 	999.000000 	166.481232 	3.000000 	184.621231 	111.400177 	28.160255 	100.463921 	161.400131 	186.724396 	116.297035 	181.289825 	26.019224 	170.698563 	99.724625 	7.280110 	166.207703 	109.772491 	110.693268 	113.318138 	114.634201 	162.049377 	169.805771 	163.444183 	106.892471 	109.444046 	166.147522 	111.664673 	110.054535 	108.466583 	108.157295 	115.433968 	106.320274 	112.578865 	113.225441 	111.682587 	106.705200 	108.189651 	112.614388 	112.449989 	110.168053 	105.683487 	111.018013 	109.895409 	105.475113 	109.553642 	109.457756 	131.026718 	130.698120 	128.269241 	129.402466 	132.834488 	128.875916 	131.973480 	134.212524 	134.082062 	137.186005 	
31.304953 	101.862656 	54.817879 	30.083218 	102.825096 	156.818359 	61.294373 	102.941734 	156.486420 	69.339745 	5.099020 	31.016125 	147.248093 	122.114700 	141.449631 	167.609665 	165.239227 	30.066593 	2.000000 	27.073973 	162.889526 	65.368187 	58.591808 	168.220093 	3.162278 	166.481232 	999.000000 	164.149323 	23.345236 	63.953106 	143.544418 	75.663727 	7.071068 	25.495098 	59.506302 	17.720045 	146.372818 	4.242640 	77.414467 	162.373032 	3.605551 	67.542580 	67.119293 	64.474800 	63.158531 	10.198039 	5.099020 	9.486833 	74.846512 	72.235725 	12.206555 	70.576202 	72.801102 	75.026665 	75.960518 	69.260376 	79.120163 	72.732384 	73.375748 	75.584389 	88.600227 	90.956032 	87.097649 	88.073830 	90.470993 	95.336250 	91.219513 	92.417534 	97.267670 	95.341492 	96.317184 	76.026314 	83.006027 	86.052307 	85.023529 	82.006096 	89.022469 	88.005684 	86.052307 	87.051712 	86.209045 	
173.761337 	64.412735 	111.220505 	178.465683 	65.391129 	8.544003 	107.042046 	65.924202 	7.810250 	100.184830 	160.962723 	184.664566 	18.681541 	46.141087 	25.709921 	6.324555 	3.605551 	186.002686 	162.606888 	183.853195 	2.000000 	105.990562 	112.712021 	6.082763 	161.483749 	3.000000 	164.149323 	999.000000 	182.455475 	108.687622 	25.179358 	97.693398 	159.012573 	184.567062 	113.595772 	179.067032 	23.021729 	168.371613 	96.932968 	4.472136 	163.835281 	107.018692 	107.935165 	110.571243 	111.892807 	159.615158 	167.430588 	161.012421 	104.062485 	106.625511 	163.682617 	108.848518 	107.224068 	105.621971 	105.304321 	112.605507 	103.445641 	109.731491 	110.367569 	108.811768 	103.754517 	105.223572 	109.658562 	109.489723 	107.200745 	102.703453 	108.046288 	106.920532 	102.489021 	106.569229 	106.470650 	128.097626 	127.738014 	125.299644 	126.435753 	129.876862 	125.896782 	128.996124 	131.240234 	131.106827 	134.212524 	
18.681541 	122.004097 	76.157730 	13.416408 	123.458496 	174.771286 	83.186539 	123.709335 	174.691162 	91.241440 	23.769728 	9.433981 	166.291916 	138.683090 	160.863297 	185.456192 	183.251190 	7.280110 	23.769728 	4.472136 	181.069046 	87.726852 	81.154175 	186.131668 	26.476404 	184.621231 	23.345236 	182.455475 	999.000000 	86.539009 	163.131851 	97.989792 	30.413813 	2.236068 	82.280006 	6.082763 	165.951797 	20.024984 	99.809822 	181.024857 	26.076809 	90.249657 	89.888817 	87.315521 	86.034874 	33.060551 	24.020824 	32.015621 	97.739449 	95.189285 	33.136082 	93.605553 	95.817535 	98.030609 	98.979797 	92.444580 	102.142059 	95.880135 	96.566040 	98.762344 	111.825760 	114.236595 	110.421921 	111.400177 	113.780487 	118.600166 	114.542572 	115.732452 	120.540451 	118.663391 	119.641129 	99.181648 	106.117859 	109.224541 	108.166542 	105.042847 	112.160599 	111.040535 	109.004585 	110.004547 	109.018349 	
86.313385 	44.384682 	14.866069 	88.526833 	43.416588 	102.693718 	7.810250 	43.046486 	101.636604 	9.055386 	62.769421 	92.347168 	90.354858 	75.325958 	83.725746 	113.318138 	110.571243 	92.358002 	63.071388 	89.537704 	107.837845 	3.000000 	5.385165 	113.718948 	60.827625 	111.400177 	63.953106 	108.687622 	86.539009 	999.000000 	85.234970 	12.041595 	57.306194 	88.769363 	5.000000 	81.437096 	87.982956 	68.000000 	13.601471 	106.004715 	62.265560 	4.000000 	4.123106 	3.605551 	4.123106 	56.302753 	65.513359 	57.688820 	12.000000 	10.198039 	59.203041 	9.848858 	11.401754 	13.152946 	14.142136 	12.041595 	17.029387 	13.416408 	14.764823 	16.155495 	28.284271 	31.575306 	29.732138 	30.675724 	32.015621 	35.227829 	33.241539 	33.955853 	37.215588 	36.878178 	37.854988 	33.015148 	38.209946 	38.948685 	38.897301 	39.051247 	41.868843 	43.139309 	43.185646 	43.863426 	45.453274 	
156.156967 	41.868843 	89.375610 	160.424438 	41.880783 	22.561028 	84.403793 	42.190044 	20.223749 	77.103828 	140.758652 	166.207703 	7.280110 	37.054016 	3.000000 	31.016125 	28.017851 	167.263260 	142.130219 	164.924225 	25.019993 	82.680107 	89.587944 	31.064449 	140.730240 	28.160255 	143.544418 	25.179358 	163.131851 	85.234970 	999.000000 	73.824112 	137.974640 	165.302750 	90.210861 	159.289047 	2.828427 	147.787003 	72.897186 	21.587032 	142.898560 	83.240616 	84.118965 	86.833176 	88.192970 	138.191895 	146.454773 	139.603012 	79.705711 	82.346825 	141.992950 	84.581322 	82.855293 	81.154175 	80.777473 	88.238312 	78.771820 	85.234970 	85.796272 	84.154617 	78.644768 	80.062477 	84.528099 	84.344528 	82.036575 	77.524193 	82.873398 	81.743500 	77.317528 	81.394104 	81.301903 	103.077644 	102.591423 	100.129913 	101.271912 	104.737770 	100.717430 	103.817146 	106.066017 	105.929222 	109.036690 	
96.772926 	33.955853 	23.194826 	99.327744 	32.310989 	92.027168 	15.297058 	31.780497 	90.824005 	8.062258 	74.249580 	103.464973 	79.202271 	67.029846 	72.449982 	102.528046 	99.724625 	103.619499 	74.706093 	100.846420 	96.932968 	10.295630 	17.204651 	102.883430 	72.560318 	100.463921 	75.663727 	97.693398 	97.989792 	12.041595 	73.824112 	999.000000 	69.115845 	100.224747 	16.970562 	93.021500 	76.537575 	79.755875 	2.000000 	94.847244 	74.094536 	9.433981 	10.295630 	13.038404 	14.422205 	68.242218 	77.388626 	69.634758 	8.544003 	10.049875 	71.217972 	12.000000 	11.180340 	10.770329 	11.180340 	16.000000 	12.041595 	14.317822 	15.524175 	15.231546 	22.472204 	26.076809 	26.172504 	26.907248 	27.202942 	28.635643 	28.600698 	28.844410 	30.463093 	31.384710 	32.249031 	36.400551 	39.812057 	39.446167 	39.824615 	41.231056 	41.880783 	43.908997 	44.721359 	45.177429 	47.423622 	
37.336308 	96.176918 	48.836460 	36.674240 	96.938126 	151.822266 	55.000000 	97.000000 	151.400131 	63.007935 	8.944272 	38.000000 	141.873184 	117.720009 	135.948517 	162.631485 	160.206116 	37.121422 	7.071068 	34.132095 	157.800507 	58.830265 	51.971146 	163.217651 	4.000000 	161.400131 	7.071068 	159.012573 	30.413813 	57.306194 	137.974640 	69.115845 	999.000000 	32.557640 	52.773098 	24.738634 	140.801285 	10.770329 	70.830788 	157.114609 	5.000000 	60.827625 	60.373837 	57.697487 	56.364883 	4.242640 	8.485281 	4.472136 	68.029404 	65.391129 	8.544003 	63.694584 	65.924202 	68.154236 	69.079666 	62.297672 	72.235725 	65.787537 	66.407829 	68.622154 	81.608826 	83.934502 	80.049988 	81.024689 	83.432610 	88.323273 	84.172440 	85.375641 	90.249657 	88.294960 	89.269257 	69.007248 	76.000000 	79.025314 	78.006409 	75.026665 	82.006096 	81.024689 	79.101204 	80.099937 	79.309517 	
19.235384 	124.201447 	78.390053 	13.601471 	125.670204 	176.867188 	85.422478 	125.924583 	176.799316 	93.477272 	26.000000 	8.485281 	168.439896 	140.719574 	163.027603 	187.544662 	185.348328 	5.830952 	25.961510 	3.605551 	183.174774 	89.961105 	83.384651 	188.223267 	28.635643 	186.724396 	25.495098 	184.567062 	2.236068 	88.769363 	165.302750 	100.224747 	32.557640 	999.000000 	84.504440 	8.000000 	168.121979 	22.090721 	102.044106 	183.152939 	28.160255 	92.477028 	92.114059 	89.537704 	88.255310 	35.128338 	26.000000 	34.058773 	99.959991 	97.406364 	35.057095 	95.817535 	98.030609 	100.244698 	101.192886 	94.641426 	104.355164 	98.081596 	98.762344 	100.960388 	114.017540 	116.417351 	112.587746 	113.564957 	115.952576 	120.784935 	116.709038 	117.902504 	122.723267 	120.830460 	121.807228 	101.242287 	108.166542 	111.287918 	110.222504 	107.074738 	114.214706 	113.070778 	111.018013 	112.017853 	111.004501 	
82.734512 	49.244289 	14.212670 	84.723076 	48.373547 	107.540688 	9.486833 	48.020828 	106.512909 	13.601471 	58.523499 	88.323273 	95.294281 	79.630394 	88.684837 	118.186295 	115.451286 	88.232651 	58.694122 	85.381500 	112.729767 	7.615773 	2.828427 	118.595955 	56.364883 	116.297035 	59.506302 	113.595772 	82.280006 	5.000000 	90.210861 	16.970562 	52.773098 	84.504440 	999.000000 	77.077881 	92.962357 	63.505905 	18.439089 	110.941429 	57.706154 	8.062258 	7.615773 	5.099020 	4.000000 	51.623638 	60.901562 	53.000000 	15.524175 	13.152946 	54.405884 	12.000000 	14.035668 	16.124516 	17.117243 	12.649111 	20.223749 	15.132746 	16.278820 	18.110771 	31.000000 	34.058773 	31.575306 	32.557640 	34.234486 	38.000000 	35.355339 	36.221542 	40.000000 	39.204590 	40.199501 	31.827662 	37.643059 	38.832977 	38.600517 	38.209946 	41.880783 	42.801868 	42.520584 	43.278172 	44.553337 	
21.954498 	117.923706 	71.561165 	17.691807 	119.201508 	171.493439 	78.390053 	119.402679 	171.330093 	86.452301 	18.867962 	15.231546 	162.640701 	135.801331 	157.079605 	182.222397 	179.961105 	13.341664 	18.384777 	10.440307 	177.721695 	82.734512 	76.059189 	182.877014 	20.880613 	181.289825 	17.720045 	179.067032 	6.082763 	81.437096 	159.289047 	93.021500 	24.738634 	8.000000 	77.077881 	999.000000 	162.114151 	14.142136 	94.810333 	177.519012 	20.223749 	85.088188 	84.693565 	82.079231 	80.777473 	27.166155 	18.000000 	26.076809 	92.477028 	89.888817 	27.073973 	88.255310 	90.476517 	92.698433 	93.637596 	86.977005 	96.798759 	90.443352 	91.093361 	93.300591 	106.320274 	108.669220 	104.785492 	105.759163 	108.171158 	113.053085 	108.908218 	110.113579 	114.982605 	113.030968 	114.004387 	93.263069 	100.179840 	103.310211 	102.239914 	99.080772 	106.230881 	105.076164 	103.019417 	104.019226 	103.004852 	
158.937088 	44.687805 	92.195442 	163.217651 	44.654228 	21.189621 	87.200920 	44.944408 	18.681541 	79.881165 	143.586212 	169.011841 	6.403124 	39.000000 	5.385165 	29.017237 	26.019224 	170.073517 	144.958618 	167.737885 	23.021729 	85.440041 	92.358002 	29.000000 	143.558350 	26.019224 	146.372818 	23.021729 	165.951797 	87.982956 	2.828427 	76.537575 	140.801285 	168.121979 	92.962357 	162.114151 	999.000000 	150.615402 	75.591003 	19.235384 	145.725769 	85.959290 	86.833176 	89.554451 	90.917542 	141.014191 	149.281616 	142.425415 	82.346825 	85.000000 	144.810226 	87.235313 	85.492691 	83.773506 	83.384651 	90.873535 	81.344948 	87.846458 	88.391174 	86.729462 	81.024689 	82.377182 	86.884979 	86.683334 	84.344528 	79.762146 	85.158676 	84.011902 	79.511009 	83.600243 	83.486526 	105.513031 	104.923782 	102.420700 	103.576057 	107.079407 	102.956299 	106.066017 	108.342049 	108.189651 	111.305885 	
30.232433 	106.103722 	59.033890 	28.231188 	107.056061 	161.027954 	65.459915 	107.168091 	160.704697 	73.498299 	8.246211 	28.284271 	151.485977 	126.245789 	145.691452 	171.816757 	169.452057 	27.018513 	5.830952 	24.020824 	167.107742 	69.462219 	62.649822 	172.429703 	7.211102 	170.698563 	4.242640 	168.371613 	20.024984 	68.000000 	147.787003 	79.755875 	10.770329 	22.090721 	63.505905 	14.142136 	150.615402 	999.000000 	81.492332 	166.604324 	6.082763 	71.554176 	71.112587 	68.447060 	67.119293 	13.038404 	4.472136 	12.000000 	78.790863 	76.157730 	13.601471 	74.464760 	76.694199 	78.924011 	79.849861 	73.054771 	83.006027 	76.550636 	77.162170 	79.378838 	92.347168 	94.641426 	90.708321 	91.678787 	94.111633 	99.040398 	94.831429 	96.046867 	100.960388 	98.954536 	99.924973 	79.158073 	86.092972 	89.202019 	88.141930 	85.023529 	92.135773 	91.021973 	89.000000 	90.000000 	89.050545 	
98.716766 	33.541019 	25.179358 	101.242287 	31.622776 	91.394745 	17.262676 	31.016125 	90.138779 	10.049875 	76.059189 	105.342300 	78.390053 	67.119293 	71.589104 	101.843018 	99.020203 	105.475113 	76.478752 	102.693718 	96.208107 	12.083046 	18.867962 	102.181213 	74.303429 	99.724625 	77.414467 	96.932968 	99.809822 	13.601471 	72.897186 	2.000000 	70.830788 	102.044106 	18.439089 	94.810333 	75.591003 	81.492332 	999.000000 	94.021271 	75.802376 	10.630146 	11.401754 	14.212670 	15.620500 	69.892776 	79.075912 	71.281136 	8.062258 	10.049875 	72.801102 	12.165525 	11.000000 	10.198039 	10.440307 	16.124516 	10.816654 	14.035668 	15.132746 	14.560220 	20.808653 	24.413111 	24.758837 	25.455845 	25.612497 	26.832815 	27.018513 	27.202942 	28.635643 	29.681644 	30.528675 	35.902645 	39.000000 	38.470768 	38.910152 	40.496914 	40.816662 	42.941822 	43.863426 	44.283180 	46.615448 	
172.733902 	61.911228 	109.041275 	177.341476 	62.609905 	10.049875 	104.623131 	63.071388 	8.062258 	97.616600 	159.289047 	183.447540 	15.652476 	46.097721 	22.472204 	10.770329 	8.062258 	184.718704 	160.863297 	182.521225 	5.656854 	103.353760 	110.145355 	10.440307 	159.665268 	7.280110 	162.373032 	4.472136 	181.024857 	106.004715 	21.587032 	94.847244 	157.114609 	183.152939 	110.941429 	177.519012 	19.235384 	166.604324 	94.021271 	999.000000 	161.969131 	104.216118 	105.118980 	107.786827 	109.123779 	157.610275 	165.556641 	159.012573 	101.019798 	103.619499 	161.604462 	105.848946 	104.177734 	102.528046 	102.181213 	109.562767 	100.244698 	106.625511 	107.224068 	105.621971 	100.224747 	101.607086 	106.099007 	105.905617 	103.576057 	98.994949 	104.393486 	103.247276 	98.731964 	102.825096 	102.703453 	124.663544 	124.149101 	121.655251 	122.808792 	126.301224 	122.188377 	125.299644 	127.577431 	127.424484 	130.541183 	
34.885529 	101.118744 	53.814495 	33.526108 	101.911728 	156.604599 	60.000000 	101.980392 	156.208191 	68.007355 	8.062258 	34.132095 	146.754898 	122.298813 	140.858078 	167.409683 	165.000000 	33.000000 	5.000000 	30.000000 	162.609970 	63.812225 	56.938564 	168.002975 	3.000000 	166.207703 	3.605551 	163.835281 	26.076809 	62.265560 	142.898560 	74.094536 	5.000000 	28.160255 	57.706154 	20.223749 	145.725769 	6.082763 	75.802376 	161.969131 	999.000000 	65.764732 	65.299309 	62.609905 	61.269894 	7.000000 	3.605551 	6.082763 	72.917763 	70.263786 	8.602325 	68.541962 	70.774292 	73.006851 	73.925636 	67.067131 	77.077881 	70.576202 	71.168816 	73.389374 	86.330757 	88.600227 	84.646324 	85.615417 	88.056801 	93.005379 	88.769363 	89.988892 	94.921021 	92.892410 	93.861603 	73.109505 	80.056229 	83.150467 	82.097504 	79.006332 	86.092972 	85.005882 	83.006027 	84.005951 	83.096329 	
90.255196 	43.011627 	18.681541 	92.417534 	41.629318 	101.242287 	11.180340 	41.146080 	100.089958 	9.486833 	66.483078 	96.166519 	88.566360 	75.059975 	81.841309 	111.789978 	109.004585 	96.135323 	66.708321 	93.300591 	106.230881 	5.000000 	9.219544 	112.160599 	64.404968 	109.772491 	67.542580 	107.018692 	90.249657 	4.000000 	83.240616 	9.433981 	60.827625 	92.477028 	8.062258 	85.088188 	85.959290 	71.554176 	10.630146 	104.216118 	65.764732 	999.000000 	1.000000 	3.605551 	5.000000 	59.682495 	68.963760 	61.057350 	8.000000 	6.324555 	62.425957 	6.403124 	7.615773 	9.219544 	10.198039 	9.433981 	13.038404 	10.000000 	11.401754 	12.529964 	24.331051 	27.658634 	26.000000 	26.925823 	28.160255 	31.257000 	29.410883 	30.083218 	33.241539 	32.984844 	33.955853 	30.886890 	35.608986 	36.069378 	36.124783 	36.619667 	38.897301 	40.360870 	40.607880 	41.231056 	43.011627 	
90.094398 	43.965897 	18.973665 	92.195442 	42.544094 	102.181213 	11.661903 	42.047592 	101.019798 	10.440307 	66.128662 	95.880135 	89.470665 	76.059189 	82.734512 	112.720894 	109.931801 	95.817535 	66.309875 	92.973114 	107.154091 	5.656854 	9.055386 	113.088463 	63.976559 	110.693268 	67.119293 	107.935165 	89.888817 	4.123106 	84.118965 	10.295630 	60.373837 	92.114059 	7.615773 	84.693565 	86.833176 	71.112587 	11.401754 	105.118980 	65.299309 	1.000000 	999.000000 	2.828427 	4.242640 	59.169250 	68.476273 	60.539242 	8.062258 	6.082763 	61.854668 	5.830952 	7.280110 	9.055386 	10.049875 	8.602325 	13.000000 	9.433981 	10.816654 	12.083046 	24.186773 	27.459061 	25.632011 	26.570660 	27.892651 	31.144823 	29.120440 	29.832869 	33.136082 	32.756680 	33.734257 	30.016663 	34.828148 	35.355339 	35.383614 	35.805027 	38.209946 	39.623226 	39.824615 	40.459858 	42.201897 	
