Total assets = 590
Number of asset nodes = 33

Distance:
999.000000 	42.638012 	1.414214 	35.227829 	127.424484 	5.099020 	43.829212 	5.385165 	95.015785 	84.534019 	10.816654 	18.027756 	42.011902 	40.311287 	70.228203 	67.416618 	128.160049 	101.533249 	125.642349 	64.621979 	40.816662 	47.707443 	70.576202 	99.904953 	68.154236 	102.825096 	65.391129 	123.458496 	43.416588 	41.880783 	32.310989 	96.938126 	125.670204 	48.373547 	119.201508 	44.654228 	107.056061 	31.622776 	62.609905 	101.911728 	41.629318 	42.544094 	45.188496 	46.518814 	96.876213 	105.418213 	
42.638012 	999.000000 	42.520584 	8.062258 	88.391174 	39.597980 	3.605551 	40.311287 	53.535034 	48.373547 	42.953465 	28.792360 	9.219544 	82.661964 	111.364265 	108.706024 	88.639717 	60.207973 	85.906929 	106.066017 	6.324555 	7.071068 	111.825760 	58.249462 	109.658562 	61.294373 	107.042046 	83.186539 	7.810250 	84.403793 	15.297058 	55.000000 	85.422478 	9.486833 	78.390053 	87.200920 	65.459915 	17.262676 	104.623131 	60.000000 	11.180340 	11.661903 	11.313708 	11.401754 	54.561890 	63.411354 	
1.414214 	42.520584 	999.000000 	35.000000 	127.769325 	4.000000 	43.600460 	4.123106 	95.131485 	84.970581 	12.206555 	18.681541 	42.201897 	40.706264 	70.837845 	68.007355 	128.471786 	101.671036 	125.936493 	65.192024 	40.496914 	47.434166 	71.168816 	100.004997 	68.709534 	102.941734 	65.924202 	123.709335 	43.046486 	42.190044 	31.780497 	97.000000 	125.924583 	48.020828 	119.402679 	44.944408 	107.168091 	31.016125 	63.071388 	101.980392 	41.146080 	42.047592 	44.721359 	46.065170 	96.876213 	105.475113 	
35.227829 	8.062258 	35.000000 	999.000000 	96.384644 	31.890438 	8.602325 	32.557640 	61.587337 	55.901699 	36.687874 	23.194826 	13.341664 	75.471848 	104.694794 	101.980392 	96.664368 	68.264191 	93.941475 	99.282425 	6.082763 	12.529964 	105.118980 	66.287254 	102.859123 	69.339745 	100.184830 	91.241440 	9.055386 	77.103828 	8.062258 	63.007935 	93.477272 	13.601471 	86.452301 	79.881165 	73.498299 	10.049875 	97.616600 	68.007355 	9.486833 	10.440307 	12.041595 	13.000000 	62.481998 	71.400284 	
127.424484 	88.391174 	127.769325 	96.384644 	999.000000 	125.781555 	89.196411 	126.657021 	37.215588 	43.416588 	123.223373 	109.836243 	85.883644 	163.835281 	187.384628 	185.283569 	3.162278 	31.016125 	5.000000 	183.207535 	93.300591 	86.977005 	188.095718 	34.000000 	186.724396 	31.016125 	184.664566 	9.433981 	92.347168 	166.207703 	103.464973 	38.000000 	8.485281 	88.323273 	15.231546 	169.011841 	28.284271 	105.342300 	183.447540 	34.132095 	96.166519 	95.880135 	93.407707 	92.179176 	41.109608 	32.557640 	
5.099020 	39.597980 	4.000000 	31.890438 	125.781555 	999.000000 	40.459858 	1.000000 	92.617493 	83.258636 	14.866069 	18.027756 	39.962482 	44.283180 	74.632431 	71.784401 	126.400162 	99.201813 	123.822456 	68.949257 	37.202152 	44.204071 	74.946648 	97.452553 	72.449982 	100.424103 	69.641945 	121.490738 	39.661064 	45.650848 	28.178005 	94.366310 	123.713379 	44.654228 	117.068359 	48.373547 	104.637466 	27.313000 	66.708321 	99.357941 	37.589893 	38.470768 	41.182522 	42.544094 	94.111633 	102.825096 	
43.829212 	3.605551 	43.600460 	8.602325 	89.196411 	40.459858 	999.000000 	41.109608 	53.712196 	50.089920 	44.944408 	31.048349 	12.806249 	84.059502 	113.159180 	110.462662 	89.319649 	60.415230 	86.539009 	107.782188 	4.123106 	4.123106 	113.595772 	58.309521 	111.364265 	61.400326 	108.706024 	83.671982 	4.472136 	85.702972 	14.317822 	54.918121 	85.906929 	6.082763 	78.714676 	88.481636 	65.513359 	16.155495 	106.174385 	59.908264 	8.246211 	8.544003 	7.810250 	7.810250 	54.203320 	63.245552 	
5.385165 	40.311287 	4.123106 	32.557640 	126.657021 	1.000000 	41.109608 	999.000000 	93.407707 	84.172440 	15.556349 	19.026299 	40.816662 	43.863426 	74.330345 	71.470276 	127.263504 	100.000000 	124.679588 	68.622154 	37.802116 	44.821869 	74.632431 	98.234413 	72.111023 	101.212646 	69.289246 	122.331520 	40.224369 	45.177429 	28.653097 	95.131485 	124.555206 	45.221676 	117.889778 	47.885281 	105.422958 	27.730848 	66.309875 	100.124924 	38.078865 	38.948685 	41.677334 	43.046486 	94.847244 	103.585716 	
95.015785 	53.535034 	95.131485 	61.587337 	37.215588 	92.617493 	53.712196 	93.407707 	999.000000 	23.194826 	92.698433 	78.492035 	53.075417 	133.689941 	160.000000 	157.610275 	36.674240 	6.708204 	33.734257 	155.241745 	57.706154 	50.990196 	160.601990 	5.000000 	158.836395 	7.810250 	156.486420 	30.364452 	56.364883 	135.771866 	68.000000 	4.123106 	32.572994 	52.000000 	25.079872 	138.600143 	12.041595 	69.771057 	154.673843 	7.615773 	60.008331 	59.615433 	57.008770 	55.713554 	8.062258 	11.180340 	
84.534019 	48.373547 	84.970581 	55.901699 	43.416588 	83.258636 	50.089920 	84.172440 	23.194826 	999.000000 	79.881165 	66.730804 	43.965897 	120.420097 	144.312164 	142.144287 	44.598206 	26.172504 	42.426407 	140.007141 	54.147945 	49.010204 	145.000000 	27.000000 	143.544418 	28.160255 	141.428421 	41.231056 	54.009258 	122.800652 	63.639610 	27.294687 	43.278172 	51.088158 	38.587563 	125.602547 	31.575306 	65.620117 	140.121368 	30.000000 	58.008621 	58.000000 	56.035702 	55.081757 	30.805843 	33.060551 	
10.816654 	42.953465 	12.206555 	36.687874 	123.223373 	14.866069 	44.944408 	15.556349 	92.698433 	79.881165 	999.000000 	14.422205 	40.000000 	41.012192 	68.476273 	65.863495 	124.201447 	99.005051 	121.823647 	63.285069 	42.720020 	49.040798 	68.963760 	97.672920 	66.887962 	100.448990 	64.350601 	119.970833 	45.607018 	43.185646 	36.124783 	95.015785 	122.147453 	50.289165 	116.103401 	46.010868 	104.690018 	36.013885 	62.201286 	99.904953 	44.721359 	45.705578 	48.052055 	49.244289 	95.425362 	103.479469 	
18.027756 	28.792360 	18.681541 	23.194826 	109.836243 	18.027756 	31.048349 	19.026299 	78.492035 	66.730804 	14.422205 	999.000000 	25.612497 	55.226807 	82.855293 	80.262070 	110.679718 	84.864601 	108.226616 	77.698135 	29.274563 	35.171009 	83.354668 	83.450584 	81.301903 	86.267029 	78.771820 	106.212051 	32.249031 	57.280014 	24.515301 	80.721741 	108.406639 	36.674240 	102.176315 	60.108234 	90.509666 	25.000000 	76.609398 	85.632935 	32.000000 	33.000000 	35.057095 	36.124783 	81.055534 	89.196411 	
42.011902 	9.219544 	42.201897 	13.341664 	85.883644 	39.962482 	12.806249 	40.816662 	53.075417 	43.965897 	40.000000 	25.612497 	999.000000 	80.808418 	108.226616 	105.688217 	86.452301 	59.548298 	83.862984 	103.174606 	15.000000 	15.652476 	108.756607 	58.000000 	106.780151 	60.876926 	104.292854 	81.541397 	16.970562 	82.807007 	21.377558 	55.172459 	83.761566 	18.357559 	77.201035 	85.632935 	65.115280 	23.345236 	102.200783 	60.108234 	20.000000 	20.615528 	20.518284 	20.615528 	55.443665 	63.655323 	
40.311287 	82.661964 	40.706264 	75.471848 	163.835281 	44.283180 	84.059502 	43.863426 	133.689941 	120.420097 	41.012192 	55.226807 	80.808418 	999.000000 	31.257000 	28.284271 	164.924225 	140.014282 	162.606888 	25.317978 	81.123360 	87.982956 	31.400637 	138.657852 	28.635643 	141.449631 	25.709921 	160.863297 	83.725746 	3.000000 	72.449982 	135.948517 	163.027603 	88.684837 	157.079605 	5.385165 	145.691452 	71.589104 	22.472204 	140.858078 	81.841309 	82.734512 	85.422478 	86.769814 	136.235092 	144.422989 	
70.228203 	111.364265 	70.837845 	104.694794 	187.384628 	74.632431 	113.159180 	74.330345 	160.000000 	144.312164 	68.476273 	82.855293 	108.226616 	31.257000 	999.000000 	3.000000 	188.809433 	166.027100 	186.724396 	6.000000 	110.571243 	117.200684 	1.000000 	165.000000 	3.605551 	167.609665 	6.324555 	185.456192 	113.318138 	31.016125 	102.528046 	162.631485 	187.544662 	118.186295 	182.222397 	29.017237 	171.816757 	101.843018 	10.770329 	167.409683 	111.789978 	112.720894 	115.316956 	116.619041 	163.367691 	171.011688 	
67.416618 	108.706024 	68.007355 	101.980392 	185.283569 	71.784401 	110.462662 	71.470276 	157.610275 	142.144287 	65.863495 	80.262070 	105.688217 	28.284271 	3.000000 	999.000000 	186.676193 	163.670395 	184.567062 	3.000000 	107.837845 	114.494545 	3.162278 	162.609970 	2.000000 	165.239227 	3.605551 	183.251190 	110.571243 	28.017851 	99.724625 	160.206116 	185.348328 	115.451286 	179.961105 	26.019224 	169.452057 	99.020203 	8.062258 	165.000000 	109.004585 	109.931801 	112.538879 	113.846390 	160.897476 	168.600113 	
128.160049 	88.639717 	128.471786 	96.664368 	3.162278 	126.400162 	89.319649 	127.263504 	36.674240 	44.598206 	124.201447 	110.679718 	86.452301 	164.924225 	188.809433 	186.676193 	999.000000 	30.265491 	3.000000 	184.567062 	93.407707 	86.977005 	189.509888 	33.136082 	188.095718 	30.066593 	186.002686 	7.280110 	92.358002 	167.263260 	103.619499 	37.121422 	5.830952 	88.232651 	13.341664 	170.073517 	27.018513 	105.475113 	184.718704 	33.000000 	96.135323 	95.817535 	93.300591 	92.048897 	40.000000 	31.144823 	
101.533249 	60.207973 	101.671036 	68.264191 	31.016125 	99.201813 	60.415230 	100.000000 	6.708204 	26.172504 	99.005051 	84.864601 	59.548298 	140.014282 	166.027100 	163.670395 	30.265491 	999.000000 	27.294687 	161.335052 	64.412735 	57.697487 	166.643326 	3.162278 	164.924225 	2.000000 	162.606888 	23.769728 	63.071388 	142.130219 	74.706093 	7.071068 	25.961510 	58.694122 	18.384777 	144.958618 	5.830952 	76.478752 	160.863297 	5.000000 	66.708321 	66.309875 	63.694584 	62.393909 	10.770329 	7.071068 	
125.642349 	85.906929 	125.936493 	93.941475 	5.000000 	123.822456 	86.539009 	124.679588 	33.734257 	42.426407 	121.823647 	108.226616 	83.862984 	162.606888 	186.724396 	184.567062 	3.000000 	27.294687 	999.000000 	182.433548 	90.620087 	84.154617 	187.416641 	30.149628 	185.970428 	27.073973 	183.853195 	4.472136 	89.537704 	164.924225 	100.846420 	34.132095 	3.605551 	85.381500 	10.440307 	167.737885 	24.020824 	102.693718 	182.521225 	30.000000 	93.300591 	92.973114 	90.443352 	89.185204 	37.000000 	28.160255 	
64.621979 	106.066017 	65.192024 	99.282425 	183.207535 	68.949257 	107.782188 	68.622154 	155.241745 	140.007141 	63.285069 	77.698135 	103.174606 	25.317978 	6.000000 	3.000000 	184.567062 	161.335052 	182.433548 	999.000000 	105.118980 	111.803398 	6.082763 	160.240448 	3.605551 	162.889526 	2.000000 	181.069046 	107.837845 	25.019993 	96.932968 	157.800507 	183.174774 	112.729767 	177.721695 	23.021729 	167.107742 	96.208107 	5.656854 	162.609970 	106.230881 	107.154091 	109.772491 	111.085556 	158.445572 	166.207703 	
40.816662 	6.324555 	40.496914 	6.082763 	93.300591 	37.202152 	4.123106 	37.802116 	57.706154 	54.147945 	42.720020 	29.274563 	15.000000 	81.123360 	110.571243 	107.837845 	93.407707 	64.412735 	90.620087 	105.118980 	999.000000 	7.071068 	110.981979 	62.265560 	108.687622 	65.368187 	105.990562 	87.726852 	3.000000 	82.680107 	10.295630 	58.830265 	89.961105 	7.615773 	82.734512 	85.440041 	69.462219 	12.083046 	103.353760 	63.812225 	5.000000 	5.656854 	6.324555 	7.071068 	58.008621 	67.119293 	
47.707443 	7.071068 	47.434166 	12.529964 	86.977005 	44.204071 	4.123106 	44.821869 	50.990196 	49.010204 	49.040798 	35.171009 	15.652476 	87.982956 	117.200684 	114.494545 	86.977005 	57.697487 	84.154617 	111.803398 	7.071068 	999.000000 	117.630775 	55.470715 	115.381973 	58.591808 	112.712021 	81.154175 	5.385165 	89.587944 	17.204651 	51.971146 	83.384651 	2.828427 	76.059189 	92.358002 	62.649822 	18.867962 	110.145355 	56.938564 	9.219544 	9.055386 	7.071068 	6.324555 	51.039200 	60.207973 	
70.576202 	111.825760 	71.168816 	105.118980 	188.095718 	74.946648 	113.595772 	74.632431 	160.601990 	145.000000 	68.963760 	83.354668 	108.756607 	31.400637 	1.000000 	3.162278 	189.509888 	166.643326 	187.416641 	6.082763 	110.981979 	117.630775 	999.000000 	165.601929 	3.162278 	168.220093 	6.082763 	186.131668 	113.718948 	31.064449 	102.883430 	163.217651 	188.223267 	118.595955 	182.877014 	29.000000 	172.429703 	102.181213 	10.440307 	168.002975 	112.160599 	113.088463 	115.693558 	117.000000 	163.932907 	171.604202 	
99.904953 	58.249462 	100.004997 	66.287254 	34.000000 	97.452553 	58.309521 	98.234413 	5.000000 	27.000000 	97.672920 	83.450584 	58.000000 	138.657852 	165.000000 	162.609970 	33.136082 	3.162278 	30.149628 	160.240448 	62.265560 	55.470715 	165.601929 	999.000000 	163.835281 	3.162278 	161.483749 	26.476404 	60.827625 	140.730240 	72.560318 	4.000000 	28.635643 	56.364883 	20.880613 	143.558350 	7.211102 	74.303429 	159.665268 	3.000000 	64.404968 	63.976559 	61.326992 	60.008331 	7.615773 	6.324555 	
68.154236 	109.658562 	68.709534 	102.859123 	186.724396 	72.449982 	111.364265 	72.111023 	158.836395 	143.544418 	66.887962 	81.301903 	106.780151 	28.635643 	3.605551 	2.000000 	188.095718 	164.924225 	185.970428 	3.605551 	108.687622 	115.381973 	3.162278 	163.835281 	999.000000 	166.481232 	3.000000 	184.621231 	111.400177 	28.160255 	100.463921 	161.400131 	186.724396 	116.297035 	181.289825 	26.019224 	170.698563 	99.724625 	7.280110 	166.207703 	109.772491 	110.693268 	113.318138 	114.634201 	162.049377 	169.805771 	
102.825096 	61.294373 	102.941734 	69.339745 	31.016125 	100.424103 	61.400326 	101.212646 	7.810250 	28.160255 	100.448990 	86.267029 	60.876926 	141.449631 	167.609665 	165.239227 	30.066593 	2.000000 	27.073973 	162.889526 	65.368187 	58.591808 	168.220093 	3.162278 	166.481232 	999.000000 	164.149323 	23.345236 	63.953106 	143.544418 	75.663727 	7.071068 	25.495098 	59.506302 	17.720045 	146.372818 	4.242640 	77.414467 	162.373032 	3.605551 	67.542580 	67.119293 	64.474800 	63.158531 	10.198039 	5.099020 	
65.391129 	107.042046 	65.924202 	100.184830 	184.664566 	69.641945 	108.706024 	69.289246 	156.486420 	141.428421 	64.350601 	78.771820 	104.292854 	25.709921 	6.324555 	3.605551 	186.002686 	162.606888 	183.853195 	2.000000 	105.990562 	112.712021 	6.082763 	161.483749 	3.000000 	164.149323 	999.000000 	182.455475 	108.687622 	25.179358 	97.693398 	159.012573 	184.567062 	113.595772 	179.067032 	23.021729 	168.371613 	96.932968 	4.472136 	163.835281 	107.018692 	107.935165 	110.571243 	111.892807 	159.615158 	167.430588 	
123.458496 	83.186539 	123.709335 	91.241440 	9.433981 	121.490738 	83.671982 	122.331520 	30.364452 	41.231056 	119.970833 	106.212051 	81.541397 	160.863297 	185.456192 	183.251190 	7.280110 	23.769728 	4.472136 	181.069046 	87.726852 	81.154175 	186.131668 	26.476404 	184.621231 	23.345236 	182.455475 	999.000000 	86.539009 	163.131851 	97.989792 	30.413813 	2.236068 	82.280006 	6.082763 	165.951797 	20.024984 	99.809822 	181.024857 	26.076809 	90.249657 	89.888817 	87.315521 	86.034874 	33.060551 	24.020824 	
43.416588 	7.810250 	43.046486 	9.055386 	92.347168 	39.661064 	4.472136 	40.224369 	56.364883 	54.009258 	45.607018 	32.249031 	16.970562 	83.725746 	113.318138 	110.571243 	92.358002 	63.071388 	89.537704 	107.837845 	3.000000 	5.385165 	113.718948 	60.827625 	111.400177 	63.953106 	108.687622 	86.539009 	999.000000 	85.234970 	12.041595 	57.306194 	88.769363 	5.000000 	81.437096 	87.982956 	68.000000 	13.601471 	106.004715 	62.265560 	4.000000 	4.123106 	3.605551 	4.123106 	56.302753 	65.513359 	
41.880783 	84.403793 	42.190044 	77.103828 	166.207703 	45.650848 	85.702972 	45.177429 	135.771866 	122.800652 	43.185646 	57.280014 	82.807007 	3.000000 	31.016125 	28.017851 	167.263260 	142.130219 	164.924225 	25.019993 	82.680107 	89.587944 	31.064449 	140.730240 	28.160255 	143.544418 	25.179358 	163.131851 	85.234970 	999.000000 	73.824112 	137.974640 	165.302750 	90.210861 	159.289047 	2.828427 	147.787003 	72.897186 	21.587032 	142.898560 	83.240616 	84.118965 	86.833176 	88.192970 	138.191895 	146.454773 	
32.310989 	15.297058 	31.780497 	8.062258 	103.464973 	28.178005 	14.317822 	28.653097 	68.000000 	63.639610 	36.124783 	24.515301 	21.377558 	72.449982 	102.528046 	99.724625 	103.619499 	74.706093 	100.846420 	96.932968 	10.295630 	17.204651 	102.883430 	72.560318 	100.463921 	75.663727 	97.693398 	97.989792 	12.041595 	73.824112 	999.000000 	69.115845 	100.224747 	16.970562 	93.021500 	76.537575 	79.755875 	2.000000 	94.847244 	74.094536 	9.433981 	10.295630 	13.038404 	14.422205 	68.242218 	77.388626 	
96.938126 	55.000000 	97.000000 	63.007935 	38.000000 	94.366310 	54.918121 	95.131485 	4.123106 	27.294687 	95.015785 	80.721741 	55.172459 	135.948517 	162.631485 	160.206116 	37.121422 	7.071068 	34.132095 	157.800507 	58.830265 	51.971146 	163.217651 	4.000000 	161.400131 	7.071068 	159.012573 	30.413813 	57.306194 	137.974640 	69.115845 	999.000000 	32.557640 	52.773098 	24.738634 	140.801285 	10.770329 	70.830788 	157.114609 	5.000000 	60.827625 	60.373837 	57.697487 	56.364883 	4.242640 	8.485281 	
125.670204 	85.422478 	125.924583 	93.477272 	8.485281 	123.713379 	85.906929 	124.555206 	32.572994 	43.278172 	122.147453 	108.406639 	83.761566 	163.027603 	187.544662 	185.348328 	5.830952 	25.961510 	3.605551 	183.174774 	89.961105 	83.384651 	188.223267 	28.635643 	186.724396 	25.495098 	184.567062 	2.236068 	88.769363 	165.302750 	100.224747 	32.557640 	999.000000 	84.504440 	8.000000 	168.121979 	22.090721 	102.044106 	183.152939 	28.160255 	92.477028 	92.114059 	89.537704 	88.255310 	35.128338 	26.000000 	
48.373547 	9.486833 	48.020828 	13.601471 	88.323273 	44.654228 	6.082763 	45.221676 	52.000000 	51.088158 	50.289165 	36.674240 	18.357559 	88.684837 	118.186295 	115.451286 	88.232651 	58.694122 	85.381500 	112.729767 	7.615773 	2.828427 	118.595955 	56.364883 	116.297035 	59.506302 	113.595772 	82.280006 	5.000000 	90.210861 	16.970562 	52.773098 	84.504440 	999.000000 	77.077881 	92.962357 	63.505905 	18.439089 	110.941429 	57.706154 	8.062258 	7.615773 	5.099020 	4.000000 	51.623638 	60.901562 	
119.201508 	78.390053 	119.402679 	86.452301 	15.231546 	117.068359 	78.714676 	117.889778 	25.079872 	38.587563 	116.103401 	102.176315 	77.201035 	157.079605 	182.222397 	179.961105 	13.341664 	18.384777 	10.440307 	177.721695 	82.734512 	76.059189 	182.877014 	20.880613 	181.289825 	17.720045 	179.067032 	6.082763 	81.437096 	159.289047 	93.021500 	24.738634 	8.000000 	77.077881 	999.000000 	162.114151 	14.142136 	94.810333 	177.519012 	20.223749 	85.088188 	84.693565 	82.079231 	80.777473 	27.166155 	18.000000 	
44.654228 	87.200920 	44.944408 	79.881165 	169.011841 	48.373547 	88.481636 	47.885281 	138.600143 	125.602547 	46.010868 	60.108234 	85.632935 	5.385165 	29.017237 	26.019224 	170.073517 	144.958618 	167.737885 	23.021729 	85.440041 	92.358002 	29.000000 	143.558350 	26.019224 	146.372818 	23.021729 	165.951797 	87.982956 	2.828427 	76.537575 	140.801285 	168.121979 	92.962357 	162.114151 	999.000000 	150.615402 	75.591003 	19.235384 	145.725769 	85.959290 	86.833176 	89.554451 	90.917542 	141.014191 	149.281616 	
107.056061 	65.459915 	107.168091 	73.498299 	28.284271 	104.637466 	65.513359 	105.422958 	12.041595 	31.575306 	104.690018 	90.509666 	65.115280 	145.691452 	171.816757 	169.452057 	27.018513 	5.830952 	24.020824 	167.107742 	69.462219 	62.649822 	172.429703 	7.211102 	170.698563 	4.242640 	168.371613 	20.024984 	68.000000 	147.787003 	79.755875 	10.770329 	22.090721 	63.505905 	14.142136 	150.615402 	999.000000 	81.492332 	166.604324 	6.082763 	71.554176 	71.112587 	68.447060 	67.119293 	13.038404 	4.472136 	
31.622776 	17.262676 	31.016125 	10.049875 	105.342300 	27.313000 	16.155495 	27.730848 	69.771057 	65.620117 	36.013885 	25.000000 	23.345236 	71.589104 	101.843018 	99.020203 	105.475113 	76.478752 	102.693718 	96.208107 	12.083046 	18.867962 	102.181213 	74.303429 	99.724625 	77.414467 	96.932968 	99.809822 	13.601471 	72.897186 	2.000000 	70.830788 	102.044106 	18.439089 	94.810333 	75.591003 	81.492332 	999.000000 	94.021271 	75.802376 	10.630146 	11.401754 	14.212670 	15.620500 	69.892776 	79.075912 	
62.609905 	104.623131 	63.071388 	97.616600 	183.447540 	66.708321 	106.174385 	66.309875 	154.673843 	140.121368 	62.201286 	76.609398 	102.200783 	22.472204 	10.770329 	8.062258 	184.718704 	160.863297 	182.521225 	5.656854 	103.353760 	110.145355 	10.440307 	159.665268 	7.280110 	162.373032 	4.472136 	181.024857 	106.004715 	21.587032 	94.847244 	157.114609 	183.152939 	110.941429 	177.519012 	19.235384 	166.604324 	94.021271 	999.000000 	161.969131 	104.216118 	105.118980 	107.786827 	109.123779 	157.610275 	165.556641 	
101.911728 	60.000000 	101.980392 	68.007355 	34.132095 	99.357941 	59.908264 	100.124924 	7.615773 	30.000000 	99.904953 	85.632935 	60.108234 	140.858078 	167.409683 	165.000000 	33.000000 	5.000000 	30.000000 	162.609970 	63.812225 	56.938564 	168.002975 	3.000000 	166.207703 	3.605551 	163.835281 	26.076809 	62.265560 	142.898560 	74.094536 	5.000000 	28.160255 	57.706154 	20.223749 	145.725769 	6.082763 	75.802376 	161.969131 	999.000000 	65.764732 	65.299309 	62.609905 	61.269894 	7.000000 	3.605551 	
41.629318 	11.180340 	41.146080 	9.486833 	96.166519 	37.589893 	8.246211 	38.078865 	60.008331 	58.008621 	44.721359 	32.000000 	20.000000 	81.841309 	111.789978 	109.004585 	96.135323 	66.708321 	93.300591 	106.230881 	5.000000 	9.219544 	112.160599 	64.404968 	109.772491 	67.542580 	107.018692 	90.249657 	4.000000 	83.240616 	9.433981 	60.827625 	92.477028 	8.062258 	85.088188 	85.959290 	71.554176 	10.630146 	104.216118 	65.764732 	999.000000 	1.000000 	3.605551 	5.000000 	59.682495 	68.963760 	
42.544094 	11.661903 	42.047592 	10.440307 	95.880135 	38.470768 	8.544003 	38.948685 	59.615433 	58.000000 	45.705578 	33.000000 	20.615528 	82.734512 	112.720894 	109.931801 	95.817535 	66.309875 	92.973114 	107.154091 	5.656854 	9.055386 	113.088463 	63.976559 	110.693268 	67.119293 	107.935165 	89.888817 	4.123106 	84.118965 	10.295630 	60.373837 	92.114059 	7.615773 	84.693565 	86.833176 	71.112587 	11.401754 	105.118980 	65.299309 	1.000000 	999.000000 	2.828427 	4.242640 	59.169250 	68.476273 	
45.188496 	11.313708 	44.721359 	12.041595 	93.407707 	41.182522 	7.810250 	41.677334 	57.008770 	56.035702 	48.052055 	35.057095 	20.518284 	85.422478 	115.316956 	112.538879 	93.300591 	63.694584 	90.443352 	109.772491 	6.324555 	7.071068 	115.693558 	61.326992 	113.318138 	64.474800 	110.571243 	87.315521 	3.605551 	86.833176 	13.038404 	57.697487 	89.537704 	5.099020 	82.079231 	89.554451 	68.447060 	14.212670 	107.786827 	62.609905 	3.605551 	2.828427 	999.000000 	1.414214 	56.435802 	65.764732 	
46.518814 	11.401754 	46.065170 	13.000000 	92.179176 	42.544094 	7.810250 	43.046486 	55.713554 	55.081757 	49.244289 	36.124783 	20.615528 	86.769814 	116.619041 	113.846390 	92.048897 	62.393909 	89.185204 	111.085556 	7.071068 	6.324555 	117.000000 	60.008331 	114.634201 	63.158531 	111.892807 	86.034874 	4.123106 	88.192970 	14.422205 	56.364883 	88.255310 	4.000000 	80.777473 	90.917542 	67.119293 	15.620500 	109.123779 	61.269894 	5.000000 	4.242640 	1.414214 	999.000000 	55.072678 	64.412735 	
96.876213 	54.561890 	96.876213 	62.481998 	41.109608 	94.111633 	54.203320 	94.847244 	8.062258 	30.805843 	95.425362 	81.055534 	55.443665 	136.235092 	163.367691 	160.897476 	40.000000 	10.770329 	37.000000 	158.445572 	58.008621 	51.039200 	163.932907 	7.615773 	162.049377 	10.198039 	159.615158 	33.060551 	56.302753 	138.191895 	68.242218 	4.242640 	35.128338 	51.623638 	27.166155 	141.014191 	13.038404 	69.892776 	157.610275 	7.000000 	59.682495 	59.169250 	56.435802 	55.072678 	999.000000 	9.486833 	
105.418213 	63.411354 	105.475113 	71.400284 	32.557640 	102.825096 	63.245552 	103.585716 	11.180340 	33.060551 	103.479469 	89.196411 	63.655323 	144.422989 	171.011688 	168.600113 	31.144823 	7.071068 	28.160255 	166.207703 	67.119293 	60.207973 	171.604202 	6.324555 	169.805771 	5.099020 	167.430588 	24.020824 	65.513359 	146.454773 	77.388626 	8.485281 	26.000000 	60.901562 	18.000000 	149.281616 	4.472136 	79.075912 	165.556641 	3.605551 	68.963760 	68.476273 	65.764732 	64.412735 	9.486833 	999.000000 	

Travel time:
9.000000 	1.065950 	0.035355 	0.880696 	3.185612 	0.127475 	1.095730 	0.134629 	2.375395 	2.113350 	0.270416 	0.450694 	1.050297 	1.007782 	1.755705 	1.685416 	3.204001 	2.538331 	3.141059 	1.615549 	1.020416 	1.192686 	1.764405 	2.497624 	1.703856 	2.570627 	1.634778 	3.086462 	1.085415 	1.047020 	0.807775 	2.423453 	3.141755 	1.209339 	2.980038 	1.116356 	2.676402 	0.790569 	1.565248 	2.547793 	1.040733 	1.063602 	1.129712 	1.162970 	2.421905 	2.635455 	
1.065950 	9.000000 	1.063015 	0.201556 	2.209779 	0.989950 	0.090139 	1.007782 	1.338376 	1.209339 	1.073837 	0.719809 	0.230489 	2.066549 	2.784107 	2.717651 	2.215993 	1.505199 	2.147673 	2.651650 	0.158114 	0.176777 	2.795644 	1.456237 	2.741464 	1.532359 	2.676051 	2.079664 	0.195256 	2.110095 	0.382426 	1.375000 	2.135562 	0.237171 	1.959751 	2.180023 	1.636498 	0.431567 	2.615578 	1.500000 	0.279509 	0.291548 	0.282843 	0.285044 	1.364047 	1.585284 	
0.035355 	1.063015 	9.000000 	0.875000 	3.194233 	0.100000 	1.090011 	0.103078 	2.378287 	2.124264 	0.305164 	0.467039 	1.055047 	1.017657 	1.770946 	1.700184 	3.211795 	2.541776 	3.148412 	1.629801 	1.012423 	1.185854 	1.779220 	2.500125 	1.717738 	2.573543 	1.648105 	3.092733 	1.076162 	1.054751 	0.794512 	2.425000 	3.148115 	1.200521 	2.985067 	1.123610 	2.679202 	0.775403 	1.576785 	2.549510 	1.028652 	1.051190 	1.118034 	1.151629 	2.421905 	2.636878 	
0.880696 	0.201556 	0.875000 	9.000000 	2.409616 	0.797261 	0.215058 	0.813941 	1.539683 	1.397542 	0.917197 	0.579871 	0.333542 	1.886796 	2.617370 	2.549510 	2.416609 	1.706605 	2.348537 	2.482061 	0.152069 	0.313249 	2.627975 	1.657181 	2.571478 	1.733494 	2.504621 	2.281036 	0.226385 	1.927596 	0.201556 	1.575198 	2.336932 	0.340037 	2.161308 	1.997029 	1.837457 	0.251247 	2.440415 	1.700184 	0.237171 	0.261008 	0.301040 	0.325000 	1.562050 	1.785007 	
3.185612 	2.209779 	3.194233 	2.409616 	9.000000 	3.144539 	2.229910 	3.166425 	0.930390 	1.085415 	3.080584 	2.745906 	2.147091 	4.095882 	4.684616 	4.632089 	0.079057 	0.775403 	0.125000 	4.580188 	2.332515 	2.174425 	4.702393 	0.850000 	4.668110 	0.775403 	4.616614 	0.235850 	2.308679 	4.155192 	2.586624 	0.950000 	0.212132 	2.208082 	0.380789 	4.225296 	0.707107 	2.633558 	4.586188 	0.853302 	2.404163 	2.397003 	2.335193 	2.304479 	1.027740 	0.813941 	
0.127475 	0.989950 	0.100000 	0.797261 	3.144539 	9.000000 	1.011496 	0.025000 	2.315437 	2.081466 	0.371652 	0.450694 	0.999062 	1.107080 	1.865811 	1.794610 	3.160004 	2.480045 	3.095562 	1.723731 	0.930054 	1.105102 	1.873666 	2.436314 	1.811249 	2.510602 	1.741049 	3.037268 	0.991527 	1.141271 	0.704450 	2.359158 	3.092834 	1.116356 	2.926709 	1.209339 	2.615937 	0.682825 	1.667708 	2.483948 	0.939747 	0.961769 	1.029563 	1.063602 	2.352791 	2.570627 	
1.095730 	0.090139 	1.090011 	0.215058 	2.229910 	1.011496 	9.000000 	1.027740 	1.342805 	1.252248 	1.123610 	0.776209 	0.320156 	2.101488 	2.828979 	2.761567 	2.232991 	1.510381 	2.163475 	2.694555 	0.103078 	0.103078 	2.839894 	1.457738 	2.784107 	1.535008 	2.717651 	2.091799 	0.111803 	2.142574 	0.357946 	1.372953 	2.147673 	0.152069 	1.967867 	2.212041 	1.637834 	0.403887 	2.654360 	1.497707 	0.206155 	0.213600 	0.195256 	0.195256 	1.355083 	1.581139 	
0.134629 	1.007782 	0.103078 	0.813941 	3.166425 	0.025000 	1.027740 	9.000000 	2.335193 	2.104311 	0.388909 	0.475657 	1.020416 	1.096586 	1.858259 	1.786757 	3.181588 	2.500000 	3.116990 	1.715554 	0.945053 	1.120547 	1.865811 	2.455860 	1.802776 	2.530316 	1.732231 	3.058288 	1.005609 	1.129436 	0.716327 	2.378287 	3.113880 	1.130542 	2.947244 	1.197132 	2.635574 	0.693271 	1.657747 	2.503123 	0.951972 	0.973717 	1.041933 	1.076162 	2.371181 	2.589643 	
2.375395 	1.338376 	2.378287 	1.539683 	0.930390 	2.315437 	1.342805 	2.335193 	9.000000 	0.579871 	2.317461 	1.962301 	1.326885 	3.342248 	4.000000 	3.940257 	0.916856 	0.167705 	0.843356 	3.881044 	1.442654 	1.274755 	4.015050 	0.125000 	3.970910 	0.195256 	3.912160 	0.759111 	1.409122 	3.394297 	1.700000 	0.103078 	0.814325 	1.300000 	0.626997 	3.465003 	0.301040 	1.744276 	3.866846 	0.190394 	1.500208 	1.490386 	1.425219 	1.392839 	0.201556 	0.279509 	
2.113350 	1.209339 	2.124264 	1.397542 	1.085415 	2.081466 	1.252248 	2.104311 	0.579871 	9.000000 	1.997029 	1.668270 	1.099147 	3.010502 	3.607804 	3.553607 	1.114955 	0.654313 	1.060660 	3.500179 	1.353699 	1.225255 	3.625000 	0.675000 	3.588610 	0.704006 	3.535711 	1.030776 	1.350231 	3.070016 	1.590990 	0.682367 	1.081954 	1.277204 	0.964689 	3.140064 	0.789383 	1.640503 	3.503034 	0.750000 	1.450216 	1.450000 	1.400892 	1.377044 	0.770146 	0.826514 	
0.270416 	1.073837 	0.305164 	0.917197 	3.080584 	0.371652 	1.123610 	0.388909 	2.317461 	1.997029 	9.000000 	0.360555 	1.000000 	1.025305 	1.711907 	1.646587 	3.105036 	2.475126 	3.045591 	1.582127 	1.068001 	1.226020 	1.724094 	2.441823 	1.672199 	2.511225 	1.608765 	2.999271 	1.140175 	1.079641 	0.903120 	2.375395 	3.053686 	1.257229 	2.902585 	1.150272 	2.617250 	0.900347 	1.555032 	2.497624 	1.118034 	1.142639 	1.201301 	1.231107 	2.385634 	2.586987 	
0.450694 	0.719809 	0.467039 	0.579871 	2.745906 	0.450694 	0.776209 	0.475657 	1.962301 	1.668270 	0.360555 	9.000000 	0.640312 	1.380670 	2.071382 	2.006552 	2.766993 	2.121615 	2.705665 	1.942453 	0.731864 	0.879275 	2.083867 	2.086265 	2.032547 	2.156676 	1.969296 	2.655301 	0.806226 	1.432000 	0.612882 	2.018044 	2.710166 	0.916856 	2.554408 	1.502706 	2.262742 	0.625000 	1.915235 	2.140823 	0.800000 	0.825000 	0.876427 	0.903120 	2.026388 	2.229910 	
1.050297 	0.230489 	1.055047 	0.333542 	2.147091 	0.999062 	0.320156 	1.020416 	1.326885 	1.099147 	1.000000 	0.640312 	9.000000 	2.020211 	2.705665 	2.642205 	2.161308 	1.488707 	2.096575 	2.579365 	0.375000 	0.391312 	2.718915 	1.450000 	2.669504 	1.521923 	2.607321 	2.038535 	0.424264 	2.070175 	0.534439 	1.379311 	2.094039 	0.458939 	1.930026 	2.140823 	1.627882 	0.583631 	2.555020 	1.502706 	0.500000 	0.515388 	0.512957 	0.515388 	1.386092 	1.591383 	
1.007782 	2.066549 	1.017657 	1.886796 	4.095882 	1.107080 	2.101488 	1.096586 	3.342248 	3.010502 	1.025305 	1.380670 	2.020211 	9.000000 	0.781425 	0.707107 	4.123106 	3.500357 	4.065172 	0.632949 	2.028084 	2.199574 	0.785016 	3.466446 	0.715891 	3.536241 	0.642748 	4.021583 	2.093144 	0.075000 	1.811249 	3.398713 	4.075690 	2.217121 	3.926990 	0.134629 	3.642286 	1.789728 	0.561805 	3.521452 	2.046033 	2.068363 	2.135562 	2.169245 	3.405877 	3.610575 	
1.755705 	2.784107 	1.770946 	2.617370 	4.684616 	1.865811 	2.828979 	1.858259 	4.000000 	3.607804 	1.711907 	2.071382 	2.705665 	0.781425 	9.000000 	0.075000 	4.720236 	4.150678 	4.668110 	0.150000 	2.764281 	2.930017 	0.025000 	4.125000 	0.090139 	4.190242 	0.158114 	4.636405 	2.832953 	0.775403 	2.563201 	4.065787 	4.688617 	2.954657 	4.555560 	0.725431 	4.295419 	2.546075 	0.269258 	4.185242 	2.794749 	2.818022 	2.882924 	2.915476 	4.084192 	4.275292 	
1.685416 	2.717651 	1.700184 	2.549510 	4.632089 	1.794610 	2.761567 	1.786757 	3.940257 	3.553607 	1.646587 	2.006552 	2.642205 	0.707107 	0.075000 	9.000000 	4.666905 	4.091760 	4.614177 	0.075000 	2.695946 	2.862364 	0.079057 	4.065249 	0.050000 	4.130980 	0.090139 	4.581280 	2.764281 	0.700446 	2.493116 	4.005153 	4.633708 	2.886282 	4.499028 	0.650481 	4.236301 	2.475505 	0.201556 	4.125000 	2.725115 	2.748295 	2.813472 	2.846160 	4.022437 	4.215003 	
3.204001 	2.215993 	3.211795 	2.416609 	0.079057 	3.160004 	2.232991 	3.181588 	0.916856 	1.114955 	3.105036 	2.766993 	2.161308 	4.123106 	4.720236 	4.666905 	9.000000 	0.756637 	0.075000 	4.614177 	2.335193 	2.174425 	4.737747 	0.828402 	4.702393 	0.751665 	4.650067 	0.182003 	2.308950 	4.181581 	2.590487 	0.928036 	0.145774 	2.205816 	0.333542 	4.251838 	0.675463 	2.636878 	4.617968 	0.825000 	2.403383 	2.395438 	2.332515 	2.301222 	1.000000 	0.778621 	
2.538331 	1.505199 	2.541776 	1.706605 	0.775403 	2.480045 	1.510381 	2.500000 	0.167705 	0.654313 	2.475126 	2.121615 	1.488707 	3.500357 	4.150678 	4.091760 	0.756637 	9.000000 	0.682367 	4.033376 	1.610318 	1.442437 	4.166083 	0.079057 	4.123106 	0.050000 	4.065172 	0.594243 	1.576785 	3.553256 	1.867652 	0.176777 	0.649038 	1.467353 	0.459619 	3.623966 	0.145774 	1.911969 	4.021583 	0.125000 	1.667708 	1.657747 	1.592365 	1.559848 	0.269258 	0.176777 	
3.141059 	2.147673 	3.148412 	2.348537 	0.125000 	3.095562 	2.163475 	3.116990 	0.843356 	1.060660 	3.045591 	2.705665 	2.096575 	4.065172 	4.668110 	4.614177 	0.075000 	0.682367 	9.000000 	4.560839 	2.265502 	2.103865 	4.685416 	0.753741 	4.649261 	0.676849 	4.596330 	0.111803 	2.238443 	4.123106 	2.521161 	0.853302 	0.090139 	2.134537 	0.261008 	4.193447 	0.600521 	2.567343 	4.563031 	0.750000 	2.332515 	2.324328 	2.261084 	2.229630 	0.925000 	0.704006 	
1.615549 	2.651650 	1.629801 	2.482061 	4.580188 	1.723731 	2.694555 	1.715554 	3.881044 	3.500179 	1.582127 	1.942453 	2.579365 	0.632949 	0.150000 	0.075000 	4.614177 	4.033376 	4.560839 	9.000000 	2.627975 	2.795085 	0.152069 	4.006011 	0.090139 	4.072238 	0.050000 	4.526726 	2.695946 	0.625500 	2.423324 	3.945013 	4.579370 	2.818244 	4.443042 	0.575543 	4.177693 	2.405203 	0.141421 	4.065249 	2.655772 	2.678852 	2.744312 	2.777139 	3.961139 	4.155192 	
1.020416 	0.158114 	1.012423 	0.152069 	2.332515 	0.930054 	0.103078 	0.945053 	1.442654 	1.353699 	1.068001 	0.731864 	0.375000 	2.028084 	2.764281 	2.695946 	2.335193 	1.610318 	2.265502 	2.627975 	9.000000 	0.176777 	2.774549 	1.556639 	2.717191 	1.634205 	2.649764 	2.193171 	0.075000 	2.067003 	0.257391 	1.470757 	2.249028 	0.190394 	2.068363 	2.136001 	1.736555 	0.302076 	2.583844 	1.595306 	0.125000 	0.141421 	0.158114 	0.176777 	1.450216 	1.677982 	
1.192686 	0.176777 	1.185854 	0.313249 	2.174425 	1.105102 	0.103078 	1.120547 	1.274755 	1.225255 	1.226020 	0.879275 	0.391312 	2.199574 	2.930017 	2.862364 	2.174425 	1.442437 	2.103865 	2.795085 	0.176777 	9.000000 	2.940769 	1.386768 	2.884549 	1.464795 	2.817801 	2.028854 	0.134629 	2.239699 	0.430116 	1.299279 	2.084616 	0.070711 	1.901480 	2.308950 	1.566246 	0.471699 	2.753634 	1.423464 	0.230489 	0.226385 	0.176777 	0.158114 	1.275980 	1.505199 	
1.764405 	2.795644 	1.779220 	2.627975 	4.702393 	1.873666 	2.839894 	1.865811 	4.015050 	3.625000 	1.724094 	2.083867 	2.718915 	0.785016 	0.025000 	0.079057 	4.737747 	4.166083 	4.685416 	0.152069 	2.774549 	2.940769 	9.000000 	4.140048 	0.079057 	4.205503 	0.152069 	4.653292 	2.842974 	0.776611 	2.572086 	4.080441 	4.705582 	2.964899 	4.571925 	0.725000 	4.310742 	2.554530 	0.261008 	4.200074 	2.804015 	2.827212 	2.892339 	2.925000 	4.098323 	4.290105 	
2.497624 	1.456237 	2.500125 	1.657181 	0.850000 	2.436314 	1.457738 	2.455860 	0.125000 	0.675000 	2.441823 	2.086265 	1.450000 	3.466446 	4.125000 	4.065249 	0.828402 	0.079057 	0.753741 	4.006011 	1.556639 	1.386768 	4.140048 	9.000000 	4.095882 	0.079057 	4.037094 	0.661910 	1.520691 	3.518256 	1.814008 	0.100000 	0.715891 	1.409122 	0.522015 	3.588959 	0.180278 	1.857586 	3.991632 	0.075000 	1.610124 	1.599414 	1.533175 	1.500208 	0.190394 	0.158114 	
1.703856 	2.741464 	1.717738 	2.571478 	4.668110 	1.811249 	2.784107 	1.802776 	3.970910 	3.588610 	1.672199 	2.032547 	2.669504 	0.715891 	0.090139 	0.050000 	4.702393 	4.123106 	4.649261 	0.090139 	2.717191 	2.884549 	0.079057 	4.095882 	9.000000 	4.162031 	0.075000 	4.615531 	2.785004 	0.704006 	2.511598 	4.035003 	4.668110 	2.907426 	4.532246 	0.650481 	4.267464 	2.493116 	0.182003 	4.155192 	2.744312 	2.767332 	2.832953 	2.865855 	4.051234 	4.245144 	
2.570627 	1.532359 	2.573543 	1.733494 	0.775403 	2.510602 	1.535008 	2.530316 	0.195256 	0.704006 	2.511225 	2.156676 	1.521923 	3.536241 	4.190242 	4.130980 	0.751665 	0.050000 	0.676849 	4.072238 	1.634205 	1.464795 	4.205503 	0.079057 	4.162031 	9.000000 	4.103733 	0.583631 	1.598828 	3.588610 	1.891593 	0.176777 	0.637377 	1.487658 	0.443001 	3.659320 	0.106066 	1.935362 	4.059326 	0.090139 	1.688565 	1.677982 	1.611870 	1.578963 	0.254951 	0.127475 	
1.634778 	2.676051 	1.648105 	2.504621 	4.616614 	1.741049 	2.717651 	1.732231 	3.912160 	3.535711 	1.608765 	1.969296 	2.607321 	0.642748 	0.158114 	0.090139 	4.650067 	4.065172 	4.596330 	0.050000 	2.649764 	2.817801 	0.152069 	4.037094 	0.075000 	4.103733 	9.000000 	4.561387 	2.717191 	0.629484 	2.442335 	3.975314 	4.614177 	2.839894 	4.476676 	0.575543 	4.209291 	2.423324 	0.111803 	4.095882 	2.675467 	2.698379 	2.764281 	2.797320 	3.990379 	4.185765 	
3.086462 	2.079664 	3.092733 	2.281036 	0.235850 	3.037268 	2.091799 	3.058288 	0.759111 	1.030776 	2.999271 	2.655301 	2.038535 	4.021583 	4.636405 	4.581280 	0.182003 	0.594243 	0.111803 	4.526726 	2.193171 	2.028854 	4.653292 	0.661910 	4.615531 	0.583631 	4.561387 	9.000000 	2.163475 	4.078296 	2.449745 	0.760345 	0.055902 	2.057000 	0.152069 	4.148795 	0.500625 	2.495245 	4.525621 	0.651920 	2.256241 	2.247221 	2.182888 	2.150872 	0.826514 	0.600521 	
1.085415 	0.195256 	1.076162 	0.226385 	2.308679 	0.991527 	0.111803 	1.005609 	1.409122 	1.350231 	1.140175 	0.806226 	0.424264 	2.093144 	2.832953 	2.764281 	2.308950 	1.576785 	2.238443 	2.695946 	0.075000 	0.134629 	2.842974 	1.520691 	2.785004 	1.598828 	2.717191 	2.163475 	9.000000 	2.130874 	0.301040 	1.432655 	2.219234 	0.125000 	2.035927 	2.199574 	1.700000 	0.340037 	2.650118 	1.556639 	0.100000 	0.103078 	0.090139 	0.103078 	1.407569 	1.637834 	
1.047020 	2.110095 	1.054751 	1.927596 	4.155192 	1.141271 	2.142574 	1.129436 	3.394297 	3.070016 	1.079641 	1.432000 	2.070175 	0.075000 	0.775403 	0.700446 	4.181581 	3.553256 	4.123106 	0.625500 	2.067003 	2.239699 	0.776611 	3.518256 	0.704006 	3.588610 	0.629484 	4.078296 	2.130874 	9.000000 	1.845603 	3.449366 	4.132569 	2.255271 	3.982226 	0.070711 	3.694675 	1.822430 	0.539676 	3.572464 	2.081015 	2.102974 	2.170829 	2.204824 	3.454797 	3.661369 	
0.807775 	0.382426 	0.794512 	0.201556 	2.586624 	0.704450 	0.357946 	0.716327 	1.700000 	1.590990 	0.903120 	0.612882 	0.534439 	1.811249 	2.563201 	2.493116 	2.590487 	1.867652 	2.521161 	2.423324 	0.257391 	0.430116 	2.572086 	1.814008 	2.511598 	1.891593 	2.442335 	2.449745 	0.301040 	1.845603 	9.000000 	1.727896 	2.505619 	0.424264 	2.325537 	1.913439 	1.993897 	0.050000 	2.371181 	1.852363 	0.235850 	0.257391 	0.325960 	0.360555 	1.706055 	1.934716 	
2.423453 	1.375000 	2.425000 	1.575198 	0.950000 	2.359158 	1.372953 	2.378287 	0.103078 	0.682367 	2.375395 	2.018044 	1.379311 	3.398713 	4.065787 	4.005153 	0.928036 	0.176777 	0.853302 	3.945013 	1.470757 	1.299279 	4.080441 	0.100000 	4.035003 	0.176777 	3.975314 	0.760345 	1.432655 	3.449366 	1.727896 	9.000000 	0.813941 	1.319327 	0.618466 	3.520032 	0.269258 	1.770770 	3.927865 	0.125000 	1.520691 	1.509346 	1.442437 	1.409122 	0.106066 	0.212132 	
3.141755 	2.135562 	3.148115 	2.336932 	0.212132 	3.092834 	2.147673 	3.113880 	0.814325 	1.081954 	3.053686 	2.710166 	2.094039 	4.075690 	4.688617 	4.633708 	0.145774 	0.649038 	0.090139 	4.579370 	2.249028 	2.084616 	4.705582 	0.715891 	4.668110 	0.637377 	4.614177 	0.055902 	2.219234 	4.132569 	2.505619 	0.813941 	9.000000 	2.112611 	0.200000 	4.203050 	0.552268 	2.551103 	4.578824 	0.704006 	2.311926 	2.302851 	2.238443 	2.206383 	0.878208 	0.650000 	
1.209339 	0.237171 	1.200521 	0.340037 	2.208082 	1.116356 	0.152069 	1.130542 	1.300000 	1.277204 	1.257229 	0.916856 	0.458939 	2.217121 	2.954657 	2.886282 	2.205816 	1.467353 	2.134537 	2.818244 	0.190394 	0.070711 	2.964899 	1.409122 	2.907426 	1.487658 	2.839894 	2.057000 	0.125000 	2.255271 	0.424264 	1.319327 	2.112611 	9.000000 	1.926947 	2.324059 	1.587648 	0.460977 	2.773536 	1.442654 	0.201556 	0.190394 	0.127475 	0.100000 	1.290591 	1.522539 	
2.980038 	1.959751 	2.985067 	2.161308 	0.380789 	2.926709 	1.967867 	2.947244 	0.626997 	0.964689 	2.902585 	2.554408 	1.930026 	3.926990 	4.555560 	4.499028 	0.333542 	0.459619 	0.261008 	4.443042 	2.068363 	1.901480 	4.571925 	0.522015 	4.532246 	0.443001 	4.476676 	0.152069 	2.035927 	3.982226 	2.325537 	0.618466 	0.200000 	1.926947 	9.000000 	4.052854 	0.353553 	2.370258 	4.437975 	0.505594 	2.127205 	2.117339 	2.051981 	2.019437 	0.679154 	0.450000 	
