Total assets = 600
Number of asset nodes = 33

Distance:
999.000000 	97.621719 	41.436699 	38.897301 	115.260574 	26.019224 	39.051247 	125.319588 	45.607018 	36.345562 	63.158531 	40.607880 	43.737854 	71.175842 	35.000000 	29.274563 	130.862518 	70.384659 	134.469330 	67.067131 	70.936592 	112.004463 	32.756680 	32.984844 	36.069378 	67.720009 	24.738634 	37.483330 	24.515301 	34.205261 	36.235340 	62.169125 	131.643463 	117.800682 	140.730240 	36.400551 	38.078865 	27.892651 	70.092796 	38.327538 	37.202152 	113.718948 	30.675724 	136.561340 	
97.621719 	999.000000 	61.911228 	64.660652 	18.027756 	79.881165 	66.730804 	29.068884 	61.269894 	71.196907 	43.965897 	67.535179 	65.306969 	38.470768 	76.059189 	82.492424 	33.837849 	40.447498 	37.735924 	44.721359 	41.303753 	18.027756 	83.648071 	84.534019 	133.660019 	48.373547 	119.205704 	80.529495 	118.562218 	84.970581 	133.645050 	55.901699 	34.058773 	23.345236 	43.416588 	85.000000 	83.258636 	122.147453 	50.089920 	84.172440 	134.380051 	23.194826 	125.606529 	38.948685 	
41.436699 	61.911228 	999.000000 	2.828427 	79.924965 	18.384777 	5.099020 	90.917542 	5.385165 	9.486833 	21.954498 	7.071068 	7.211102 	30.016663 	14.560220 	20.591261 	95.718338 	29.068884 	99.644371 	25.632011 	29.546574 	73.593475 	22.135944 	23.086792 	75.471848 	26.476404 	58.898216 	20.099751 	58.137768 	23.769728 	74.886581 	22.090721 	94.810333 	79.208588 	105.118980 	24.331051 	23.086792 	61.619801 	29.154760 	24.083189 	75.213028 	74.330345 	65.192024 	99.809822 	
38.897301 	64.660652 	2.828427 	999.000000 	82.680107 	15.556349 	3.162278 	93.648277 	7.000000 	7.071068 	24.698177 	5.830952 	7.211102 	32.756680 	12.165525 	17.888544 	98.478424 	31.764761 	102.396286 	28.231188 	32.202484 	76.419891 	19.646883 	20.615528 	72.718636 	28.861740 	56.080299 	18.000000 	55.317268 	21.377558 	72.111023 	24.000000 	97.616600 	82.036575 	107.898102 	22.090721 	21.000000 	58.796257 	31.400637 	22.000000 	72.422371 	77.155685 	62.369865 	102.615791 	
115.260574 	18.027756 	79.924965 	82.680107 	999.000000 	97.908119 	84.723076 	11.401754 	79.177017 	89.185204 	61.465439 	85.475143 	83.186539 	55.362442 	94.021271 	100.498756 	15.811388 	57.280014 	19.723083 	61.684681 	57.974133 	16.124516 	101.597244 	102.474388 	151.327454 	65.000000 	137.131317 	98.386993 	136.499084 	102.883430 	151.380310 	72.801102 	17.464249 	17.029387 	25.495098 	102.859123 	101.079178 	140.089264 	66.287254 	101.980392 	152.161102 	22.203604 	143.533966 	21.954498 	
26.019224 	79.881165 	18.384777 	15.556349 	97.908119 	999.000000 	14.422205 	108.756607 	21.095022 	10.770329 	40.000000 	15.231546 	18.384777 	48.010414 	9.055386 	5.830952 	113.718948 	46.872166 	117.596771 	43.046486 	47.169907 	91.967384 	10.000000 	10.816654 	57.706154 	42.953465 	40.607880 	13.038404 	39.824615 	12.206555 	56.938564 	36.687874 	113.070778 	97.590981 	123.223373 	14.212670 	14.866069 	43.278172 	44.944408 	15.556349 	57.140179 	92.698433 	46.861500 	118.067780 	
39.051247 	66.730804 	5.099020 	3.162278 	84.723076 	14.422205 	999.000000 	95.770561 	6.708204 	4.472136 	25.612497 	2.828427 	5.099020 	33.600594 	9.486833 	15.811388 	100.498756 	32.449963 	104.446159 	28.653097 	32.756680 	77.987175 	17.088007 	18.027756 	72.069412 	28.792360 	55.000000 	15.033297 	54.203320 	18.681541 	71.344238 	23.194826 	99.403221 	83.546394 	109.836243 	19.235384 	18.027756 	57.628117 	31.048349 	19.026299 	71.561165 	78.492035 	61.220913 	104.403069 	
125.319588 	29.068884 	90.917542 	93.648277 	11.401754 	108.756607 	95.770561 	999.000000 	90.338257 	100.239716 	72.801102 	96.602280 	94.371605 	66.760765 	105.118980 	111.507851 	6.324555 	68.680420 	9.219544 	73.082146 	69.375786 	25.495098 	112.712021 	113.600174 	161.375336 	76.400261 	147.610977 	109.590149 	147.003403 	114.039467 	161.523987 	84.202141 	13.601471 	24.166092 	16.124516 	114.061386 	112.307610 	150.602127 	77.665955 	113.216606 	162.373032 	30.675724 	154.012985 	16.000000 	
45.607018 	61.269894 	5.385165 	7.000000 	79.177017 	21.095022 	6.708204 	90.338257 	999.000000 	10.630146 	19.104973 	6.403124 	4.123106 	27.018513 	15.000000 	21.931713 	94.894676 	25.806976 	98.883774 	21.954498 	26.076809 	71.840103 	22.472204 	23.323807 	78.771820 	22.135944 	61.611687 	19.313208 	60.802959 	23.706539 	78.032043 	17.000000 	93.477272 	77.336922 	104.100914 	23.769728 	22.135944 	64.202805 	24.515301 	23.086792 	78.230431 	72.138756 	67.801178 	98.473343 	
36.345562 	71.196907 	9.486833 	7.071068 	89.185204 	10.770329 	4.472136 	100.239716 	10.630146 	999.000000 	29.732138 	4.472136 	7.615773 	37.643059 	5.099020 	11.401754 	104.957130 	36.400551 	108.908218 	32.449963 	36.619667 	82.328613 	12.649111 	13.601471 	68.425140 	32.202484 	51.039200 	11.045361 	50.219517 	14.317822 	67.601776 	25.961510 	103.812332 	87.863533 	114.280357 	15.033297 	14.035668 	53.600372 	34.176014 	15.033297 	67.742157 	82.734512 	57.201397 	108.811768 	
63.158531 	43.965897 	21.954498 	24.698177 	61.465439 	40.000000 	25.612497 	72.801102 	19.104973 	29.732138 	999.000000 	25.455845 	22.671568 	8.062258 	33.970577 	41.012192 	76.967529 	7.280110 	81.024689 	5.385165 	8.062258 	53.009434 	41.231056 	42.011902 	97.416634 	9.219544 	80.603973 	37.443291 	79.812279 	42.201897 	96.798759 	13.341664 	74.946648 	58.412327 	85.883644 	41.880783 	39.962482 	83.240616 	12.806249 	40.816662 	97.082436 	53.075417 	86.833176 	79.924965 	
40.607880 	67.535179 	7.071068 	5.830952 	85.475143 	15.231546 	2.828427 	96.602280 	6.403124 	4.472136 	25.455845 	999.000000 	3.162278 	33.301651 	8.602325 	15.556349 	101.212646 	32.015621 	105.190300 	28.017851 	32.202484 	78.243210 	16.124516 	17.000000 	72.897186 	27.730848 	55.470715 	13.341664 	54.644306 	17.464249 	72.069412 	21.587032 	99.864906 	83.737686 	110.453613 	17.720045 	16.278820 	58.008621 	29.732138 	17.262676 	72.201111 	78.517517 	61.611687 	104.861816 	
43.737854 	65.306969 	7.211102 	7.211102 	83.186539 	18.384777 	5.099020 	94.371605 	4.123106 	7.615773 	22.671568 	3.162278 	999.000000 	30.413813 	11.313708 	18.439089 	98.883774 	29.068884 	102.883430 	25.000000 	29.206163 	75.604233 	18.601076 	19.416489 	76.026314 	24.596748 	58.523499 	15.231546 	57.688820 	19.723083 	75.179787 	18.439089 	97.349884 	81.055534 	108.046288 	19.697716 	18.027756 	61.032780 	26.570660 	18.973665 	75.292763 	75.742989 	64.637451 	102.342560 	
71.175842 	38.470768 	30.016663 	32.756680 	55.362442 	48.010414 	33.600594 	66.760765 	27.018513 	37.643059 	8.062258 	33.301651 	30.413813 	999.000000 	41.725292 	48.836460 	70.576202 	2.000000 	74.672615 	6.324555 	3.162278 	45.793011 	48.836460 	49.578220 	105.475113 	10.000000 	88.600227 	44.821869 	87.800911 	49.678970 	104.847511 	17.464249 	68.000000 	51.039200 	79.202271 	49.203659 	47.201694 	91.214035 	12.369317 	48.010414 	105.118980 	45.453274 	94.810333 	72.945183 	
35.000000 	76.059189 	14.560220 	12.165525 	94.021271 	9.055386 	9.486833 	105.118980 	15.000000 	5.099020 	33.970577 	8.602325 	11.313708 	41.725292 	999.000000 	7.211102 	109.772491 	40.360870 	113.740936 	36.235340 	40.459858 	86.833176 	7.615773 	8.544003 	65.391129 	35.510563 	47.507893 	6.324555 	46.647614 	9.219544 	64.404968 	28.635643 	108.466583 	92.314682 	119.037811 	10.000000 	9.219544 	49.929951 	37.121422 	10.198039 	64.412735 	87.045967 	53.535034 	113.463654 	
29.274563 	82.492424 	20.591261 	17.888544 	100.498756 	5.830952 	15.811388 	111.507851 	21.931713 	11.401754 	41.012192 	15.556349 	18.439089 	48.836460 	7.211102 	999.000000 	116.284134 	47.507893 	120.220627 	43.416588 	47.634022 	93.723000 	4.242640 	5.000000 	58.309521 	42.720020 	40.311287 	8.246211 	39.446167 	6.403124 	57.271286 	35.777088 	115.208504 	99.247169 	125.642349 	8.485281 	9.433981 	42.720020 	44.294468 	10.000000 	57.245087 	94.069122 	46.324940 	120.208153 	
130.862518 	33.837849 	95.718338 	98.478424 	15.811388 	113.718948 	100.498756 	6.324555 	94.894676 	104.957130 	76.967529 	101.212646 	98.883774 	70.576202 	109.772491 	116.284134 	999.000000 	72.449982 	4.123106 	76.896034 	73.054771 	27.018513 	117.337120 	118.207443 	166.931122 	80.006248 	152.895386 	114.061386 	152.269501 	118.595955 	167.026947 	87.920418 	9.219544 	24.331051 	10.000000 	118.532700 	116.726173 	155.862122 	81.043198 	117.618027 	167.836227 	31.257000 	159.298462 	10.198039 	
70.384659 	40.447498 	29.068884 	31.764761 	57.280014 	46.872166 	32.449963 	68.680420 	25.806976 	36.400551 	7.280110 	32.015621 	29.068884 	2.000000 	40.360870 	47.507893 	72.449982 	999.000000 	76.550636 	4.472136 	1.414214 	47.507893 	47.381432 	48.104053 	104.446159 	8.000000 	87.418533 	43.278172 	86.608315 	48.166378 	103.773796 	15.524175 	69.771057 	52.697250 	81.024689 	47.634022 	45.607018 	90.000000 	10.440307 	46.400433 	104.009613 	47.010635 	93.600212 	74.706093 	
134.469330 	37.735924 	99.644371 	102.396286 	19.723083 	117.596771 	104.446159 	9.219544 	98.883774 	108.908218 	81.024689 	105.190300 	102.883430 	74.672615 	113.740936 	120.220627 	4.123106 	76.550636 	999.000000 	80.993828 	77.162170 	31.064449 	121.313644 	122.188377 	170.531525 	84.118965 	156.646103 	118.072014 	156.028839 	122.588745 	170.660477 	92.027168 	11.661903 	28.160255 	7.280110 	122.543869 	120.747673 	159.624557 	85.164543 	121.642921 	171.493439 	35.128338 	163.049072 	10.816654 	
67.067131 	44.721359 	25.632011 	28.231188 	61.684681 	43.046486 	28.653097 	73.082146 	21.954498 	32.449963 	5.385165 	28.017851 	25.000000 	6.324555 	36.235340 	43.416588 	76.896034 	4.472136 	80.993828 	999.000000 	4.242640 	51.971146 	43.139309 	43.840622 	100.722389 	4.472136 	83.486526 	38.948685 	82.661964 	43.863426 	99.985001 	11.180340 	74.242844 	57.140179 	85.492691 	43.278172 	41.231056 	86.023254 	7.810250 	42.011902 	100.169853 	51.400391 	89.627007 	79.177017 	
70.936592 	41.303753 	29.546574 	32.202484 	57.974133 	47.169907 	32.756680 	69.375786 	26.076809 	36.619667 	8.062258 	32.202484 	29.206163 	3.162278 	40.459858 	47.634022 	73.054771 	1.414214 	77.162170 	4.242640 	999.000000 	47.885281 	47.381432 	48.083260 	104.809349 	7.071068 	87.658424 	43.185646 	86.838928 	48.104053 	104.100914 	14.866069 	70.213959 	53.000000 	81.541397 	47.507893 	45.453274 	90.210861 	9.219544 	46.227695 	104.307236 	47.201694 	93.813644 	75.133217 	
112.004463 	18.027756 	73.593475 	76.419891 	16.124516 	91.967384 	77.987175 	25.495098 	71.840103 	82.328613 	53.009434 	78.243210 	75.604233 	45.793011 	86.833176 	93.723000 	27.018513 	47.507893 	31.064449 	51.971146 	47.885281 	999.000000 	94.201912 	95.000000 	147.756561 	54.561890 	132.245987 	90.443352 	131.529465 	95.210297 	147.512711 	62.609905 	22.472204 	5.830952 	34.205261 	94.868332 	92.913940 	135.059250 	55.154327 	93.744331 	148.070923 	6.403124 	138.600143 	27.313000 	
32.756680 	83.648071 	22.135944 	19.646883 	101.597244 	10.000000 	17.088007 	112.712021 	22.472204 	12.649111 	41.231056 	16.124516 	18.601076 	48.836460 	7.615773 	4.242640 	117.337120 	47.381432 	121.313644 	43.139309 	47.381432 	94.201912 	999.000000 	1.000000 	60.083275 	42.011902 	41.629318 	5.099020 	40.718548 	2.236068 	58.872746 	34.669872 	115.935326 	99.639351 	126.570137 	4.242640 	5.385165 	43.829212 	43.266617 	5.830952 	58.694122 	94.260277 	47.413078 	120.929733 	
32.984844 	84.534019 	23.086792 	20.615528 	102.474388 	10.816654 	18.027756 	113.600174 	23.323807 	13.601471 	42.011902 	17.000000 	19.416489 	49.578220 	8.544003 	5.000000 	118.207443 	48.104053 	122.188377 	43.840622 	48.083260 	95.000000 	1.000000 	999.000000 	59.774578 	42.638012 	41.231056 	5.385165 	40.311287 	1.414214 	58.523499 	35.227829 	116.764717 	100.424103 	127.424484 	3.605551 	5.099020 	43.382023 	43.829212 	5.385165 	58.309521 	95.015785 	46.957428 	121.757957 	
36.069378 	133.660019 	75.471848 	72.718636 	151.327454 	57.706154 	72.069412 	161.375336 	78.771820 	68.425140 	97.416634 	72.897186 	76.026314 	105.475113 	65.391129 	58.309521 	166.931122 	104.446159 	170.531525 	100.722389 	104.809349 	147.756561 	60.083275 	59.774578 	999.000000 	100.623062 	19.104973 	65.145988 	20.099751 	60.440052 	2.828427 	94.021271 	167.657394 	153.525238 	176.799316 	62.096699 	64.288414 	18.027756 	102.459747 	64.031242 	5.000000 	149.201202 	15.297058 	172.586212 	
67.720009 	48.373547 	26.476404 	28.861740 	65.000000 	42.953465 	28.792360 	76.400261 	22.135944 	32.202484 	9.219544 	27.730848 	24.596748 	10.000000 	35.510563 	42.720020 	80.006248 	8.000000 	84.118965 	4.472136 	7.071068 	54.561890 	42.011902 	42.638012 	100.623062 	999.000000 	83.006027 	37.536648 	82.152298 	42.520584 	99.764725 	8.062258 	76.967529 	59.539902 	88.391174 	41.725292 	39.597980 	85.440041 	3.605551 	40.311287 	99.849884 	53.535034 	89.044930 	81.859634 	
24.738634 	119.205704 	58.898216 	56.080299 	137.131317 	40.607880 	55.000000 	147.610977 	61.611687 	51.039200 	80.603973 	55.470715 	58.523499 	88.600227 	47.507893 	40.311287 	152.895386 	87.418533 	156.646103 	83.486526 	87.658424 	132.245987 	41.629318 	41.231056 	19.104973 	83.006027 	999.000000 	46.615448 	1.000000 	41.785164 	17.464249 	76.059189 	152.898666 	137.931137 	162.606888 	43.324360 	45.541191 	3.162278 	84.599052 	45.221676 	17.088007 	133.206604 	6.403124 	157.876541 	
37.483330 	80.529495 	20.099751 	18.000000 	98.386993 	13.038404 	15.033297 	109.590149 	19.313208 	11.045361 	37.443291 	13.341664 	15.231546 	44.821869 	6.324555 	8.246211 	114.061386 	43.278172 	118.072014 	38.948685 	43.185646 	90.443352 	5.099020 	5.385165 	65.145988 	37.536648 	46.615448 	999.000000 	45.694637 	5.000000 	63.906181 	30.000000 	112.361023 	95.801880 	123.166557 	4.472136 	3.000000 	48.754486 	38.600517 	4.000000 	63.694584 	90.271812 	52.325901 	117.345642 	
24.515301 	118.562218 	58.137768 	55.317268 	136.499084 	39.824615 	54.203320 	147.003403 	60.802959 	50.219517 	79.812279 	54.644306 	57.688820 	87.800911 	46.647614 	39.446167 	152.269501 	86.608315 	156.028839 	82.661964 	86.838928 	131.529465 	40.718548 	40.311287 	20.099751 	82.152298 	1.000000 	45.694637 	999.000000 	40.853397 	18.439089 	75.179787 	152.226807 	137.207870 	161.969131 	42.379242 	44.598206 	3.605551 	83.725746 	44.271889 	18.027756 	132.457535 	7.071068 	157.206863 	
34.205261 	84.970581 	23.769728 	21.377558 	102.883430 	12.206555 	18.681541 	114.039467 	23.706539 	14.317822 	42.201897 	17.464249 	19.723083 	49.678970 	9.219544 	6.403124 	118.595955 	48.166378 	122.588745 	43.863426 	48.104053 	95.210297 	2.236068 	1.414214 	60.440052 	42.520584 	41.785164 	5.000000 	40.853397 	999.000000 	59.135437 	35.000000 	117.046997 	100.603180 	127.769325 	2.236068 	4.000000 	43.863426 	43.600460 	4.123106 	58.872746 	95.131485 	47.423622 	122.036880 	
36.235340 	133.645050 	74.886581 	72.111023 	151.380310 	56.938564 	71.344238 	161.523987 	78.032043 	67.601776 	96.798759 	72.069412 	75.179787 	104.847511 	64.404968 	57.271286 	167.026947 	103.773796 	170.660477 	99.985001 	104.100914 	147.512711 	58.872746 	58.523499 	2.828427 	99.764725 	17.464249 	63.906181 	18.439089 	59.135437 	999.000000 	93.037628 	167.597733 	153.264481 	176.867188 	60.728905 	62.936478 	16.031219 	101.518471 	62.641838 	2.236068 	148.838837 	13.038404 	172.539856 	
62.169125 	55.901699 	22.090721 	24.000000 	72.801102 	36.687874 	23.194826 	84.202141 	17.000000 	25.961510 	13.341664 	21.587032 	18.439089 	17.464249 	28.635643 	35.777088 	87.920418 	15.524175 	92.027168 	11.180340 	14.866069 	62.609905 	34.669872 	35.227829 	94.021271 	8.062258 	76.059189 	30.000000 	75.179787 	35.000000 	93.037628 	999.000000 	85.000000 	67.601776 	96.384644 	34.058773 	31.890438 	78.390053 	8.602325 	32.557640 	93.021500 	61.587337 	81.987801 	89.899948 	
131.643463 	34.058773 	94.810333 	97.616600 	17.464249 	113.070778 	99.403221 	13.601471 	93.477272 	103.812332 	74.946648 	99.864906 	97.349884 	68.000000 	108.466583 	115.208504 	9.219544 	69.771057 	11.661903 	74.242844 	70.213959 	22.472204 	115.935326 	116.764717 	167.657394 	76.967529 	152.898666 	112.361023 	152.226807 	117.046997 	167.597733 	85.000000 	999.000000 	18.248287 	12.041595 	116.811813 	114.908661 	155.794739 	77.620872 	115.762688 	168.291412 	25.179358 	159.289047 	5.000000 	
117.800682 	23.345236 	79.208588 	82.036575 	17.029387 	97.590981 	83.546394 	24.166092 	77.336922 	87.863533 	58.412327 	83.737686 	81.055534 	51.039200 	92.314682 	99.247169 	24.331051 	52.697250 	28.160255 	57.140179 	53.000000 	5.830952 	99.639351 	100.424103 	153.525238 	59.539902 	137.931137 	95.801880 	137.207870 	100.603180 	153.264481 	67.601776 	18.248287 	999.000000 	30.265491 	100.209778 	98.229324 	140.730240 	59.933296 	99.045441 	153.808319 	7.000000 	144.277512 	22.803509 	
140.730240 	43.416588 	105.118980 	107.898102 	25.495098 	123.223373 	109.836243 	16.124516 	104.100914 	114.280357 	85.883644 	110.453613 	108.046288 	79.202271 	119.037811 	125.642349 	10.000000 	81.024689 	7.280110 	85.492691 	81.541397 	34.205261 	126.570137 	127.424484 	176.799316 	88.391174 	162.606888 	123.166557 	161.969131 	127.769325 	176.867188 	96.384644 	12.041595 	30.265491 	999.000000 	127.632286 	125.781555 	165.556641 	89.196411 	126.657021 	177.654160 	37.215588 	169.008881 	8.246211 	
36.400551 	85.000000 	24.331051 	22.090721 	102.859123 	14.212670 	19.235384 	114.061386 	23.769728 	15.033297 	41.880783 	17.720045 	19.697716 	49.203659 	10.000000 	8.485281 	118.532700 	47.634022 	122.543869 	43.278172 	47.507893 	94.868332 	4.242640 	3.605551 	62.096699 	41.725292 	43.324360 	4.472136 	42.379242 	2.236068 	60.728905 	34.058773 	116.811813 	100.209778 	127.632286 	999.000000 	2.236068 	45.310043 	42.638012 	2.000000 	60.406952 	94.641426 	48.846699 	121.794907 	
38.078865 	83.258636 	23.086792 	21.000000 	101.079178 	14.866069 	18.027756 	112.307610 	22.135944 	14.035668 	39.962482 	16.278820 	18.027756 	47.201694 	9.219544 	9.433981 	116.726173 	45.607018 	120.747673 	41.231056 	45.453274 	92.913940 	5.385165 	5.099020 	64.288414 	39.597980 	45.541191 	3.000000 	44.598206 	4.000000 	62.936478 	31.890438 	114.908661 	98.229324 	125.781555 	2.236068 	999.000000 	47.539455 	40.459858 	1.000000 	62.625874 	92.617493 	51.078373 	119.887444 	
27.892651 	122.147453 	61.619801 	58.796257 	140.089264 	43.278172 	57.628117 	150.602127 	64.202805 	53.600372 	83.240616 	58.008621 	61.032780 	91.214035 	49.929951 	42.720020 	155.862122 	90.000000 	159.624557 	86.023254 	90.210861 	135.059250 	43.829212 	43.382023 	18.027756 	85.440041 	3.162278 	48.754486 	3.605551 	43.863426 	16.031219 	78.390053 	155.794739 	140.730240 	165.556641 	45.310043 	47.539455 	999.000000 	86.954010 	47.169907 	15.297058 	135.948517 	3.605551 	160.776245 	
70.092796 	50.089920 	29.154760 	31.400637 	66.287254 	44.944408 	31.048349 	77.665955 	24.515301 	34.176014 	12.806249 	29.732138 	26.570660 	12.369317 	37.121422 	44.294468 	81.043198 	10.440307 	85.164543 	7.810250 	9.219544 	55.154327 	43.266617 	43.829212 	102.459747 	3.605551 	84.599052 	38.600517 	83.725746 	43.600460 	101.518471 	8.602325 	77.620872 	59.933296 	89.196411 	42.638012 	40.459858 	86.954010 	999.000000 	41.109608 	101.533249 	53.712196 	90.553848 	82.462112 	
38.327538 	84.172440 	24.083189 	22.000000 	101.980392 	15.556349 	19.026299 	113.216606 	23.086792 	15.033297 	40.816662 	17.262676 	18.973665 	48.010414 	10.198039 	10.000000 	117.618027 	46.400433 	121.642921 	42.011902 	46.227695 	93.744331 	5.830952 	5.385165 	64.031242 	40.311287 	45.221676 	4.000000 	44.271889 	4.123106 	62.641838 	32.557640 	115.762688 	99.045441 	126.657021 	2.000000 	1.000000 	47.169907 	41.109608 	999.000000 	62.297672 	93.407707 	50.695168 	120.739388 	
37.202152 	134.380051 	75.213028 	72.422371 	152.161102 	57.140179 	71.561165 	162.373032 	78.230431 	67.742157 	97.082436 	72.201111 	75.292763 	105.118980 	64.412735 	57.245087 	167.836227 	104.009613 	171.493439 	100.169853 	104.307236 	148.070923 	58.694122 	58.309521 	5.000000 	99.849884 	17.088007 	63.694584 	18.027756 	58.872746 	2.236068 	93.021500 	168.291412 	153.808319 	177.654160 	60.406952 	62.625874 	15.297058 	101.533249 	62.297672 	999.000000 	149.305054 	12.041595 	173.242599 	
113.718948 	23.194826 	74.330345 	77.155685 	22.203604 	92.698433 	78.492035 	30.675724 	72.138756 	82.734512 	53.075417 	78.517517 	75.742989 	45.453274 	87.045967 	94.069122 	31.257000 	47.010635 	35.128338 	51.400391 	47.201694 	6.403124 	94.260277 	95.015785 	149.201202 	53.535034 	133.206604 	90.271812 	132.457535 	95.131485 	148.838837 	61.587337 	25.179358 	7.000000 	37.215588 	94.641426 	92.617493 	135.948517 	53.712196 	93.407707 	149.305054 	999.000000 	139.517029 	29.614185 	
30.675724 	125.606529 	65.192024 	62.369865 	143.533966 	46.861500 	61.220913 	154.012985 	67.801178 	57.201397 	86.833176 	61.611687 	64.637451 	94.810333 	53.535034 	46.324940 	159.298462 	93.600212 	163.049072 	89.627007 	93.813644 	138.600143 	47.413078 	46.957428 	15.297058 	89.044930 	6.403124 	52.325901 	7.071068 	47.423622 	13.038404 	81.987801 	159.289047 	144.277512 	169.008881 	48.846699 	51.078373 	3.605551 	90.553848 	50.695168 	12.041595 	139.517029 	999.000000 	164.268066 	
136.561340 	38.948685 	99.809822 	102.615791 	21.954498 	118.067780 	104.403069 	16.000000 	98.473343 	108.811768 	79.924965 	104.861816 	102.342560 	72.945183 	113.463654 	120.208153 	10.198039 	74.706093 	10.816654 	79.177017 	75.133217 	27.313000 	120.929733 	121.757957 	172.586212 	81.859634 	157.876541 	117.345642 	157.206863 	122.036880 	172.539856 	89.899948 	5.000000 	22.803509 	8.246211 	121.794907 	119.887444 	160.776245 	82.462112 	120.739388 	173.242599 	29.614185 	164.268066 	999.000000 	

Travel time:
9.000000 	2.440543 	1.035918 	0.972432 	2.881514 	0.650481 	0.976281 	3.132990 	1.140175 	0.908639 	1.578963 	1.015197 	1.093446 	1.779396 	0.875000 	0.731864 	3.271563 	1.759616 	3.361733 	1.676678 	1.773415 	2.800112 	0.818917 	0.824621 	0.901734 	1.693000 	0.618466 	0.937083 	0.612882 	0.855132 	0.905883 	1.554228 	3.291087 	2.945017 	3.518256 	0.910014 	0.951972 	0.697316 	1.752320 	0.958188 	0.930054 	2.842974 	0.766893 	3.414033 	
2.440543 	9.000000 	1.547781 	1.616516 	0.450694 	1.997029 	1.668270 	0.726722 	1.531747 	1.779923 	1.099147 	1.688380 	1.632674 	0.961769 	1.901480 	2.062311 	0.845946 	1.011187 	0.943398 	1.118034 	1.032594 	0.450694 	2.091202 	2.113350 	3.341501 	1.209339 	2.980143 	2.013237 	2.964056 	2.124264 	3.341126 	1.397542 	0.851469 	0.583631 	1.085415 	2.125000 	2.081466 	3.053686 	1.252248 	2.104311 	3.359501 	0.579871 	3.140163 	0.973717 	
1.035918 	1.547781 	9.000000 	0.070711 	1.998124 	0.459619 	0.127475 	2.272938 	0.134629 	0.237171 	0.548862 	0.176777 	0.180278 	0.750417 	0.364006 	0.514782 	2.392958 	0.726722 	2.491109 	0.640800 	0.738664 	1.839837 	0.553399 	0.577170 	1.886796 	0.661910 	1.472455 	0.502494 	1.453444 	0.594243 	1.872164 	0.552268 	2.370258 	1.980215 	2.627975 	0.608276 	0.577170 	1.540495 	0.728869 	0.602080 	1.880326 	1.858259 	1.629801 	2.495245 	
0.972432 	1.616516 	0.070711 	9.000000 	2.067003 	0.388909 	0.079057 	2.341207 	0.175000 	0.176777 	0.617454 	0.145774 	0.180278 	0.818917 	0.304138 	0.447214 	2.461961 	0.794119 	2.559907 	0.705780 	0.805062 	1.910497 	0.491172 	0.515388 	1.817966 	0.721543 	1.402007 	0.450000 	1.382932 	0.534439 	1.802776 	0.600000 	2.440415 	2.050914 	2.697453 	0.552268 	0.525000 	1.469906 	0.785016 	0.550000 	1.810559 	1.928892 	1.559247 	2.565395 	
2.881514 	0.450694 	1.998124 	2.067003 	9.000000 	2.447703 	2.118077 	0.285044 	1.979425 	2.229630 	1.536636 	2.136878 	2.079664 	1.384061 	2.350532 	2.512469 	0.395285 	1.432000 	0.493077 	1.542117 	1.449353 	0.403113 	2.539931 	2.561860 	3.783186 	1.625000 	3.428283 	2.459675 	3.412477 	2.572086 	3.784508 	1.820028 	0.436606 	0.425735 	0.637377 	2.571478 	2.526979 	3.502232 	1.657181 	2.549510 	3.804028 	0.555090 	3.588349 	0.548862 	
0.650481 	1.997029 	0.459619 	0.388909 	2.447703 	9.000000 	0.360555 	2.718915 	0.527376 	0.269258 	1.000000 	0.380789 	0.459619 	1.200260 	0.226385 	0.145774 	2.842974 	1.171804 	2.939919 	1.076162 	1.179248 	2.299185 	0.250000 	0.270416 	1.442654 	1.073837 	1.015197 	0.325960 	0.995615 	0.305164 	1.423464 	0.917197 	2.826769 	2.439775 	3.080584 	0.355317 	0.371652 	1.081954 	1.123610 	0.388909 	1.428504 	2.317461 	1.171538 	2.951694 	
0.976281 	1.668270 	0.127475 	0.079057 	2.118077 	0.360555 	9.000000 	2.394264 	0.167705 	0.111803 	0.640312 	0.070711 	0.127475 	0.840015 	0.237171 	0.395285 	2.512469 	0.811249 	2.611154 	0.716327 	0.818917 	1.949679 	0.427200 	0.450694 	1.801735 	0.719809 	1.375000 	0.375832 	1.355083 	0.467039 	1.783606 	0.579871 	2.485080 	2.088660 	2.745906 	0.480885 	0.450694 	1.440703 	0.776209 	0.475657 	1.789029 	1.962301 	1.530523 	2.610077 	
3.132990 	0.726722 	2.272938 	2.341207 	0.285044 	2.718915 	2.394264 	9.000000 	2.258456 	2.505993 	1.820028 	2.415057 	2.359290 	1.669019 	2.627975 	2.787696 	0.158114 	1.717010 	0.230489 	1.827054 	1.734395 	0.637377 	2.817801 	2.840004 	4.034383 	1.910007 	3.690274 	2.739754 	3.675085 	2.850987 	4.038100 	2.105053 	0.340037 	0.604152 	0.403113 	2.851535 	2.807690 	3.765053 	1.941649 	2.830415 	4.059326 	0.766893 	3.850325 	0.400000 	
1.140175 	1.531747 	0.134629 	0.175000 	1.979425 	0.527376 	0.167705 	2.258456 	9.000000 	0.265754 	0.477624 	0.160078 	0.103078 	0.675463 	0.375000 	0.548293 	2.372367 	0.645174 	2.472094 	0.548862 	0.651920 	1.796003 	0.561805 	0.583095 	1.969296 	0.553399 	1.540292 	0.482830 	1.520074 	0.592663 	1.950801 	0.425000 	2.336932 	1.933423 	2.602523 	0.594243 	0.553399 	1.605070 	0.612882 	0.577170 	1.955761 	1.803469 	1.695029 	2.461833 	
0.908639 	1.779923 	0.237171 	0.176777 	2.229630 	0.269258 	0.111803 	2.505993 	0.265754 	9.000000 	0.743303 	0.111803 	0.190394 	0.941076 	0.127475 	0.285044 	2.623928 	0.910014 	2.722705 	0.811249 	0.915492 	2.058215 	0.316228 	0.340037 	1.710629 	0.805062 	1.275980 	0.276134 	1.255488 	0.357946 	1.690044 	0.649038 	2.595308 	2.196588 	2.857009 	0.375832 	0.350892 	1.340009 	0.854400 	0.375832 	1.693554 	2.068363 	1.430035 	2.720294 	
1.578963 	1.099147 	0.548862 	0.617454 	1.536636 	1.000000 	0.640312 	1.820028 	0.477624 	0.743303 	9.000000 	0.636396 	0.566789 	0.201556 	0.849264 	1.025305 	1.924188 	0.182003 	2.025617 	0.134629 	0.201556 	1.325236 	1.030776 	1.050297 	2.435416 	0.230489 	2.015099 	0.936082 	1.995307 	1.055047 	2.419969 	0.333542 	1.873666 	1.460308 	2.147091 	1.047020 	0.999062 	2.081015 	0.320156 	1.020416 	2.427061 	1.326885 	2.170829 	1.998124 	
1.015197 	1.688380 	0.176777 	0.145774 	2.136878 	0.380789 	0.070711 	2.415057 	0.160078 	0.111803 	0.636396 	9.000000 	0.079057 	0.832541 	0.215058 	0.388909 	2.530316 	0.800391 	2.629757 	0.700446 	0.805062 	1.956080 	0.403113 	0.425000 	1.822430 	0.693271 	1.386768 	0.333542 	1.366108 	0.436606 	1.801735 	0.539676 	2.496623 	2.093442 	2.761340 	0.443001 	0.406971 	1.450216 	0.743303 	0.431567 	1.805028 	1.962938 	1.540292 	2.621545 	
1.093446 	1.632674 	0.180278 	0.180278 	2.079664 	0.459619 	0.127475 	2.359290 	0.103078 	0.190394 	0.566789 	0.079057 	9.000000 	0.760345 	0.282843 	0.460977 	2.472094 	0.726722 	2.572086 	0.625000 	0.730154 	1.890106 	0.465027 	0.485412 	1.900658 	0.614919 	1.463087 	0.380789 	1.442220 	0.493077 	1.879495 	0.460977 	2.433747 	2.026388 	2.701157 	0.492443 	0.450694 	1.525820 	0.664266 	0.474342 	1.882319 	1.893575 	1.615936 	2.558564 	
1.779396 	0.961769 	0.750417 	0.818917 	1.384061 	1.200260 	0.840015 	1.669019 	0.675463 	0.941076 	0.201556 	0.832541 	0.760345 	9.000000 	1.043132 	1.220912 	1.764405 	0.050000 	1.866815 	0.158114 	0.079057 	1.144825 	1.220912 	1.239455 	2.636878 	0.250000 	2.215006 	1.120547 	2.195023 	1.241974 	2.621188 	0.436606 	1.700000 	1.275980 	1.980057 	1.230091 	1.180042 	2.280351 	0.309233 	1.200260 	2.627975 	1.136332 	2.370258 	1.823630 	
0.875000 	1.901480 	0.364006 	0.304138 	2.350532 	0.226385 	0.237171 	2.627975 	0.375000 	0.127475 	0.849264 	0.215058 	0.282843 	1.043132 	9.000000 	0.180278 	2.744312 	1.009022 	2.843524 	0.905883 	1.011496 	2.170829 	0.190394 	0.213600 	1.634778 	0.887764 	1.187697 	0.158114 	1.166190 	0.230489 	1.610124 	0.715891 	2.711665 	2.307867 	2.975945 	0.250000 	0.230489 	1.248249 	0.928036 	0.254951 	1.610318 	2.176149 	1.338376 	2.836591 	
0.731864 	2.062311 	0.514782 	0.447214 	2.512469 	0.145774 	0.395285 	2.787696 	0.548293 	0.285044 	1.025305 	0.388909 	0.460977 	1.220912 	0.180278 	9.000000 	2.907103 	1.187697 	3.005516 	1.085415 	1.190850 	2.343075 	0.106066 	0.125000 	1.457738 	1.068001 	1.007782 	0.206155 	0.986154 	0.160078 	1.431782 	0.894427 	2.880213 	2.481179 	3.141059 	0.212132 	0.235850 	1.068001 	1.107362 	0.250000 	1.431127 	2.351728 	1.158123 	3.005204 	
3.271563 	0.845946 	2.392958 	2.461961 	0.395285 	2.842974 	2.512469 	0.158114 	2.372367 	2.623928 	1.924188 	2.530316 	2.472094 	1.764405 	2.744312 	2.907103 	9.000000 	1.811249 	0.103078 	1.922401 	1.826369 	0.675463 	2.933428 	2.955186 	4.173278 	2.000156 	3.822385 	2.851535 	3.806737 	2.964899 	4.175673 	2.198010 	0.230489 	0.608276 	0.250000 	2.963317 	2.918154 	3.896553 	2.026080 	2.940451 	4.195906 	0.781425 	3.982461 	0.254951 	
1.759616 	1.011187 	0.726722 	0.794119 	1.432000 	1.171804 	0.811249 	1.717010 	0.645174 	0.910014 	0.182003 	0.800391 	0.726722 	0.050000 	1.009022 	1.187697 	1.811249 	9.000000 	1.913766 	0.111803 	0.035355 	1.187697 	1.184536 	1.202601 	2.611154 	0.200000 	2.185463 	1.081954 	2.165208 	1.204159 	2.594345 	0.388104 	1.744276 	1.317431 	2.025617 	1.190850 	1.140175 	2.250000 	0.261008 	1.160011 	2.600240 	1.175266 	2.340005 	1.867652 	
3.361733 	0.943398 	2.491109 	2.559907 	0.493077 	2.939919 	2.611154 	0.230489 	2.472094 	2.722705 	2.025617 	2.629757 	2.572086 	1.866815 	2.843524 	3.005516 	0.103078 	1.913766 	9.000000 	2.024846 	1.929054 	0.776611 	3.032841 	3.054709 	4.263288 	2.102974 	3.916152 	2.951800 	3.900721 	3.064719 	4.266512 	2.300679 	0.291548 	0.704006 	0.182003 	3.063597 	3.018692 	3.990614 	2.129114 	3.041073 	4.287336 	0.878208 	4.076227 	0.270416 	
1.676678 	1.118034 	0.640800 	0.705780 	1.542117 	1.076162 	0.716327 	1.827054 	0.548862 	0.811249 	0.134629 	0.700446 	0.625000 	0.158114 	0.905883 	1.085415 	1.922401 	0.111803 	2.024846 	9.000000 	0.106066 	1.299279 	1.078483 	1.096016 	2.518060 	0.111803 	2.087163 	0.973717 	2.066549 	1.096586 	2.499625 	0.279509 	1.856071 	1.428504 	2.137317 	1.081954 	1.030776 	2.150581 	0.195256 	1.050297 	2.504246 	1.285010 	2.240675 	1.979425 	
1.773415 	1.032594 	0.738664 	0.805062 	1.449353 	1.179248 	0.818917 	1.734395 	0.651920 	0.915492 	0.201556 	0.805062 	0.730154 	0.079057 	1.011496 	1.190850 	1.826369 	0.035355 	1.929054 	0.106066 	9.000000 	1.197132 	1.184536 	1.202081 	2.620234 	0.176777 	2.191461 	1.079641 	2.170973 	1.202601 	2.602523 	0.371652 	1.755349 	1.325000 	2.038535 	1.187697 	1.136332 	2.255271 	0.230489 	1.155692 	2.607681 	1.180042 	2.345341 	1.878330 	
2.800112 	0.450694 	1.839837 	1.910497 	0.403113 	2.299185 	1.949679 	0.637377 	1.796003 	2.058215 	1.325236 	1.956080 	1.890106 	1.144825 	2.170829 	2.343075 	0.675463 	1.187697 	0.776611 	1.299279 	1.197132 	9.000000 	2.355048 	2.375000 	3.693914 	1.364047 	3.306150 	2.261084 	3.288237 	2.380257 	3.687818 	1.565248 	0.561805 	0.145774 	0.855132 	2.371708 	2.322849 	3.376481 	1.378858 	2.343608 	3.701773 	0.160078 	3.465003 	0.682825 	
0.818917 	2.091202 	0.553399 	0.491172 	2.539931 	0.250000 	0.427200 	2.817801 	0.561805 	0.316228 	1.030776 	0.403113 	0.465027 	1.220912 	0.190394 	0.106066 	2.933428 	1.184536 	3.032841 	1.078483 	1.184536 	2.355048 	9.000000 	0.025000 	1.502082 	1.050297 	1.040733 	0.127475 	1.017964 	0.055902 	1.471819 	0.866747 	2.898383 	2.490984 	3.164253 	0.106066 	0.134629 	1.095730 	1.081665 	0.145774 	1.467353 	2.356507 	1.185327 	3.023243 	
0.824621 	2.113350 	0.577170 	0.515388 	2.561860 	0.270416 	0.450694 	2.840004 	0.583095 	0.340037 	1.050297 	0.425000 	0.485412 	1.239455 	0.213600 	0.125000 	2.955186 	1.202601 	3.054709 	1.096016 	1.202081 	2.375000 	0.025000 	9.000000 	1.494365 	1.065950 	1.030776 	0.134629 	1.007782 	0.035355 	1.463087 	0.880696 	2.919118 	2.510602 	3.185612 	0.090139 	0.127475 	1.084551 	1.095730 	0.134629 	1.457738 	2.375395 	1.173936 	3.043949 	
0.901734 	3.341501 	1.886796 	1.817966 	3.783186 	1.442654 	1.801735 	4.034383 	1.969296 	1.710629 	2.435416 	1.822430 	1.900658 	2.636878 	1.634778 	1.457738 	4.173278 	2.611154 	4.263288 	2.518060 	2.620234 	3.693914 	1.502082 	1.494365 	9.000000 	2.515577 	0.477624 	1.628650 	0.502494 	1.511001 	0.070711 	2.350532 	4.191435 	3.838131 	4.419983 	1.552418 	1.607210 	0.450694 	2.561494 	1.600781 	0.125000 	3.730030 	0.382426 	4.314655 	
1.693000 	1.209339 	0.661910 	0.721543 	1.625000 	1.073837 	0.719809 	1.910007 	0.553399 	0.805062 	0.230489 	0.693271 	0.614919 	0.250000 	0.887764 	1.068001 	2.000156 	0.200000 	2.102974 	0.111803 	0.176777 	1.364047 	1.050297 	1.065950 	2.515577 	9.000000 	2.075151 	0.938416 	2.053807 	1.063015 	2.494118 	0.201556 	1.924188 	1.488497 	2.209779 	1.043132 	0.989950 	2.136001 	0.090139 	1.007782 	2.496247 	1.338376 	2.226123 	2.046491 	
0.618466 	2.980143 	1.472455 	1.402007 	3.428283 	1.015197 	1.375000 	3.690274 	1.540292 	1.275980 	2.015099 	1.386768 	1.463087 	2.215006 	1.187697 	1.007782 	3.822385 	2.185463 	3.916152 	2.087163 	2.191461 	3.306150 	1.040733 	1.030776 	0.477624 	2.075151 	9.000000 	1.165386 	0.025000 	1.044629 	0.436606 	1.901480 	3.822467 	3.448278 	4.065172 	1.083109 	1.138530 	0.079057 	2.114976 	1.130542 	0.427200 	3.330165 	0.160078 	3.946913 	
0.937083 	2.013237 	0.502494 	0.450000 	2.459675 	0.325960 	0.375832 	2.739754 	0.482830 	0.276134 	0.936082 	0.333542 	0.380789 	1.120547 	0.158114 	0.206155 	2.851535 	1.081954 	2.951800 	0.973717 	1.079641 	2.261084 	0.127475 	0.134629 	1.628650 	0.938416 	1.165386 	9.000000 	1.142366 	0.125000 	1.597655 	0.750000 	2.809026 	2.395047 	3.079164 	0.111803 	0.075000 	1.218862 	0.965013 	0.100000 	1.592365 	2.256795 	1.308148 	2.933641 	
0.612882 	2.964056 	1.453444 	1.382932 	3.412477 	0.995615 	1.355083 	3.675085 	1.520074 	1.255488 	1.995307 	1.366108 	1.442220 	2.195023 	1.166190 	0.986154 	3.806737 	2.165208 	3.900721 	2.066549 	2.170973 	3.288237 	1.017964 	1.007782 	0.502494 	2.053807 	0.025000 	1.142366 	9.000000 	1.021335 	0.460977 	1.879495 	3.805670 	3.430197 	4.049228 	1.059481 	1.114955 	0.090139 	2.093144 	1.106797 	0.450694 	3.311438 	0.176777 	3.930171 	
0.855132 	2.124264 	0.594243 	0.534439 	2.572086 	0.305164 	0.467039 	2.850987 	0.592663 	0.357946 	1.055047 	0.436606 	0.493077 	1.241974 	0.230489 	0.160078 	2.964899 	1.204159 	3.064719 	1.096586 	1.202601 	2.380257 	0.055902 	0.035355 	1.511001 	1.063015 	1.044629 	0.125000 	1.021335 	9.000000 	1.478386 	0.875000 	2.926175 	2.515079 	3.194233 	0.055902 	0.100000 	1.096586 	1.090011 	0.103078 	1.471819 	2.378287 	1.185591 	3.050922 	
0.905883 	3.341126 	1.872164 	1.802776 	3.784508 	1.423464 	1.783606 	4.038100 	1.950801 	1.690044 	2.419969 	1.801735 	1.879495 	2.621188 	1.610124 	1.431782 	4.175673 	2.594345 	4.266512 	2.499625 	2.602523 	3.687818 	1.471819 	1.463087 	0.070711 	2.494118 	0.436606 	1.597655 	0.460977 	1.478386 	9.000000 	2.325941 	4.189943 	3.831612 	4.421679 	1.518223 	1.573412 	0.400780 	2.537962 	1.566046 	0.055902 	3.720971 	0.325960 	4.313497 	
1.554228 	1.397542 	0.552268 	0.600000 	1.820028 	0.917197 	0.579871 	2.105053 	0.425000 	0.649038 	0.333542 	0.539676 	0.460977 	0.436606 	0.715891 	0.894427 	2.198010 	0.388104 	2.300679 	0.279509 	0.371652 	1.565248 	0.866747 	0.880696 	2.350532 	0.201556 	1.901480 	0.750000 	1.879495 	0.875000 	2.325941 	9.000000 	2.125000 	1.690044 	2.409616 	0.851469 	0.797261 	1.959751 	0.215058 	0.813941 	2.325537 	1.539683 	2.049695 	2.247499 	
3.291087 	0.851469 	2.370258 	2.440415 	0.436606 	2.826769 	2.485080 	0.340037 	2.336932 	2.595308 	1.873666 	2.496623 	2.433747 	1.700000 	2.711665 	2.880213 	0.230489 	1.744276 	0.291548 	1.856071 	1.755349 	0.561805 	2.898383 	2.919118 	4.191435 	1.924188 	3.822467 	2.809026 	3.805670 	2.926175 	4.189943 	2.125000 	9.000000 	0.456207 	0.301040 	2.920295 	2.872716 	3.894868 	1.940522 	2.894067 	4.207285 	0.629484 	3.982226 	0.125000 	
2.945017 	0.583631 	1.980215 	2.050914 	0.425735 	2.439775 	2.088660 	0.604152 	1.933423 	2.196588 	1.460308 	2.093442 	2.026388 	1.275980 	2.307867 	2.481179 	0.608276 	1.317431 	0.704006 	1.428504 	1.325000 	0.145774 	2.490984 	2.510602 	3.838131 	1.488497 	3.448278 	2.395047 	3.430197 	2.515079 	3.831612 	1.690044 	0.456207 	9.000000 	0.756637 	2.505244 	2.455733 	3.518256 	1.498332 	2.476136 	3.845208 	0.175000 	3.606938 	0.570088 	
3.518256 	1.085415 	2.627975 	2.697453 	0.637377 	3.080584 	2.745906 	0.403113 	2.602523 	2.857009 	2.147091 	2.761340 	2.701157 	1.980057 	2.975945 	3.141059 	0.250000 	2.025617 	0.182003 	2.137317 	2.038535 	0.855132 	3.164253 	3.185612 	4.419983 	2.209779 	4.065172 	3.079164 	4.049228 	3.194233 	4.421679 	2.409616 	0.301040 	0.756637 	9.000000 	3.190807 	3.144539 	4.138916 	2.229910 	3.166425 	4.441354 	0.930390 	4.225222 	0.206155 	
0.910014 	2.125000 	0.608276 	0.552268 	2.571478 	0.355317 	0.480885 	2.851535 	0.594243 	0.375832 	1.047020 	0.443001 	0.492443 	1.230091 	0.250000 	0.212132 	2.963317 	1.190850 	3.063597 	1.081954 	1.187697 	2.371708 	0.106066 	0.090139 	1.552418 	1.043132 	1.083109 	0.111803 	1.059481 	0.055902 	1.518223 	0.851469 	2.920295 	2.505244 	3.190807 	9.000000 	0.055902 	1.132751 	1.065950 	0.050000 	1.510174 	2.366036 	1.221167 	3.044873 	
0.951972 	2.081466 	0.577170 	0.525000 	2.526979 	0.371652 	0.450694 	2.807690 	0.553399 	0.350892 	0.999062 	0.406971 	0.450694 	1.180042 	0.230489 	0.235850 	2.918154 	1.140175 	3.018692 	1.030776 	1.136332 	2.322849 	0.134629 	0.127475 	1.607210 	0.989950 	1.138530 	0.075000 	1.114955 	0.100000 	1.573412 	0.797261 	2.872716 	2.455733 	3.144539 	0.055902 	9.000000 	1.188486 	1.011496 	0.025000 	1.565647 	2.315437 	1.276959 	2.997186 	
0.697316 	3.053686 	1.540495 	1.469906 	3.502232 	1.081954 	1.440703 	3.765053 	1.605070 	1.340009 	2.081015 	1.450216 	1.525820 	2.280351 	1.248249 	1.068001 	3.896553 	2.250000 	3.990614 	2.150581 	2.255271 	3.376481 	1.095730 	1.084551 	0.450694 	2.136001 	0.079057 	1.218862 	0.090139 	1.096586 	0.400780 	1.959751 	3.894868 	3.518256 	4.138916 	1.132751 	1.188486 	9.000000 	2.173850 	1.179248 	0.382426 	3.398713 	0.090139 	4.019406 	
1.752320 	1.252248 	0.728869 	0.785016 	1.657181 	1.123610 	0.776209 	1.941649 	0.612882 	0.854400 	0.320156 	0.743303 	0.664266 	0.309233 	0.928036 	1.107362 	2.026080 	0.261008 	2.129114 	0.195256 	0.230489 	1.378858 	1.081665 	1.095730 	2.561494 	0.090139 	2.114976 	0.965013 	2.093144 	1.090011 	2.537962 	0.215058 	1.940522 	1.498332 	2.229910 	1.065950 	1.011496 	2.173850 	9.000000 	1.027740 	2.538331 	1.342805 	2.263846 	2.061553 	
0.958188 	2.104311 	0.602080 	0.550000 	2.549510 	0.388909 	0.475657 	2.830415 	0.577170 	0.375832 	1.020416 	0.431567 	0.474342 	1.200260 	0.254951 	0.250000 	2.940451 	1.160011 	3.041073 	1.050297 	1.155692 	2.343608 	0.145774 	0.134629 	1.600781 	1.007782 	1.130542 	0.100000 	1.106797 	0.103078 	1.566046 	0.813941 	2.894067 	2.476136 	3.166425 	0.050000 	0.025000 	1.179248 	1.027740 	9.000000 	1.557442 	2.335193 	1.267379 	3.018485 	
0.930054 	3.359501 	1.880326 	1.810559 	3.804028 	1.428504 	1.789029 	4.059326 	1.955761 	1.693554 	2.427061 	1.805028 	1.882319 	2.627975 	1.610318 	1.431127 	4.195906 	2.600240 	4.287336 	2.504246 	2.607681 	3.701773 	1.467353 	1.457738 	0.125000 	2.496247 	0.427200 	1.592365 	0.450694 	1.471819 	0.055902 	2.325537 	4.207285 	3.845208 	4.441354 	1.510174 	1.565647 	0.382426 	2.538331 	1.557442 	9.000000 	3.732626 	0.301040 	4.331065 	
