Total assets = 672
Number of asset nodes = 40

Distance:
999.000000 	74.686012 	60.539242 	16.643316 	38.948685 	58.821766 	56.400356 	72.111023 	48.795490 	9.433981 	17.029387 	19.416489 	65.551506 	50.209560 	25.961510 	58.694122 	73.878281 	24.186773 	52.630791 	61.522354 	40.311287 	20.223749 	82.200974 	61.554855 	23.021729 	49.648766 	75.073296 	38.078865 	24.083189 	23.194826 	28.160255 	72.862885 	30.066593 	36.400551 	45.617977 	24.738634 	37.363083 	31.016125 	93.236259 	41.761227 	91.678787 	52.773098 	88.617157 	84.899940 	40.607880 	31.575306 	81.344948 	54.129475 	28.319605 	62.433964 	36.055511 	47.539455 	37.121422 	
74.686012 	999.000000 	15.132746 	91.241440 	111.772087 	19.026299 	22.022715 	141.767410 	32.015621 	80.056229 	60.464867 	88.005684 	130.831955 	123.422043 	60.530983 	131.745972 	17.204651 	64.629715 	34.928497 	134.525085 	114.947815 	92.027168 	152.502457 	134.792435 	95.519630 	39.812057 	20.248457 	112.729767 	69.584480 	94.868332 	64.195015 	145.206757 	65.069191 	110.693268 	47.675991 	73.552704 	111.615410 	103.730423 	25.709921 	116.077560 	162.606888 	127.455872 	160.078110 	157.003189 	60.406952 	101.651367 	28.231188 	128.809937 	86.833176 	136.952545 	69.065186 	56.515484 	70.114189 	
60.539242 	15.132746 	999.000000 	77.175125 	98.407318 	5.000000 	7.615773 	129.402466 	17.262676 	65.391129 	47.423622 	75.073296 	119.331474 	110.000000 	45.398239 	118.406082 	16.763054 	49.497475 	21.470911 	121.210564 	100.846420 	77.252831 	140.035706 	121.400162 	80.777473 	26.000000 	19.416489 	98.412399 	54.451813 	80.056229 	49.091751 	132.136292 	50.009998 	96.176918 	33.526108 	58.420887 	97.082436 	88.955048 	34.205261 	101.552940 	150.013336 	113.251930 	147.322769 	144.045135 	45.891174 	86.683334 	28.284271 	114.529472 	71.700768 	122.967476 	54.230988 	42.720020 	55.326305 	
16.643316 	91.241440 	77.175125 	999.000000 	23.323807 	75.451973 	73.006851 	57.245087 	65.192024 	15.231546 	32.015621 	14.142136 	52.952808 	34.058773 	39.962482 	42.520584 	90.426765 	37.121422 	68.622154 	45.343136 	23.706539 	13.416408 	66.887962 	45.276924 	13.453624 	65.299309 	91.547798 	21.840330 	35.114101 	15.000000 	40.718548 	56.850681 	42.154476 	21.023796 	60.464867 	33.955853 	22.022715 	18.788294 	109.808922 	26.172504 	76.026314 	36.249138 	72.801102 	68.883957 	53.310413 	22.671568 	97.590981 	37.696156 	30.413813 	45.793011 	46.572525 	60.835846 	47.296936 	
38.948685 	111.772087 	98.407318 	23.323807 	999.000000 	97.185387 	94.921021 	34.014702 	87.692642 	38.470768 	51.312767 	24.166092 	32.062439 	11.661903 	63.285069 	20.000000 	112.538879 	60.415230 	91.547798 	22.803509 	12.727922 	32.557640 	43.566040 	23.021729 	30.149628 	88.408142 	113.863953 	16.643316 	58.180752 	32.140316 	63.953106 	33.941124 	65.306969 	21.023796 	83.761566 	56.648037 	21.470911 	28.442924 	131.795303 	22.022715 	52.801514 	21.587032 	49.678970 	45.967381 	76.485291 	35.355339 	120.282997 	23.769728 	50.487621 	27.294687 	69.289246 	84.077347 	69.892776 	
58.821766 	19.026299 	5.000000 	75.451973 	97.185387 	999.000000 	3.000000 	128.763351 	13.000000 	63.063461 	46.754681 	74.249580 	119.201508 	108.706024 	41.976185 	117.153748 	15.811388 	46.097721 	16.552946 	119.970833 	99.020203 	74.732857 	139.316193 	120.104118 	78.294319 	21.189621 	17.888544 	96.384644 	50.990196 	77.472572 	45.398239 	131.045792 	46.173584 	93.941475 	28.861740 	54.918121 	94.826157 	86.406021 	34.655445 	99.297531 	149.201202 	111.305885 	146.413803 	143.010483 	41.436699 	83.815269 	26.248810 	112.507774 	68.249542 	121.202309 	50.039986 	37.947330 	51.088158 	
56.400356 	22.022715 	7.615773 	73.006851 	94.921021 	3.000000 	999.000000 	126.732002 	10.000000 	60.415230 	44.821869 	72.180328 	117.413795 	106.404884 	39.051247 	114.865135 	17.691807 	43.174065 	13.892444 	117.686020 	96.519424 	72.013885 	137.244308 	117.796432 	75.584389 	18.384777 	19.416489 	93.813644 	48.052055 	74.732857 	42.426407 	128.817703 	43.185646 	91.301697 	25.961510 	51.971146 	92.179176 	83.671982 	36.878178 	96.648849 	147.085007 	108.756607 	144.256714 	140.801285 	38.470768 	80.993828 	27.313000 	109.931801 	65.306969 	118.713943 	47.042534 	35.114101 	48.093658 	
72.111023 	141.767410 	129.402466 	57.245087 	34.014702 	128.763351 	126.732002 	999.000000 	120.253899 	72.449982 	82.036575 	54.561890 	16.031219 	25.317978 	97.128784 	19.104973 	144.422989 	94.366310 	124.619423 	17.464249 	40.311287 	66.098412 	10.816654 	18.681541 	63.324562 	121.757957 	146.000000 	45.276924 	92.195442 	65.253349 	97.943863 	12.206555 	99.317673 	50.249378 	117.477661 	90.620087 	50.159744 	59.682495 	163.379929 	48.000000 	21.095022 	36.674240 	19.313208 	18.110771 	110.494347 	66.610809 	152.895386 	38.078865 	83.677956 	29.966648 	103.247276 	118.067780 	103.817146 	
48.795490 	32.015621 	17.262676 	65.192024 	87.692642 	13.000000 	10.000000 	120.253899 	999.000000 	51.865211 	39.357338 	65.802734 	111.830231 	99.005051 	29.410883 	107.489532 	25.553865 	33.526108 	7.280110 	110.317726 	88.408142 	63.134777 	130.598618 	110.344917 	66.730804 	9.899495 	26.400757 	85.445892 	38.327538 	65.764732 	32.557640 	121.630585 	33.241539 	82.680107 	16.552946 	42.201897 	83.528435 	74.706093 	44.944408 	87.982956 	140.264038 	100.439034 	137.295303 	133.660019 	28.635643 	71.693794 	32.649654 	101.513542 	55.542778 	110.602890 	37.054016 	25.942244 	38.118237 	
9.433981 	80.056229 	65.391129 	15.231546 	38.470768 	63.063461 	60.415230 	72.449982 	51.865211 	999.000000 	25.709921 	24.331051 	67.911705 	48.826221 	25.000000 	57.201397 	77.388626 	21.954498 	54.561890 	60.000000 	36.796738 	12.165525 	81.987801 	59.816387 	15.524175 	50.911690 	78.236816 	33.600594 	19.924858 	15.132746 	25.495098 	71.610054 	26.925823 	30.886890 	45.607018 	19.104973 	31.764761 	23.769728 	96.798759 	36.235340 	90.972527 	48.600410 	87.658424 	83.600243 	38.078865 	23.021729 	83.737686 	49.648766 	19.416489 	58.898216 	31.575306 	45.617977 	32.388271 	
17.029387 	60.464867 	47.423622 	32.015621 	51.312767 	46.754681 	44.821869 	82.036575 	39.357338 	25.709921 	999.000000 	27.658634 	72.670486 	62.968246 	27.856777 	71.281136 	62.481998 	28.653097 	44.944408 	74.060783 	55.362442 	37.215588 	92.633690 	74.330345 	40.049969 	43.416588 	64.202805 	53.851646 	31.400637 	40.199501 	32.202484 	84.811554 	34.438351 	52.773098 	42.107006 	33.970577 	53.758720 	48.000000 	81.344948 	58.051701 	102.591423 	68.007355 	99.904953 	96.674713 	42.201897 	48.507732 	71.561165 	69.570107 	42.190044 	76.967529 	41.593269 	47.265209 	42.941822 	
19.416489 	88.005684 	75.073296 	14.142136 	24.166092 	74.249580 	72.180328 	54.561890 	65.802734 	24.331051 	27.658634 	999.000000 	46.518814 	35.777088 	45.354160 	43.908997 	89.872131 	43.566040 	70.491135 	46.647614 	31.016125 	27.202942 	65.069191 	47.010635 	27.586229 	68.000000 	91.438507 	31.257000 	43.046486 	29.068884 	47.518417 	57.201397 	49.365982 	32.280025 	64.621979 	43.046486 	33.241539 	32.449963 	108.894447 	36.674240 	74.966660 	43.289722 	72.249565 	69.028976 	60.016663 	36.796738 	98.407318 	45.177429 	42.720020 	50.960770 	55.036350 	66.940269 	56.008926 	
65.551506 	130.831955 	119.331474 	52.952808 	32.062439 	119.201508 	117.413795 	16.031219 	111.830231 	67.911705 	72.670486 	46.518814 	999.000000 	28.635643 	91.416626 	26.907248 	135.000000 	89.185204 	116.846054 	26.907248 	42.449970 	64.124878 	25.495098 	28.319605 	62.008064 	114.490173 	136.824707 	47.296936 	87.800911 	64.007812 	93.005379 	27.202942 	94.641426 	52.172791 	111.085556 	86.884979 	52.392746 	60.406952 	153.525238 	51.546097 	35.440090 	43.566040 	34.525352 	34.014702 	105.650368 	67.364677 	144.222046 	45.486263 	82.152298 	40.311287 	99.463562 	112.893753 	100.224747 	
50.209560 	123.422043 	110.000000 	34.058773 	11.661903 	108.706024 	106.404884 	25.317978 	99.005051 	48.826221 	62.968246 	35.777088 	28.635643 	999.000000 	73.817345 	8.485281 	123.987900 	70.724815 	102.649887 	11.313708 	15.033297 	41.231056 	33.615471 	11.401754 	38.275318 	99.357941 	125.255737 	20.024984 	68.095520 	40.162170 	74.094536 	22.803509 	75.292763 	25.019993 	94.403389 	66.189125 	25.000000 	34.365681 	143.282944 	23.345236 	42.190044 	15.556349 	38.832977 	34.828148 	86.452301 	41.303753 	131.529465 	17.691807 	58.523499 	17.117243 	78.721024 	94.154129 	79.202271 	
25.961510 	60.530983 	45.398239 	39.962482 	63.285069 	41.976185 	39.051247 	97.128784 	29.410883 	25.000000 	27.856777 	45.354160 	91.416626 	73.817345 	999.000000 	82.200974 	54.625999 	4.123106 	30.528675 	85.000000 	61.554855 	34.828148 	106.850365 	84.811554 	38.418747 	26.400757 	55.009090 	58.000000 	9.055386 	37.202152 	5.000000 	96.607452 	7.071068 	54.671749 	20.615528 	13.038404 	55.443665 	46.043457 	73.790245 	59.816387 	115.935326 	72.917763 	112.645462 	108.600182 	15.000000 	42.485291 	59.640591 	73.756355 	26.305893 	83.450584 	14.212670 	21.587032 	15.620500 	
58.694122 	131.745972 	118.406082 	42.520584 	20.000000 	117.153748 	114.865135 	19.104973 	107.489532 	57.201397 	71.281136 	43.908997 	26.907248 	8.485281 	82.200974 	999.000000 	132.457535 	79.056938 	111.126053 	2.828427 	22.135944 	49.193497 	25.961510 	3.162278 	46.097721 	107.814659 	133.734818 	26.925823 	76.321686 	47.927029 	82.377182 	14.422205 	83.528435 	31.780497 	102.800781 	74.303429 	31.575306 	41.484936 	151.743210 	29.068884 	34.000000 	17.720045 	30.528675 	26.400757 	94.667839 	48.270073 	140.014282 	19.313208 	66.128662 	13.601471 	86.769814 	102.396286 	87.206650 	
73.878281 	17.204651 	16.763054 	90.426765 	112.538879 	15.811388 	17.691807 	144.422989 	25.553865 	77.388626 	62.481998 	89.872131 	135.000000 	123.987900 	54.625999 	132.457535 	999.000000 	58.694122 	24.738634 	135.281189 	113.811249 	88.684837 	154.935471 	135.369858 	92.282173 	29.614185 	3.162278 	110.941429 	63.324562 	91.301697 	57.245087 	146.454773 	57.567352 	108.226616 	37.483330 	67.067131 	109.077957 	100.239716 	19.416489 	113.534134 	164.769531 	125.924583 	161.929001 	158.448730 	50.487621 	97.082436 	12.041595 	127.027557 	80.324341 	136.014709 	60.016663 	45.011108 	60.827625 	
24.186773 	64.629715 	49.497475 	37.121422 	60.415230 	46.097721 	43.174065 	94.366310 	33.526108 	21.954498 	28.653097 	43.566040 	89.185204 	70.724815 	4.123106 	79.056938 	58.694122 	999.000000 	34.481880 	81.841309 	58.137768 	31.144823 	103.942291 	81.608826 	34.713108 	30.232433 	59.033890 	54.451813 	5.000000 	33.421551 	4.000000 	93.477272 	6.082763 	50.990196 	24.041630 	9.000000 	51.739735 	42.201897 	77.820305 	56.080299 	112.898186 	69.310890 	109.553642 	105.437187 	16.492422 	38.470768 	63.513779 	70.092796 	22.203604 	79.906197 	13.000000 	23.769728 	14.317822 	
52.630791 	34.928497 	21.470911 	68.622154 	91.547798 	16.552946 	13.892444 	124.619423 	7.280110 	54.561890 	44.944408 	70.491135 	116.846054 	102.649887 	30.528675 	111.126053 	24.738634 	34.481880 	999.000000 	113.951744 	91.350975 	65.215027 	134.807266 	113.899078 	68.818604 	5.000000 	24.698177 	88.090858 	38.910152 	67.675697 	32.695564 	125.399361 	32.893768 	85.000000 	13.000000 	42.544094 	85.802101 	76.550636 	43.462627 	90.210861 	144.308701 	103.077644 	141.226761 	137.440903 	26.019224 	72.945183 	29.206163 	104.019226 	55.713554 	113.454834 	35.355339 	21.587032 	36.221542 	
61.522354 	134.525085 	121.210564 	45.343136 	22.803509 	119.970833 	117.686020 	17.464249 	110.317726 	60.000000 	74.060783 	46.647614 	26.907248 	11.313708 	85.000000 	2.828427 	135.281189 	81.841309 	113.951744 	999.000000 	24.698177 	51.884487 	23.537205 	1.414214 	48.754486 	110.634537 	136.561340 	29.410883 	79.075912 	50.566788 	85.146935 	11.661903 	86.284416 	34.205261 	105.603027 	77.025970 	33.955853 	43.965897 	154.563904 	31.257000 	31.304953 	19.235384 	27.784887 	23.600847 	97.416634 	50.695168 	142.842575 	20.615528 	68.709534 	13.453624 	89.470665 	105.152267 	89.894379 	
40.311287 	114.947815 	100.846420 	23.706539 	12.727922 	99.020203 	96.519424 	40.311287 	88.408142 	36.796738 	55.362442 	31.016125 	42.449970 	15.033297 	61.554855 	22.135944 	113.811249 	58.137768 	91.350975 	24.698177 	999.000000 	27.459061 	48.083260 	24.166092 	24.186773 	87.692642 	114.808533 	5.000000 	55.000000 	25.942244 	61.220913 	36.249138 	62.201286 	10.000000 	82.134033 	52.697250 	10.049875 	19.416489 	133.221619 	9.433981 	55.946404 	12.649111 	52.325901 	47.885281 	73.239334 	26.305893 	120.507263 	14.317822 	44.011364 	22.203604 	65.000000 	81.024689 	65.368187 	
20.223749 	92.027168 	77.252831 	13.416408 	32.557640 	74.732857 	72.013885 	66.098412 	63.134777 	12.165525 	37.215588 	27.202942 	64.124878 	41.231056 	34.828148 	49.193497 	88.684837 	31.144823 	65.215027 	51.884487 	27.459061 	999.000000 	74.846512 	51.478149 	3.605551 	61.220913 	89.358826 	23.430750 	27.658634 	3.000000 	33.970577 	63.529522 	34.828148 	19.849434 	55.172459 	25.238859 	20.615528 	11.704700 	108.046288 	25.000000 	83.186539 	38.183765 	79.649231 	75.292763 	45.803928 	11.401754 	94.403389 	38.948685 	18.027756 	48.836460 	37.589893 	53.600372 	38.013157 	
82.200974 	152.502457 	140.035706 	66.887962 	43.566040 	139.316193 	137.244308 	10.816654 	130.598618 	81.987801 	92.633690 	65.069191 	25.495098 	33.615471 	106.850365 	25.961510 	154.935471 	103.942291 	134.807266 	23.537205 	48.083260 	74.846512 	999.000000 	24.331051 	71.867935 	131.825638 	156.464050 	52.886673 	101.533249 	73.736015 	107.424393 	13.038404 	108.706024 	57.723480 	127.318497 	99.744675 	57.489128 	67.446274 	173.954010 	54.744862 	10.295630 	42.047592 	9.055386 	9.848858 	119.883278 	74.215904 	163.248276 	43.000000 	92.027168 	33.241539 	112.307610 	127.534309 	112.805145 	
61.554855 	134.792435 	121.400162 	45.276924 	23.021729 	120.104118 	117.796432 	18.681541 	110.344917 	59.816387 	74.330345 	47.010635 	28.319605 	11.401754 	84.811554 	3.162278 	135.369858 	81.608826 	113.899078 	1.414214 	24.166092 	51.478149 	24.331051 	999.000000 	48.301140 	110.535065 	136.619904 	28.792360 	78.771820 	50.089920 	84.876381 	12.083046 	85.982559 	33.526108 	105.422958 	76.661591 	33.241539 	43.324360 	154.673843 	30.413813 	31.780497 	18.110771 	28.178005 	23.853722 	97.097885 	50.000000 	142.835571 	19.416489 	68.154236 	12.041595 	89.067390 	104.847511 	89.470665 	
23.021729 	95.519630 	80.777473 	13.453624 	30.149628 	78.294319 	75.584389 	63.324562 	66.730804 	15.524175 	40.049969 	27.586229 	62.008064 	38.275318 	38.418747 	46.097721 	92.282173 	34.713108 	68.818604 	48.754486 	24.186773 	3.605551 	71.867935 	48.301140 	999.000000 	64.815125 	92.962357 	20.000000 	31.144823 	2.000000 	37.483330 	60.373837 	38.288380 	16.278820 	58.728188 	28.600698 	17.029387 	8.246211 	111.646767 	21.400934 	80.056229 	34.655445 	76.478752 	72.069412 	49.203659 	9.433981 	98.005104 	35.383614 	20.396078 	45.343136 	40.816662 	57.008770 	41.182522 	
49.648766 	39.812057 	26.000000 	65.299309 	88.408142 	21.189621 	18.384777 	121.757957 	9.899495 	50.911690 	43.416588 	68.000000 	114.490173 	99.357941 	26.400757 	107.814659 	29.614185 	30.232433 	5.000000 	110.634537 	87.692642 	61.220913 	131.825638 	110.535065 	64.815125 	999.000000 	29.410883 	84.291161 	34.481880 	63.600315 	28.178005 	122.147453 	28.231188 	81.055534 	8.000000 	38.013157 	81.835197 	72.422371 	48.104053 	86.214851 	141.209061 	99.247169 	138.057953 	134.182709 	21.023796 	68.600288 	33.286633 	100.124924 	51.078373 	109.713264 	30.413813 	16.763054 	31.257000 	
75.073296 	20.248457 	19.416489 	91.547798 	113.863953 	17.888544 	19.416489 	146.000000 	26.400757 	78.236816 	64.202805 	91.438507 	136.824707 	125.255737 	55.009090 	133.734818 	3.162278 	59.033890 	24.698177 	136.561340 	114.808533 	89.358826 	156.464050 	136.619904 	92.962357 	29.410883 	999.000000 	111.830231 	63.560993 	91.923882 	57.384666 	147.800537 	57.584721 	109.000000 	37.107952 	67.230942 	109.836243 	100.846420 	18.788294 	114.280357 	166.243790 	126.826653 	163.355438 	159.812393 	50.009998 	97.493591 	9.000000 	127.882759 	80.411446 	137.003647 	59.665737 	44.181442 	60.415230 	
38.078865 	112.729767 	98.412399 	21.840330 	16.643316 	96.384644 	93.813644 	45.276924 	85.445892 	33.600594 	53.851646 	31.257000 	47.296936 	20.024984 	58.000000 	26.925823 	110.941429 	54.451813 	88.090858 	29.410883 	5.000000 	23.430750 	52.886673 	28.792360 	20.000000 	84.291161 	111.830231 	999.000000 	51.088158 	21.633308 	57.384666 	40.853397 	58.258045 	5.000000 	78.492035 	48.600410 	5.099020 	14.560220 	130.357208 	5.830952 	60.539242 	15.000000 	56.859474 	52.325901 	69.202599 	21.377558 	117.290237 	16.124516 	39.395432 	25.455845 	60.745369 	77.006493 	61.057350 	
24.083189 	69.584480 	54.451813 	35.114101 	58.180752 	50.990196 	48.052055 	92.195442 	38.327538 	19.924858 	31.400637 	43.046486 	87.800911 	68.095520 	9.055386 	76.321686 	63.324562 	5.000000 	38.910152 	79.075912 	55.000000 	27.658634 	101.533249 	78.771820 	31.144823 	34.481880 	63.560993 	51.088158 	999.000000 	29.698484 	6.403124 	90.735878 	7.211102 	47.381432 	27.802877 	4.000000 	48.083260 	38.288380 	82.346825 	52.345009 	110.276924 	65.795135 	106.850365 	102.625534 	18.357559 	34.132095 	67.742157 	66.468040 	17.262676 	76.485291 	12.000000 	26.076809 	13.038404 	
23.194826 	94.868332 	80.056229 	15.000000 	32.140316 	77.472572 	74.732857 	65.253349 	65.764732 	15.132746 	40.199501 	29.068884 	64.007812 	40.162170 	37.202152 	47.927029 	91.301697 	33.421551 	67.675697 	50.566788 	25.942244 	3.000000 	73.736015 	50.089920 	2.000000 	63.600315 	91.923882 	21.633308 	29.698484 	999.000000 	36.069378 	62.169125 	36.796738 	17.691807 	57.384666 	27.018513 	18.384777 	8.944272 	110.639053 	22.671568 	81.859634 	36.124783 	78.262383 	73.824112 	47.634022 	8.544003 	96.834908 	36.769554 	18.439089 	46.861500 	39.115215 	55.443665 	39.446167 	
28.160255 	64.195015 	49.091751 	40.718548 	63.953106 	45.398239 	42.426407 	97.943863 	32.557640 	25.495098 	32.202484 	47.518417 	93.005379 	74.094536 	5.000000 	82.377182 	57.245087 	4.000000 	32.695564 	85.146935 	61.220913 	33.970577 	107.424393 	84.876381 	37.483330 	28.178005 	57.384666 	57.384666 	6.403124 	36.069378 	999.000000 	96.798759 	2.236068 	53.740116 	21.400934 	9.848858 	54.451813 	44.687805 	76.157730 	58.728188 	116.284134 	72.138756 	112.898186 	108.724419 	12.649111 	40.496914 	61.400326 	72.835434 	23.086792 	82.807007 	9.433981 	20.124611 	10.816654 	
72.862885 	145.206757 	132.136292 	56.850681 	33.941124 	131.045792 	128.817703 	12.206555 	121.630585 	71.610054 	84.811554 	57.201397 	27.202942 	22.803509 	96.607452 	14.422205 	146.454773 	93.477272 	125.399361 	11.661903 	36.249138 	63.529522 	13.038404 	12.083046 	60.373837 	122.147453 	147.800537 	40.853397 	90.735878 	62.169125 	96.798759 	999.000000 	97.943863 	45.541191 	117.200684 	88.684837 	45.221676 	55.362442 	165.680420 	42.201897 	19.697716 	29.154760 	16.124516 	12.041595 	109.077957 	61.983868 	154.207657 	30.016663 	80.230919 	20.223749 	101.118744 	116.811813 	101.533249 	
30.066593 	65.069191 	50.009998 	42.154476 	65.306969 	46.173584 	43.185646 	99.317673 	33.241539 	26.925823 	34.438351 	49.365982 	94.641426 	75.292763 	7.071068 	83.528435 	57.567352 	6.082763 	32.893768 	86.284416 	62.201286 	34.828148 	108.706024 	85.982559 	38.288380 	28.231188 	57.584721 	58.258045 	7.211102 	36.796738 	2.236068 	97.943863 	999.000000 	54.488529 	21.095022 	10.000000 	55.172459 	45.276924 	76.321686 	59.396969 	117.477661 	72.917763 	114.057007 	109.836243 	11.180340 	40.804413 	61.294373 	73.552704 	22.847319 	83.630135 	7.211102 	18.867962 	8.602325 	
36.400551 	110.693268 	96.176918 	21.023796 	21.023796 	93.941475 	91.301697 	50.249378 	82.680107 	30.886890 	52.773098 	32.280025 	52.172791 	25.019993 	54.671749 	31.780497 	108.226616 	50.990196 	85.000000 	34.205261 	10.000000 	19.849434 	57.723480 	33.526108 	16.278820 	81.055534 	109.000000 	5.000000 	47.381432 	17.691807 	53.740116 	45.541191 	54.488529 	999.000000 	75.006668 	44.687805 	1.000000 	9.848858 	127.624451 	5.385165 	65.192024 	18.439089 	61.465439 	56.859474 	65.299309 	16.492422 	114.201576 	19.104973 	34.885529 	29.206163 	56.612720 	73.109505 	56.859474 	
45.617977 	47.675991 	33.526108 	60.464867 	83.761566 	28.861740 	25.961510 	117.477661 	16.552946 	45.607018 	42.107006 	64.621979 	111.085556 	94.403389 	20.615528 	102.800781 	37.483330 	24.041630 	13.000000 	105.603027 	82.134033 	55.172459 	127.318497 	105.422958 	58.728188 	8.000000 	37.107952 	78.492035 	27.802877 	57.384666 	21.400934 	117.200684 	21.095022 	75.006668 	999.000000 	31.064449 	75.742989 	66.068146 	55.659679 	80.056229 	136.484436 	93.348808 	133.221619 	129.201401 	13.038404 	61.854668 	40.249222 	94.111633 	43.829212 	103.947105 	22.561028 	9.433981 	23.345236 	
24.738634 	73.552704 	58.420887 	33.955853 	56.648037 	54.918121 	51.971146 	90.620087 	42.201897 	19.104973 	33.970577 	43.046486 	86.884979 	66.189125 	13.038404 	74.303429 	67.067131 	9.000000 	42.544094 	77.025970 	52.697250 	25.238859 	99.744675 	76.661591 	28.600698 	38.013157 	67.230942 	48.600410 	4.000000 	27.018513 	9.848858 	88.684837 	10.000000 	44.687805 	31.064449 	999.000000 	45.343136 	35.355339 	86.005814 	49.517673 	108.300507 	63.126858 	104.809349 	100.498756 	20.615528 	30.805843 	71.196907 	63.702435 	13.341664 	73.878281 	12.649111 	28.425341 	13.341664 	
37.363083 	111.615410 	97.082436 	22.022715 	21.470911 	94.826157 	92.179176 	50.159744 	83.528435 	31.764761 	53.758720 	33.241539 	52.392746 	25.000000 	55.443665 	31.575306 	109.077957 	51.739735 	85.802101 	33.955853 	10.049875 	20.615528 	57.489128 	33.241539 	17.029387 	81.835197 	109.836243 	5.099020 	48.083260 	18.384777 	54.451813 	45.221676 	55.172459 	1.000000 	75.742989 	45.343136 	999.000000 	10.295630 	128.471786 	4.472136 	64.845970 	17.804493 	61.098282 	56.462376 	65.946945 	16.763054 	115.000000 	18.384777 	35.355339 	28.600698 	57.201397 	73.756355 	57.428215 	
31.016125 	103.730423 	88.955048 	18.788294 	28.442924 	86.406021 	83.671982 	59.682495 	74.706093 	23.769728 	48.000000 	32.449963 	60.406952 	34.365681 	46.043457 	41.484936 	100.239716 	42.201897 	76.550636 	43.965897 	19.416489 	11.704700 	67.446274 	43.324360 	8.246211 	72.422371 	100.846420 	14.560220 	38.288380 	8.944272 	44.687805 	55.362442 	45.276924 	9.848858 	66.068146 	35.355339 	10.295630 	999.000000 	119.570061 	14.212670 	75.026665 	28.017851 	71.309189 	66.708321 	55.901699 	7.000000 	105.683487 	28.425341 	25.059929 	38.832977 	47.010635 	63.702435 	47.201694 	
93.236259 	25.709921 	34.205261 	109.808922 	131.795303 	34.655445 	36.878178 	163.379929 	44.944408 	96.798759 	81.344948 	108.894447 	153.525238 	143.282944 	73.790245 	151.743210 	19.416489 	77.820305 	43.462627 	154.563904 	133.221619 	108.046288 	173.954010 	154.673843 	111.646767 	48.104053 	18.788294 	130.357208 	82.346825 	110.639053 	76.157730 	165.680420 	76.321686 	127.624451 	55.659679 	86.005814 	128.471786 	119.570061 	999.000000 	132.924789 	183.853195 	145.340973 	181.069046 	177.654160 	68.410522 	116.275536 	17.029387 	146.441116 	99.161484 	155.425217 	78.160095 	62.169125 	78.847954 	
41.761227 	116.077560 	101.552940 	26.172504 	22.022715 	99.297531 	96.648849 	48.000000 	87.982956 	36.235340 	58.051701 	36.674240 	51.546097 	23.345236 	59.816387 	29.068884 	113.534134 	56.080299 	90.210861 	31.257000 	9.433981 	25.000000 	54.744862 	30.413813 	21.400934 	86.214851 	114.280357 	5.830952 	52.345009 	22.671568 	58.728188 	42.201897 	59.396969 	5.385165 	80.056229 	49.517673 	4.472136 	14.212670 	132.924789 	999.000000 	61.684681 	13.892444 	57.870544 	53.141319 	70.092796 	20.124611 	119.402679 	14.212670 	39.115215 	24.698177 	61.220913 	77.897369 	61.400326 	
91.678787 	162.606888 	150.013336 	76.026314 	52.801514 	149.201202 	147.085007 	21.095022 	140.264038 	90.972527 	102.591423 	74.966660 	35.440090 	42.190044 	115.935326 	34.000000 	164.769531 	112.898186 	144.308701 	31.304953 	55.946404 	83.186539 	10.295630 	31.780497 	80.056229 	141.209061 	166.243790 	60.539242 	110.276924 	81.859634 	116.284134 	19.697716 	117.477661 	65.192024 	136.484436 	108.300507 	64.845970 	75.026665 	183.853195 	61.684681 	999.000000 	48.270073 	4.000000 	9.000000 	128.631256 	81.596565 	172.904602 	48.836460 	99.924973 	38.327538 	120.768372 	136.341476 	121.198181 	
52.773098 	127.455872 	113.251930 	36.249138 	21.587032 	111.305885 	108.756607 	36.674240 	100.439034 	48.600410 	68.007355 	43.289722 	43.566040 	15.556349 	72.917763 	17.720045 	125.924583 	69.310890 	103.077644 	19.235384 	12.649111 	38.183765 	42.047592 	18.110771 	34.655445 	99.247169 	126.826653 	15.000000 	65.795135 	36.124783 	72.138756 	29.154760 	72.917763 	18.439089 	93.348808 	63.126858 	17.804493 	28.017851 	145.340973 	13.892444 	48.270073 	999.000000 	44.384682 	39.560081 	83.737686 	34.000000 	132.279999 	2.236068 	53.000000 	10.816654 	75.000000 	91.547798 	75.213028 	
88.617157 	160.078110 	147.322769 	72.801102 	49.678970 	146.413803 	144.256714 	19.313208 	137.295303 	87.658424 	99.904953 	72.249565 	34.525352 	38.832977 	112.645462 	30.528675 	161.929001 	109.553642 	141.226761 	27.784887 	52.325901 	79.649231 	9.055386 	28.178005 	76.478752 	138.057953 	163.355438 	56.859474 	106.850365 	78.262383 	112.898186 	16.124516 	114.057007 	61.465439 	133.221619 	104.809349 	61.098282 	71.309189 	181.069046 	57.870544 	4.000000 	44.384682 	999.000000 	5.000000 	125.195847 	77.833153 	169.917633 	44.911022 	96.254868 	34.365681 	117.239075 	132.924789 	117.647781 	
84.899940 	157.003189 	144.045135 	68.883957 	45.967381 	143.010483 	140.801285 	18.110771 	133.660019 	83.600243 	96.674713 	69.028976 	34.014702 	34.828148 	108.600182 	26.400757 	158.448730 	105.437187 	137.440903 	23.600847 	47.885281 	75.292763 	9.848858 	23.853722 	72.069412 	134.182709 	159.812393 	52.325901 	102.625534 	73.824112 	108.724419 	12.041595 	109.836243 	56.859474 	129.201401 	100.498756 	56.462376 	66.708321 	177.654160 	53.141319 	9.000000 	39.560081 	5.000000 	999.000000 	120.950401 	73.164200 	166.243790 	40.024994 	91.706055 	29.427877 	112.871605 	128.701202 	113.251930 	
40.607880 	60.406952 	45.891174 	53.310413 	76.485291 	41.436699 	38.470768 	110.494347 	28.635643 	38.078865 	42.201897 	60.016663 	105.650368 	86.452301 	15.000000 	94.667839 	50.487621 	16.492422 	26.019224 	97.416634 	73.239334 	45.803928 	119.883278 	97.097885 	49.203659 	21.023796 	50.009998 	69.202599 	18.357559 	47.634022 	12.649111 	109.077957 	11.180340 	65.299309 	13.038404 	20.615528 	65.946945 	55.901699 	68.410522 	70.092796 	128.631256 	83.737686 	125.195847 	120.950401 	999.000000 	50.990196 	52.554733 	84.291161 	32.202484 	94.493385 	9.848858 	7.810250 	10.440307 	
31.575306 	101.651367 	86.683334 	22.671568 	35.355339 	83.815269 	80.993828 	66.610809 	71.693794 	23.021729 	48.507732 	36.796738 	67.364677 	41.303753 	42.485291 	48.270073 	97.082436 	38.470768 	72.945183 	50.695168 	26.305893 	11.401754 	74.215904 	50.000000 	9.433981 	68.600288 	97.493591 	21.377558 	34.132095 	8.544003 	40.496914 	61.983868 	40.804413 	16.492422 	61.854668 	30.805843 	16.763054 	7.000000 	116.275536 	20.124611 	81.596565 	34.000000 	77.833153 	73.164200 	50.990196 	999.000000 	101.872467 	34.132095 	19.209373 	44.777225 	41.725292 	58.728188 	41.773197 	
81.344948 	28.231188 	28.284271 	97.590981 	120.282997 	26.248810 	27.313000 	152.895386 	32.649654 	83.737686 	71.561165 	98.407318 	144.222046 	131.529465 	59.640591 	140.014282 	12.041595 	63.513779 	29.206163 	142.842575 	120.507263 	94.403389 	163.248276 	142.835571 	98.005104 	33.286633 	9.000000 	117.290237 	67.742157 	96.834908 	61.400326 	154.207657 	61.294373 	114.201576 	40.249222 	71.196907 	115.000000 	105.683487 	17.029387 	119.402679 	172.904602 	132.279999 	169.917633 	166.243790 	52.554733 	101.872467 	999.000000 	133.225372 	84.077347 	142.635895 	62.393909 	45.880280 	62.968246 	
54.129475 	128.809937 	114.529472 	37.696156 	23.769728 	112.507774 	109.931801 	38.078865 	101.513542 	49.648766 	69.570107 	45.177429 	45.486263 	17.691807 	73.756355 	19.313208 	127.027557 	70.092796 	104.019226 	20.615528 	14.317822 	38.948685 	43.000000 	19.416489 	35.383614 	100.124924 	127.882759 	16.124516 	66.468040 	36.769554 	72.835434 	30.016663 	73.552704 	19.104973 	94.111633 	63.702435 	18.384777 	28.425341 	146.441116 	14.212670 	48.836460 	2.236068 	44.911022 	40.024994 	84.291161 	34.132095 	133.225372 	999.000000 	53.254108 	10.770329 	75.432091 	92.097771 	75.604233 	
28.319605 	86.833176 	71.700768 	30.413813 	50.487621 	68.249542 	65.306969 	83.677956 	55.542778 	19.416489 	42.190044 	42.720020 	82.152298 	58.523499 	26.305893 	66.128662 	80.324341 	22.203604 	55.713554 	68.709534 	44.011364 	18.027756 	92.027168 	68.154236 	20.396078 	51.078373 	80.411446 	39.395432 	17.262676 	18.439089 	23.086792 	80.230919 	22.847319 	34.885529 	43.829212 	13.341664 	35.355339 	25.059929 	99.161484 	39.115215 	99.924973 	53.000000 	96.254868 	91.706055 	32.202484 	19.209373 	84.077347 	53.254108 	999.000000 	63.812225 	22.671568 	39.824615 	22.627417 	
62.433964 	136.952545 	122.967476 	45.793011 	27.294687 	121.202309 	118.713943 	29.966648 	110.602890 	58.898216 	76.967529 	50.960770 	40.311287 	17.117243 	83.450584 	13.601471 	136.014709 	79.906197 	113.454834 	13.453624 	22.203604 	48.836460 	33.241539 	12.041595 	45.343136 	109.713264 	137.003647 	25.455845 	76.485291 	46.861500 	82.807007 	20.223749 	83.630135 	29.206163 	103.947105 	73.878281 	28.600698 	38.832977 	155.425217 	24.698177 	38.327538 	10.816654 	34.365681 	29.427877 	94.493385 	44.777225 	142.635895 	10.770329 	63.812225 	999.000000 	85.802101 	102.303467 	86.023254 	
36.055511 	69.065186 	54.230988 	46.572525 	69.289246 	50.039986 	47.042534 	103.247276 	37.054016 	31.575306 	41.593269 	55.036350 	99.463562 	78.721024 	14.212670 	86.769814 	60.016663 	13.000000 	35.355339 	89.470665 	65.000000 	37.589893 	112.307610 	89.067390 	40.816662 	30.413813 	59.665737 	60.745369 	12.000000 	39.115215 	9.433981 	101.118744 	7.211102 	56.612720 	22.561028 	12.649111 	57.201397 	47.010635 	78.160095 	61.220913 	120.768372 	75.000000 	117.239075 	112.871605 	9.848858 	41.725292 	62.393909 	75.432091 	22.671568 	85.802101 	999.000000 	17.204651 	1.414214 	
47.539455 	56.515484 	42.720020 	60.835846 	84.077347 	37.947330 	35.114101 	118.067780 	25.942244 	45.617977 	47.265209 	66.940269 	112.893753 	94.154129 	21.587032 	102.396286 	45.011108 	23.769728 	21.587032 	105.152267 	81.024689 	53.600372 	127.534309 	104.847511 	57.008770 	16.763054 	44.181442 	77.006493 	26.076809 	55.443665 	20.124611 	116.811813 	18.867962 	73.109505 	9.433981 	28.425341 	73.756355 	63.702435 	62.169125 	77.897369 	136.341476 	91.547798 	132.924789 	128.701202 	7.810250 	58.728188 	45.880280 	92.097771 	39.824615 	102.303467 	17.204651 	999.000000 	17.492855 	
37.121422 	70.114189 	55.326305 	47.296936 	69.892776 	51.088158 	48.093658 	103.817146 	38.118237 	32.388271 	42.941822 	56.008926 	100.224747 	79.202271 	15.620500 	87.206650 	60.827625 	14.317822 	36.221542 	89.894379 	65.368187 	38.013157 	112.805145 	89.470665 	41.182522 	31.257000 	60.415230 	61.057350 	13.038404 	39.446167 	10.816654 	101.533249 	8.602325 	56.859474 	23.345236 	13.341664 	57.428215 	47.201694 	78.847954 	61.400326 	121.198181 	75.213028 	117.647781 	113.251930 	10.440307 	41.773197 	62.968246 	75.604233 	22.627417 	86.023254 	1.414214 	17.492855 	999.000000 	

Travel time:
9.000000 	1.867150 	1.513481 	0.416083 	0.973717 	1.470544 	1.410009 	1.802776 	1.219887 	0.235850 	0.425735 	0.485412 	1.638788 	1.255239 	0.649038 	1.467353 	1.846957 	0.604669 	1.315770 	1.538059 	1.007782 	0.505594 	2.055024 	1.538871 	0.575543 	1.241219 	1.876832 	0.951972 	0.602080 	0.579871 	0.704006 	1.821572 	0.751665 	0.910014 	1.140449 	0.618466 	0.934077 	0.775403 	2.330906 	1.044031 	2.291970 	1.319327 	2.215429 	2.122499 	1.015197 	0.789383 	2.033624 	1.353237 	0.707990 	1.560849 	0.901388 	1.188486 	0.928036 	
1.867150 	9.000000 	0.378319 	2.281036 	2.794302 	0.475657 	0.550568 	3.544185 	0.800391 	2.001406 	1.511622 	2.200142 	3.270799 	3.085551 	1.513275 	3.293649 	0.430116 	1.615743 	0.873212 	3.363127 	2.873695 	2.300679 	3.812562 	3.369811 	2.387991 	0.995301 	0.506211 	2.818244 	1.739612 	2.371708 	1.604875 	3.630169 	1.626730 	2.767332 	1.191900 	1.838818 	2.790385 	2.593261 	0.642748 	2.901939 	4.065172 	3.186397 	4.001953 	3.925080 	1.510174 	2.541284 	0.705780 	3.220248 	2.170829 	3.423814 	1.726630 	1.412887 	1.752855 	
1.513481 	0.378319 	9.000000 	1.929378 	2.460183 	0.125000 	0.190394 	3.235062 	0.431567 	1.634778 	1.185591 	1.876832 	2.983287 	2.750000 	1.134956 	2.960152 	0.419076 	1.237437 	0.536773 	3.030264 	2.521161 	1.931321 	3.500893 	3.035004 	2.019437 	0.650000 	0.485412 	2.460310 	1.361295 	2.001406 	1.227294 	3.303407 	1.250250 	2.404423 	0.838153 	1.460522 	2.427061 	2.223876 	0.855132 	2.538824 	3.750333 	2.831298 	3.683069 	3.601128 	1.147279 	2.167083 	0.707107 	2.863237 	1.792519 	3.074187 	1.355775 	1.068001 	1.383158 	
0.416083 	2.281036 	1.929378 	9.000000 	0.583095 	1.886299 	1.825171 	1.431127 	1.629801 	0.380789 	0.800391 	0.353553 	1.323820 	0.851469 	0.999062 	1.063015 	2.260669 	0.928036 	1.715554 	1.133578 	0.592663 	0.335410 	1.672199 	1.131923 	0.336341 	1.632483 	2.288695 	0.546008 	0.877853 	0.375000 	1.017964 	1.421267 	1.053862 	0.525595 	1.511622 	0.848896 	0.550568 	0.469707 	2.745223 	0.654313 	1.900658 	0.906228 	1.820028 	1.722099 	1.332760 	0.566789 	2.439775 	0.942404 	0.760345 	1.144825 	1.164313 	1.520896 	1.182423 	
0.973717 	2.794302 	2.460183 	0.583095 	9.000000 	2.429635 	2.373025 	0.850368 	2.192316 	0.961769 	1.282819 	0.604152 	0.801561 	0.291548 	1.582127 	0.500000 	2.813472 	1.510381 	2.288695 	0.570088 	0.318198 	0.813941 	1.089151 	0.575543 	0.753741 	2.210204 	2.846599 	0.416083 	1.454519 	0.803508 	1.598828 	0.848528 	1.632674 	0.525595 	2.094039 	1.416201 	0.536773 	0.711073 	3.294883 	0.550568 	1.320038 	0.539676 	1.241974 	1.149184 	1.912132 	0.883883 	3.007075 	0.594243 	1.262191 	0.682367 	1.732231 	2.101934 	1.747319 	
1.470544 	0.475657 	0.125000 	1.886299 	2.429635 	9.000000 	0.075000 	3.219084 	0.325000 	1.576586 	1.168867 	1.856240 	2.980038 	2.717651 	1.049405 	2.928844 	0.395285 	1.152443 	0.413824 	2.999271 	2.475505 	1.868321 	3.482905 	3.002603 	1.957358 	0.529741 	0.447214 	2.409616 	1.274755 	1.936814 	1.134956 	3.276145 	1.154340 	2.348537 	0.721543 	1.372953 	2.370654 	2.160151 	0.866386 	2.482438 	3.730030 	2.782647 	3.660345 	3.575262 	1.035918 	2.095382 	0.656220 	2.812694 	1.706239 	3.030058 	1.251000 	0.948683 	1.277204 	
1.410009 	0.550568 	0.190394 	1.825171 	2.373025 	0.075000 	9.000000 	3.168300 	0.250000 	1.510381 	1.120547 	1.804508 	2.935345 	2.660122 	0.976281 	2.871628 	0.442295 	1.079352 	0.347311 	2.942151 	2.412986 	1.800347 	3.431108 	2.944911 	1.889610 	0.459619 	0.485412 	2.345341 	1.201301 	1.868321 	1.060660 	3.220443 	1.079641 	2.282542 	0.649038 	1.299279 	2.304479 	2.091799 	0.921954 	2.416221 	3.677125 	2.718915 	3.606418 	3.520032 	0.961769 	2.024846 	0.682825 	2.748295 	1.632674 	2.967849 	1.176063 	0.877853 	1.202341 	
1.802776 	3.544185 	3.235062 	1.431127 	0.850368 	3.219084 	3.168300 	9.000000 	3.006347 	1.811249 	2.050914 	1.364047 	0.400780 	0.632949 	2.428220 	0.477624 	3.610575 	2.359158 	3.115486 	0.436606 	1.007782 	1.652460 	0.270416 	0.467039 	1.583114 	3.043949 	3.650000 	1.131923 	2.304886 	1.631334 	2.448596 	0.305164 	2.482942 	1.256234 	2.936942 	2.265502 	1.253994 	1.492062 	4.084498 	1.200000 	0.527376 	0.916856 	0.482830 	0.452769 	2.762359 	1.665270 	3.822385 	0.951972 	2.091949 	0.749166 	2.581182 	2.951694 	2.595429 	
1.219887 	0.800391 	0.431567 	1.629801 	2.192316 	0.325000 	0.250000 	3.006347 	9.000000 	1.296630 	0.983933 	1.645068 	2.795756 	2.475126 	0.735272 	2.687238 	0.638847 	0.838153 	0.182003 	2.757943 	2.210204 	1.578369 	3.264966 	2.758623 	1.668270 	0.247487 	0.660019 	2.136147 	0.958188 	1.644118 	0.813941 	3.040765 	0.831038 	2.067003 	0.413824 	1.055047 	2.088211 	1.867652 	1.123610 	2.199574 	3.506601 	2.510976 	3.432383 	3.341501 	0.715891 	1.792345 	0.816241 	2.537838 	1.388569 	2.765072 	0.926350 	0.648556 	0.952956 	
0.235850 	2.001406 	1.634778 	0.380789 	0.961769 	1.576586 	1.510381 	1.811249 	1.296630 	9.000000 	0.642748 	0.608276 	1.697793 	1.220656 	0.625000 	1.430035 	1.934716 	0.548862 	1.364047 	1.500000 	0.919918 	0.304138 	2.049695 	1.495410 	0.388104 	1.272792 	1.955920 	0.840015 	0.498121 	0.378319 	0.637377 	1.790251 	0.673146 	0.772172 	1.140175 	0.477624 	0.794119 	0.594243 	2.419969 	0.905883 	2.274313 	1.215010 	2.191461 	2.090006 	0.951972 	0.575543 	2.093442 	1.241219 	0.485412 	1.472455 	0.789383 	1.140449 	0.809707 	
0.425735 	1.511622 	1.185591 	0.800391 	1.282819 	1.168867 	1.120547 	2.050914 	0.983933 	0.642748 	9.000000 	0.691466 	1.816762 	1.574206 	0.696419 	1.782028 	1.562050 	0.716327 	1.123610 	1.851520 	1.384061 	0.930390 	2.315842 	1.858259 	1.001249 	1.085415 	1.605070 	1.346291 	0.785016 	1.004987 	0.805062 	2.120289 	0.860959 	1.319327 	1.052675 	0.849264 	1.343968 	1.200000 	2.033624 	1.451293 	2.564785 	1.700184 	2.497624 	2.416868 	1.055047 	1.212693 	1.789029 	1.739253 	1.054751 	1.924188 	1.039832 	1.181630 	1.073546 	
0.485412 	2.200142 	1.876832 	0.353553 	0.604152 	1.856240 	1.804508 	1.364047 	1.645068 	0.608276 	0.691466 	9.000000 	1.162970 	0.894427 	1.133854 	1.097725 	2.246803 	1.089151 	1.762278 	1.166190 	0.775403 	0.680074 	1.626730 	1.175266 	0.689656 	1.700000 	2.285963 	0.781425 	1.076162 	0.726722 	1.187960 	1.430035 	1.234150 	0.807001 	1.615549 	1.076162 	0.831038 	0.811249 	2.722361 	0.916856 	1.874166 	1.082243 	1.806239 	1.725724 	1.500417 	0.919918 	2.460183 	1.129436 	1.068001 	1.274019 	1.375909 	1.673507 	1.400223 	
1.638788 	3.270799 	2.983287 	1.323820 	0.801561 	2.980038 	2.935345 	0.400780 	2.795756 	1.697793 	1.816762 	1.162970 	9.000000 	0.715891 	2.285416 	0.672681 	3.375000 	2.229630 	2.921151 	0.672681 	1.061249 	1.603122 	0.637377 	0.707990 	1.550202 	2.862254 	3.420618 	1.182423 	2.195023 	1.600195 	2.325135 	0.680074 	2.366036 	1.304320 	2.777139 	2.172124 	1.309819 	1.510174 	3.838131 	1.288652 	0.886002 	1.089151 	0.863134 	0.850368 	2.641259 	1.684117 	3.605551 	1.137157 	2.053807 	1.007782 	2.486589 	2.822344 	2.505619 	
1.255239 	3.085551 	2.750000 	0.851469 	0.291548 	2.717651 	2.660122 	0.632949 	2.475126 	1.220656 	1.574206 	0.894427 	0.715891 	9.000000 	1.845434 	0.212132 	3.099698 	1.768120 	2.566247 	0.282843 	0.375832 	1.030776 	0.840387 	0.285044 	0.956883 	2.483948 	3.131393 	0.500625 	1.702388 	1.004054 	1.852363 	0.570088 	1.882319 	0.625500 	2.360085 	1.654728 	0.625000 	0.859142 	3.582074 	0.583631 	1.054751 	0.388909 	0.970824 	0.870704 	2.161308 	1.032594 	3.288237 	0.442295 	1.463087 	0.427931 	1.968026 	2.353853 	1.980057 	
0.649038 	1.513275 	1.134956 	0.999062 	1.582127 	1.049405 	0.976281 	2.428220 	0.735272 	0.625000 	0.696419 	1.133854 	2.285416 	1.845434 	9.000000 	2.055024 	1.365650 	0.103078 	0.763217 	2.125000 	1.538871 	0.870704 	2.671259 	2.120289 	0.960469 	0.660019 	1.375227 	1.450000 	0.226385 	0.930054 	0.125000 	2.415186 	0.176777 	1.366794 	0.515388 	0.325960 	1.386092 	1.151086 	1.844756 	1.495410 	2.898383 	1.822944 	2.816137 	2.715004 	0.375000 	1.062132 	1.491015 	1.843909 	0.657647 	2.086265 	0.355317 	0.539676 	0.390512 	
1.467353 	3.293649 	2.960152 	1.063015 	0.500000 	2.928844 	2.871628 	0.477624 	2.687238 	1.430035 	1.782028 	1.097725 	0.672681 	0.212132 	2.055024 	9.000000 	3.311438 	1.976424 	2.778151 	0.070711 	0.553399 	1.229837 	0.649038 	0.079057 	1.152443 	2.695366 	3.343370 	0.673146 	1.908042 	1.198176 	2.059430 	0.360555 	2.088211 	0.794512 	2.570019 	1.857586 	0.789383 	1.037123 	3.793580 	0.726722 	0.850000 	0.443001 	0.763217 	0.660019 	2.366696 	1.206752 	3.500357 	0.482830 	1.653217 	0.340037 	2.169245 	2.559907 	2.180166 	
