Total assets = 620
Number of asset nodes = 33

Distance:
999.000000 	45.354160 	50.000000 	13.453624 	61.846584 	93.723000 	90.686272 	43.829212 	17.262676 	60.207973 	13.000000 	22.803509 	37.643059 	38.013157 	31.400637 	25.612497 	14.422205 	67.742157 	40.459858 	48.259712 	56.859474 	17.204651 	53.851646 	73.783470 	25.942244 	36.221542 	34.058773 	24.698177 	71.693794 	85.211502 	54.708317 	42.426407 	80.993828 	104.004807 	92.617493 	23.021729 	44.407207 	37.202152 	78.892334 	85.440041 	32.202484 	93.744331 	41.677334 	35.468296 	30.149628 	96.519424 	77.472572 	56.568542 	114.690887 	96.798759 	59.841457 	31.048349 	
45.354160 	999.000000 	93.471924 	34.058773 	104.709122 	133.060135 	130.602448 	88.600227 	61.522354 	104.278473 	44.045429 	30.805843 	82.969872 	17.029387 	76.687675 	29.410883 	52.009613 	111.892807 	19.849434 	16.492422 	101.843018 	54.083271 	98.979797 	117.630775 	34.176014 	81.394104 	26.627054 	37.000000 	115.952576 	128.413391 	100.000000 	23.600847 	124.775803 	145.340973 	135.325531 	46.572525 	89.627007 	29.068884 	123.065025 	129.247818 	73.061615 	137.306229 	33.970577 	77.025970 	50.695168 	140.003571 	122.429573 	101.788994 	156.156967 	140.431473 	105.118980 	55.362442 	
50.000000 	93.471924 	999.000000 	63.411354 	12.041595 	46.518814 	42.941822 	10.049875 	40.224369 	11.180340 	58.728188 	72.249565 	19.416489 	88.005684 	26.570660 	75.073296 	52.801514 	18.681541 	90.426765 	98.229324 	13.892444 	53.254108 	14.142136 	24.166092 	74.249580 	26.305893 	83.546394 	72.180328 	22.803509 	35.227829 	17.691807 	92.195442 	31.304953 	54.561890 	42.638012 	65.802734 	24.331051 	86.278618 	29.732138 	35.777088 	45.354160 	43.908997 	89.872131 	43.566040 	70.491135 	46.647614 	31.016125 	27.202942 	65.069191 	47.010635 	27.586229 	68.000000 	
13.453624 	34.058773 	63.411354 	999.000000 	75.286118 	107.056061 	104.062485 	56.938564 	27.658634 	73.498299 	10.770329 	9.848858 	50.159744 	24.698177 	43.324360 	12.529964 	18.248287 	80.993828 	27.018513 	34.985710 	69.771057 	20.615528 	66.640831 	87.091904 	14.142136 	47.801674 	20.808653 	14.035668 	84.905830 	98.600204 	67.230942 	29.000000 	94.302704 	117.456375 	106.042442 	17.804493 	56.044624 	24.186773 	92.114059 	98.737022 	39.319206 	107.074738 	29.154760 	43.185646 	24.698177 	109.859001 	90.338257 	68.154236 	128.144455 	110.113579 	71.568146 	27.658634 	
61.846584 	104.709122 	12.041595 	75.286118 	999.000000 	35.114101 	31.384710 	21.023796 	52.201534 	7.615773 	70.767227 	84.219948 	30.463093 	99.809822 	38.013157 	87.045967 	64.815125 	10.770329 	102.303467 	110.000000 	16.492422 	65.215027 	19.104973 	14.035668 	86.278618 	37.000000 	95.524864 	84.219948 	14.317822 	23.706539 	22.360680 	104.139328 	20.615528 	42.520584 	30.805843 	77.801025 	33.241539 	98.290382 	20.024984 	25.000000 	56.302753 	32.695564 	101.911728 	54.120235 	82.377182 	35.341194 	24.351591 	32.015621 	53.037724 	35.846897 	31.016125 	79.755875 	
93.723000 	133.060135 	46.518814 	107.056061 	35.114101 	999.000000 	4.000000 	56.080299 	86.452301 	41.000000 	104.043259 	116.516090 	65.551506 	130.831955 	73.006851 	119.331474 	98.792709 	37.054016 	133.734818 	140.716019 	49.648766 	99.478638 	52.952808 	32.062439 	119.201508 	72.111023 	127.781059 	117.413795 	36.055511 	23.769728 	55.578773 	136.029404 	29.120440 	16.031219 	19.849434 	111.830231 	67.911705 	130.873978 	32.984844 	28.635643 	91.416626 	26.907248 	135.000000 	89.185204 	116.846054 	26.907248 	42.449970 	64.124878 	25.495098 	28.319605 	62.008064 	114.490173 	
90.686272 	130.602448 	42.941822 	104.062485 	31.384710 	4.000000 	999.000000 	52.392746 	83.006027 	37.107952 	100.801788 	113.454834 	61.846584 	127.988281 	69.354164 	116.275536 	95.414886 	33.060551 	130.831955 	137.931137 	45.705578 	96.041656 	49.030602 	28.071337 	116.038788 	68.352028 	124.739731 	114.201576 	32.062439 	20.124611 	51.623638 	133.056381 	25.298222 	16.278820 	17.029387 	108.452751 	64.031242 	127.781059 	29.120440 	25.059929 	87.664131 	24.083189 	131.821854 	85.381500 	113.371071 	24.413111 	38.600517 	60.133186 	26.570660 	25.806976 	58.008621 	110.941429 	
43.829212 	88.600227 	10.049875 	56.938564 	21.023796 	56.080299 	52.392746 	999.000000 	31.827662 	16.970562 	51.088158 	65.215027 	9.486833 	81.633324 	17.000000 	68.007355 	44.553337 	24.207438 	83.761566 	91.923882 	13.341664 	44.687805 	11.000000 	30.479502 	66.708321 	16.278820 	76.400261 	64.443771 	28.017851 	42.426407 	13.341664 	85.211502 	37.643059 	63.007935 	50.249378 	57.384666 	14.866069 	78.873314 	35.227829 	42.011902 	35.440090 	50.447994 	82.073135 	33.541019 	61.611687 	53.263496 	33.837849 	20.808653 	73.246162 	53.413483 	22.360680 	58.830265 	
17.262676 	61.522354 	40.224369 	27.658634 	52.201534 	86.452301 	83.006027 	31.827662 	999.000000 	48.795490 	19.723083 	34.438351 	23.600847 	51.623638 	16.124516 	37.121422 	12.727922 	55.901699 	53.225933 	61.846584 	43.600460 	13.038404 	40.224369 	62.241467 	35.227829 	20.248457 	45.276924 	32.802441 	59.548298 	74.249580 	40.311287 	54.203320 	69.354164 	94.641426 	82.073135 	25.612497 	28.460499 	47.434166 	66.708321 	73.661385 	16.278820 	82.134033 	50.328918 	18.867962 	30.413813 	84.958817 	63.812225 	40.521599 	104.995239 	85.041168 	43.965897 	28.460499 	
60.207973 	104.278473 	11.180340 	73.498299 	7.615773 	41.000000 	37.107952 	16.970562 	48.795490 	999.000000 	68.014702 	82.006096 	25.806976 	98.183502 	33.600594 	84.811554 	61.522354 	7.615773 	100.439034 	108.452751 	9.055386 	61.619801 	12.041595 	13.601471 	83.630135 	31.764761 	93.236259 	81.394104 	11.704700 	25.455845 	15.033297 	102.004898 	20.808653 	46.324940 	33.301651 	74.330345 	26.925823 	95.775780 	18.788294 	25.238859 	50.990196 	33.600594 	99.035347 	48.466484 	78.409180 	36.400551 	20.024984 	24.515301 	56.400356 	36.619667 	23.409399 	75.451973 	
13.000000 	44.045429 	58.728188 	10.770329 	70.767227 	104.043259 	100.801788 	51.088158 	19.723083 	68.014702 	999.000000 	14.866069 	43.266617 	32.280025 	35.846897 	17.464249 	8.062258 	75.286118 	33.615471 	42.379242 	63.245552 	10.049875 	59.908264 	81.565926 	15.620500 	39.812057 	25.553865 	13.453624 	79.025314 	93.434471 	60.033325 	34.481880 	88.729927 	113.278419 	101.138519 	10.049875 	47.927029 	27.802877 	86.214851 	93.085983 	29.017237 	101.533249 	31.144823 	33.000000 	17.262676 	104.350372 	83.528435 	59.808025 	123.794182 	104.484451 	63.324562 	18.788294 	
22.803509 	30.805843 	72.249565 	9.848858 	84.219948 	116.516090 	113.454834 	65.215027 	34.438351 	82.006096 	14.866069 	999.000000 	57.801384 	17.464249 	50.537113 	2.828427 	22.803509 	89.403580 	18.788294 	27.513634 	77.698135 	24.331051 	74.431175 	95.603348 	5.385165 	54.625999 	11.313708 	7.071068 	93.230896 	107.298645 	74.706093 	20.000000 	102.800781 	126.574089 	114.865135 	15.811388 	62.769421 	14.422205 	100.439034 	107.200745 	43.185646 	115.602768 	19.313208 	47.265209 	20.808653 	118.406082 	98.112183 	74.672615 	137.207870 	118.600166 	78.185677 	25.059929 	
37.643059 	82.969872 	19.416489 	50.159744 	30.463093 	65.551506 	61.846584 	9.486833 	23.600847 	25.806976 	43.266617 	57.801384 	999.000000 	74.686012 	7.810250 	60.539242 	36.235340 	32.557640 	76.537575 	84.970581 	20.000000 	36.069378 	16.643316 	38.948685 	58.821766 	7.000000 	68.796799 	56.400356 	36.069378 	51.088158 	17.088007 	77.698135 	45.967381 	72.111023 	59.033890 	48.795490 	9.433981 	71.028160 	43.185646 	50.209560 	25.961510 	58.694122 	73.878281 	24.186773 	52.630791 	61.522354 	40.311287 	20.223749 	82.200974 	61.554855 	23.021729 	49.648766 	
38.013157 	17.029387 	88.005684 	24.698177 	99.809822 	130.831955 	127.988281 	81.633324 	51.623638 	98.183502 	32.280025 	17.464249 	74.686012 	999.000000 	67.623962 	15.132746 	40.261642 	105.688217 	4.000000 	10.295630 	94.413979 	41.773197 	91.241440 	111.772087 	19.026299 	71.867935 	9.848858 	22.022715 	109.603828 	123.223373 	91.706055 	8.062258 	118.983192 	141.767410 	130.602448 	32.015621 	80.056229 	12.041595 	116.811813 	123.422043 	60.530983 	131.745972 	17.204651 	64.629715 	34.928497 	134.525085 	114.947815 	92.027168 	152.502457 	134.792435 	95.519630 	39.812057 	
31.400637 	76.687675 	26.570660 	43.324360 	38.013157 	73.006851 	69.354164 	17.000000 	16.124516 	33.600594 	35.846897 	50.537113 	7.810250 	67.623962 	999.000000 	53.235325 	28.600698 	40.360870 	69.318108 	77.878113 	27.658634 	28.319605 	24.207438 	46.754681 	51.312767 	5.099020 	61.400326 	48.826221 	43.840622 	58.898216 	24.186773 	70.327805 	53.758720 	79.881165 	66.843102 	41.036568 	13.038404 	63.513779 	50.931328 	57.982758 	19.104973 	66.468040 	66.219330 	18.110771 	44.821869 	69.296463 	47.707443 	25.179358 	90.000000 	69.310890 	28.442924 	41.880783 	
25.612497 	29.410883 	75.073296 	12.529964 	87.045967 	119.331474 	116.275536 	68.007355 	37.121422 	84.811554 	17.464249 	2.828427 	60.539242 	15.132746 	53.235325 	999.000000 	25.298222 	92.200867 	16.155495 	25.000000 	80.454956 	26.683329 	77.175125 	98.407318 	5.000000 	57.271286 	8.485281 	7.615773 	96.020828 	110.113579 	77.414467 	17.204651 	105.603027 	129.402466 	117.686020 	17.262676 	65.391129 	11.661903 	103.227905 	110.000000 	45.398239 	118.406082 	16.763054 	49.497475 	21.470911 	121.210564 	100.846420 	77.252831 	140.035706 	121.400162 	80.777473 	26.000000 	
14.422205 	52.009613 	52.801514 	18.248287 	64.815125 	98.792709 	95.414886 	44.553337 	12.727922 	61.522354 	8.062258 	22.803509 	36.235340 	40.261642 	28.600698 	25.298222 	999.000000 	68.622154 	41.436699 	50.289165 	56.222771 	2.828427 	52.801514 	74.966660 	22.825424 	32.249031 	33.105892 	20.248457 	72.249565 	86.977005 	52.697250 	42.047592 	82.073135 	107.298645 	94.794518 	13.038404 	40.249222 	34.985710 	79.397736 	86.371292 	21.095022 	94.847244 	37.643059 	25.019993 	18.681541 	97.672920 	76.275818 	52.000000 	117.686020 	97.744568 	55.542778 	18.000000 	
67.742157 	111.892807 	18.681541 	80.993828 	10.770329 	37.054016 	33.060551 	24.207438 	55.901699 	7.615773 	75.286118 	89.403580 	32.557640 	105.688217 	40.360870 	92.200867 	68.622154 	999.000000 	107.898102 	115.965515 	13.416408 	68.593002 	17.000000 	6.403124 	90.906548 	38.013157 	100.603180 	88.617157 	4.123106 	18.601076 	18.973665 	109.402924 	13.453624 	40.249222 	26.627054 	81.320351 	32.202484 	103.077644 	11.180340 	17.804493 	56.938564 	26.248810 	106.216759 	54.120235 	85.146935 	29.068884 	13.601471 	27.073973 	49.929951 	29.206163 	25.019993 	82.006096 	
40.459858 	19.849434 	90.426765 	27.018513 	102.303467 	133.734818 	130.831955 	83.761566 	53.225933 	100.439034 	33.615471 	18.788294 	76.537575 	4.000000 	69.318108 	16.155495 	41.436699 	107.898102 	999.000000 	9.055386 	96.384644 	42.720020 	93.150414 	114.039467 	19.235384 	73.409805 	9.000000 	22.203604 	111.772087 	125.602547 	93.477272 	4.123106 	121.247681 	144.422989 	133.060135 	32.140316 	81.541397 	9.848858 	118.983192 	125.670204 	61.188232 	134.033585 	14.142136 	65.306969 	34.234486 	136.824707 	116.846054 	93.407707 	155.128983 	137.058380 	96.932968 	39.204590 	
48.259712 	16.492422 	98.229324 	34.985710 	110.000000 	140.716019 	137.931137 	91.923882 	61.846584 	108.452751 	42.379242 	27.513634 	84.970581 	10.295630 	77.878113 	25.000000 	50.289165 	115.965515 	9.055386 	999.000000 	104.709122 	51.662365 	101.533249 	122.036880 	28.284271 	82.079231 	18.027756 	31.257000 	119.887444 	133.454117 	101.980392 	10.440307 	129.247818 	151.855194 	140.801285 	41.194660 	90.249657 	18.248287 	127.094452 	133.689941 	70.213959 	142.003525 	21.023796 	74.330345 	43.104523 	144.779144 	125.239769 	102.181213 	162.606888 	145.055161 	105.688217 	48.093658 	
56.859474 	101.843018 	13.892444 	69.771057 	16.492422 	49.648766 	45.705578 	13.341664 	43.600460 	9.055386 	63.245552 	77.698135 	20.000000 	94.413979 	27.658634 	80.454956 	56.222771 	13.416408 	96.384644 	104.709122 	999.000000 	55.973209 	3.605551 	19.723083 	78.816238 	24.839485 	88.752464 	76.400261 	16.401220 	31.906113 	6.000000 	97.637085 	26.400757 	53.665630 	39.962482 	68.680420 	18.788294 	91.021973 	23.345236 	30.479502 	43.566040 	38.948685 	93.861603 	40.706264 	72.180328 	41.773197 	20.615528 	15.524175 	63.285069 	41.725292 	14.764823 	68.883957 	
17.204651 	54.083271 	53.254108 	20.615528 	65.215027 	99.478638 	96.041656 	44.687805 	13.038404 	61.619801 	10.049875 	24.331051 	36.069378 	41.773197 	28.319605 	26.683329 	2.828427 	68.593002 	42.720020 	51.662365 	55.973209 	999.000000 	52.497620 	74.966660 	23.769728 	31.622776 	34.176014 	21.023796 	72.138756 	87.045967 	52.201534 	43.081318 	82.024384 	107.615051 	94.921021 	12.727922 	39.446167 	35.777088 	79.246452 	86.278618 	19.000000 	94.762863 	38.013157 	23.021729 	17.464249 	97.590981 	75.802376 	50.990196 	117.923706 	97.621719 	54.561890 	16.124516 	
53.851646 	98.979797 	14.142136 	66.640831 	19.104973 	52.952808 	49.030602 	11.000000 	40.224369 	12.041595 	59.908264 	74.431175 	16.643316 	91.241440 	24.207438 	77.175125 	52.801514 	17.000000 	93.150414 	101.533249 	3.605551 	52.497620 	999.000000 	23.323807 	75.451973 	21.260292 	85.440041 	73.006851 	20.000000 	35.510563 	3.605551 	94.339813 	30.000000 	57.245087 	43.566040 	65.192024 	15.231546 	87.658424 	26.907248 	34.058773 	39.962482 	42.520584 	90.426765 	37.121422 	68.622154 	45.343136 	23.706539 	13.416408 	66.887962 	45.276924 	13.453624 	65.299309 	
73.783470 	117.630775 	24.166092 	87.091904 	14.035668 	32.062439 	28.071337 	30.479502 	62.241467 	13.601471 	81.565926 	95.603348 	38.948685 	111.772087 	46.754681 	98.407318 	74.966660 	6.403124 	114.039467 	122.036880 	19.723083 	74.966660 	23.323807 	999.000000 	97.185387 	44.407207 	106.826965 	94.921021 	4.000000 	12.206555 	25.079872 	115.602768 	7.211102 	34.014702 	20.248457 	87.692642 	38.470768 	109.343498 	6.000000 	11.661903 	63.285069 	20.000000 	112.538879 	60.415230 	91.547798 	22.803509 	12.727922 	32.557640 	43.566040 	23.021729 	30.149628 	88.408142 	
25.942244 	34.176014 	74.249580 	14.142136 	86.278618 	119.201508 	116.038788 	66.708321 	35.227829 	83.630135 	15.620500 	5.385165 	58.821766 	19.026299 	51.312767 	5.000000 	22.825424 	90.906548 	19.235384 	28.284271 	78.816238 	23.769728 	75.451973 	97.185387 	999.000000 	55.072678 	10.440307 	3.000000 	94.641426 	109.041275 	75.471848 	19.313208 	104.350372 	128.763351 	116.726173 	13.000000 	63.063461 	12.206555 	101.828285 	108.706024 	41.976185 	117.153748 	15.811388 	46.097721 	16.552946 	119.970833 	99.020203 	74.732857 	139.316193 	120.104118 	78.294319 	21.189621 	
36.221542 	81.394104 	26.305893 	47.801674 	37.000000 	72.111023 	68.352028 	16.278820 	20.248457 	31.764761 	39.812057 	54.625999 	7.000000 	71.867935 	5.099020 	57.271286 	32.249031 	38.013157 	73.409805 	82.079231 	24.839485 	31.622776 	21.260292 	44.407207 	55.072678 	999.000000 	65.299309 	52.478565 	41.231056 	56.612720 	20.615528 	74.242844 	51.224995 	78.032043 	64.637451 	44.204071 	8.246211 	67.230942 	48.166378 	55.317268 	19.313208 	63.780876 	69.634758 	17.262676 	47.381432 	66.603302 	44.204071 	20.396078 	87.920418 	66.528191 	23.769728 	44.045429 	
34.058773 	26.627054 	83.546394 	20.808653 	95.524864 	127.781059 	124.739731 	76.400261 	45.276924 	93.236259 	25.553865 	11.313708 	68.796799 	9.848858 	61.400326 	8.485281 	33.105892 	100.603180 	9.000000 	18.027756 	88.752464 	34.176014 	85.440041 	106.826965 	10.440307 	65.299309 	999.000000 	13.341664 	104.403069 	118.562218 	85.586212 	8.944272 	114.017540 	137.887634 	126.150703 	23.194826 	73.348480 	4.000000 	111.606453 	118.406082 	52.392746 	126.822708 	10.049875 	56.515484 	25.317978 	129.630249 	109.077957 	85.088188 	148.519363 	129.807556 	88.639717 	30.265491 	
24.698177 	37.000000 	72.180328 	14.035668 	84.219948 	117.413795 	114.201576 	64.443771 	32.802441 	81.394104 	13.453624 	7.071068 	56.400356 	22.022715 	48.826221 	7.615773 	20.248457 	88.617157 	22.203604 	31.257000 	76.400261 	21.023796 	73.006851 	94.921021 	3.000000 	52.478565 	13.341664 	999.000000 	92.314682 	106.831642 	72.945183 	22.135944 	102.068604 	126.732002 	114.560028 	10.000000 	60.415230 	14.764823 	99.488693 	106.404884 	39.051247 	114.865135 	17.691807 	43.174065 	13.892444 	117.686020 	96.519424 	72.013885 	137.244308 	117.796432 	75.584389 	18.384777 	
71.693794 	115.952576 	22.803509 	84.905830 	14.317822 	36.055511 	32.062439 	28.017851 	59.548298 	11.704700 	79.025314 	93.230896 	36.069378 	109.603828 	43.840622 	96.020828 	72.249565 	4.123106 	111.772087 	119.887444 	16.401220 	72.138756 	20.000000 	4.000000 	94.641426 	41.231056 	104.403069 	92.314682 	999.000000 	15.652476 	21.470911 	113.225441 	10.000000 	37.696156 	23.706539 	84.864601 	34.985710 	106.826965 	7.211102 	14.142136 	59.908264 	22.627417 	109.877205 	56.938564 	88.526833 	25.455845 	10.295630 	28.635643 	47.010635 	25.495098 	26.172504 	85.276024 	
85.211502 	128.413391 	35.227829 	98.600204 	23.706539 	23.769728 	20.124611 	42.426407 	74.249580 	25.455845 	93.434471 	107.298645 	51.088158 	123.223373 	58.898216 	110.113579 	86.977005 	18.601076 	125.602547 	133.454117 	31.906113 	87.045967 	35.510563 	12.206555 	109.041275 	56.612720 	118.562218 	106.831642 	15.652476 	999.000000 	37.121422 	127.283150 	6.082763 	22.135944 	8.062258 	99.764725 	50.606323 	121.165176 	10.049875 	5.000000 	75.471848 	9.219544 	124.482933 	72.560318 	103.711136 	11.704700 	19.104973 	43.965897 	31.384710 	12.369317 	41.231056 	100.603180 	
54.708317 	100.000000 	17.691807 	67.230942 	22.360680 	55.578773 	51.623638 	13.341664 	40.311287 	15.033297 	60.033325 	74.706093 	17.088007 	91.706055 	24.186773 	77.414467 	52.697250 	18.973665 	93.477272 	101.980392 	6.000000 	52.201534 	3.605551 	25.079872 	75.471848 	20.615528 	85.586212 	72.945183 	21.470911 	37.121422 	999.000000 	94.514549 	31.384710 	59.093147 	45.177429 	64.815125 	13.601471 	87.664131 	28.017851 	35.227829 	38.600517 	43.600460 	90.210861 	35.510563 	67.896980 	46.400433 	23.600847 	9.848858 	68.476273 	46.227695 	9.899495 	64.381676 	
42.426407 	23.600847 	92.195442 	29.000000 	104.139328 	136.029404 	133.056381 	85.211502 	54.203320 	102.004898 	34.481880 	20.000000 	77.698135 	8.062258 	70.327805 	17.204651 	42.047592 	109.402924 	4.123106 	10.440307 	97.637085 	43.081318 	94.339813 	115.602768 	19.313208 	74.242844 	8.944272 	22.135944 	113.225441 	127.283150 	94.514549 	999.000000 	122.800652 	146.413803 	134.825821 	31.780497 	82.292160 	8.000000 	120.432556 	127.200630 	61.131008 	135.602356 	10.816654 	65.253349 	33.000000 	138.405197 	117.991524 	94.021271 	157.079605 	138.600143 	97.575615 	38.000000 	
80.993828 	124.775803 	31.304953 	94.302704 	20.615528 	29.120440 	25.298222 	37.643059 	69.354164 	20.808653 	88.729927 	102.800781 	45.967381 	118.983192 	53.758720 	105.603027 	82.073135 	13.453624 	121.247681 	129.247818 	26.400757 	82.024384 	30.000000 	7.211102 	104.350372 	51.224995 	114.017540 	102.068604 	10.000000 	6.082763 	31.384710 	122.800652 	999.000000 	28.160255 	13.928389 	94.752312 	44.944408 	116.516090 	4.000000 	4.472136 	69.892776 	12.806249 	119.670380 	66.887962 	98.493652 	15.620500 	13.341664 	37.947330 	37.121422 	15.811388 	35.171009 	95.268044 	
104.004807 	145.340973 	54.561890 	117.456375 	42.520584 	16.031219 	16.278820 	63.007935 	94.641426 	46.324940 	113.278419 	126.574089 	72.111023 	141.767410 	79.881165 	129.402466 	107.298645 	40.249222 	144.422989 	151.855194 	53.665630 	107.615051 	57.245087 	34.014702 	128.763351 	78.032043 	137.887634 	126.732002 	37.696156 	22.135944 	59.093147 	146.413803 	28.160255 	999.000000 	14.317822 	120.253899 	72.449982 	140.730240 	32.015621 	25.317978 	97.128784 	19.104973 	144.422989 	94.366310 	124.619423 	17.464249 	40.311287 	66.098412 	10.816654 	18.681541 	63.324562 	121.757957 	
92.617493 	135.325531 	42.638012 	106.042442 	30.805843 	19.849434 	17.029387 	50.249378 	82.073135 	33.301651 	101.138519 	114.865135 	59.033890 	130.602448 	66.843102 	117.686020 	94.794518 	26.627054 	133.060135 	140.801285 	39.962482 	94.921021 	43.566040 	20.248457 	116.726173 	64.637451 	126.150703 	114.560028 	23.706539 	8.062258 	45.177429 	134.825821 	13.928389 	14.317822 	999.000000 	107.628990 	58.668560 	128.817703 	17.720045 	11.045361 	83.528435 	7.071068 	132.230865 	80.622574 	111.664673 	7.615773 	26.076809 	51.865211 	23.323807 	8.944272 	49.040798 	108.600182 	
23.021729 	46.572525 	65.802734 	17.804493 	77.801025 	111.830231 	108.452751 	57.384666 	25.612497 	74.330345 	10.049875 	15.811388 	48.795490 	32.015621 	41.036568 	17.262676 	13.038404 	81.320351 	32.140316 	41.194660 	68.680420 	12.727922 	65.192024 	87.692642 	13.000000 	44.204071 	23.194826 	10.000000 	84.864601 	99.764725 	64.815125 	31.780497 	94.752312 	120.253899 	107.628990 	999.000000 	51.865211 	24.041630 	91.967384 	99.005051 	29.410883 	107.489532 	25.553865 	33.526108 	7.280110 	110.317726 	88.408142 	63.134777 	130.598618 	110.344917 	66.730804 	9.899495 	
44.407207 	89.627007 	24.331051 	56.044624 	33.241539 	67.911705 	64.031242 	14.866069 	28.460499 	26.925823 	47.927029 	62.769421 	9.433981 	80.056229 	13.038404 	65.391129 	40.249222 	32.202484 	81.541397 	90.249657 	18.788294 	39.446167 	15.231546 	38.470768 	63.063461 	8.246211 	73.348480 	60.415230 	34.985710 	50.606323 	13.601471 	82.292160 	44.944408 	72.449982 	58.668560 	51.865211 	999.000000 	75.179787 	41.617306 	48.826221 	25.000000 	57.201397 	77.388626 	21.954498 	54.561890 	60.000000 	36.796738 	12.165525 	81.987801 	59.816387 	15.524175 	50.911690 	
37.202152 	29.068884 	86.278618 	24.186773 	98.290382 	130.873978 	127.781059 	78.873314 	47.434166 	95.775780 	27.802877 	14.422205 	71.028160 	12.041595 	63.513779 	11.661903 	34.985710 	103.077644 	9.848858 	18.248287 	91.021973 	35.777088 	87.658424 	109.343498 	12.206555 	67.230942 	4.000000 	14.764823 	106.826965 	121.165176 	87.664131 	8.000000 	116.516090 	140.730240 	128.817703 	24.041630 	75.179787 	999.000000 	114.017540 	120.880104 	53.450912 	129.321304 	6.082763 	57.567352 	25.000000 	132.136292 	111.220505 	86.764046 	151.320847 	132.279999 	90.338257 	30.000000 	
78.892334 	123.065025 	29.732138 	92.114059 	20.024984 	32.984844 	29.120440 	35.227829 	66.708321 	18.788294 	86.214851 	100.439034 	43.185646 	116.811813 	50.931328 	103.227905 	79.397736 	11.180340 	118.983192 	127.094452 	23.345236 	79.246452 	26.907248 	6.000000 	101.828285 	48.166378 	111.606453 	99.488693 	7.211102 	10.049875 	28.017851 	120.432556 	4.000000 	32.015621 	17.720045 	91.967384 	41.617306 	114.017540 	999.000000 	7.211102 	66.610809 	15.620500 	117.034180 	63.513779 	95.524864 	18.439089 	9.486833 	34.176014 	40.718548 	18.384777 	31.320919 	92.195442 	
85.440041 	129.247818 	35.777088 	98.737022 	25.000000 	28.635643 	25.059929 	42.011902 	73.661385 	25.238859 	93.085983 	107.200745 	50.209560 	123.422043 	57.982758 	110.000000 	86.371292 	17.804493 	125.670204 	133.689941 	30.479502 	86.278618 	34.058773 	11.661903 	108.706024 	55.317268 	118.406082 	106.404884 	14.142136 	5.000000 	35.227829 	127.200630 	4.472136 	25.317978 	11.045361 	99.005051 	48.826221 	120.880104 	7.211102 	999.000000 	73.817345 	8.485281 	123.987900 	70.724815 	102.649887 	11.313708 	15.033297 	41.231056 	33.615471 	11.401754 	38.275318 	99.357941 	
32.202484 	73.061615 	45.354160 	39.319206 	56.302753 	91.416626 	87.664131 	35.440090 	16.278820 	50.990196 	29.017237 	43.185646 	25.961510 	60.530983 	19.104973 	45.398239 	21.095022 	56.938564 	61.188232 	70.213959 	43.566040 	19.000000 	39.962482 	63.285069 	41.976185 	19.313208 	52.392746 	39.051247 	59.908264 	75.471848 	38.600517 	61.131008 	69.892776 	97.128784 	83.528435 	29.410883 	25.000000 	53.450912 	66.610809 	73.817345 	999.000000 	82.200974 	54.625999 	4.123106 	30.528675 	85.000000 	61.554855 	34.828148 	106.850365 	84.811554 	38.418747 	26.400757 	
93.744331 	137.306229 	43.908997 	107.074738 	32.695564 	26.907248 	24.083189 	50.447994 	82.134033 	33.600594 	101.533249 	115.602768 	58.694122 	131.745972 	66.468040 	118.406082 	94.847244 	26.248810 	134.033585 	142.003525 	38.948685 	94.762863 	42.520584 	20.000000 	117.153748 	63.780876 	126.822708 	114.865135 	22.627417 	9.219544 	43.600460 	135.602356 	12.806249 	19.104973 	7.071068 	107.489532 	57.201397 	129.321304 	15.620500 	8.485281 	82.200974 	999.000000 	132.457535 	79.056938 	111.126053 	2.828427 	22.135944 	49.193497 	25.961510 	3.162278 	46.097721 	107.814659 	
41.677334 	33.970577 	89.872131 	29.154760 	101.911728 	135.000000 	131.821854 	82.073135 	50.328918 	99.035347 	31.144823 	19.313208 	73.878281 	17.204651 	66.219330 	16.763054 	37.643059 	106.216759 	14.142136 	21.023796 	93.861603 	38.013157 	90.426765 	112.538879 	15.811388 	69.634758 	10.049875 	17.691807 	109.877205 	124.482933 	90.210861 	10.816654 	119.670380 	144.422989 	132.230865 	25.553865 	77.388626 	6.082763 	117.034180 	123.987900 	54.625999 	132.457535 	999.000000 	58.694122 	24.738634 	135.281189 	113.811249 	88.684837 	154.935471 	135.369858 	92.282173 	29.614185 	
35.468296 	77.025970 	43.566040 	43.185646 	54.120235 	89.185204 	85.381500 	33.541019 	18.867962 	48.466484 	33.000000 	47.265209 	24.186773 	64.629715 	18.110771 	49.497475 	25.019993 	54.120235 	65.306969 	74.330345 	40.706264 	23.021729 	37.121422 	60.415230 	46.097721 	17.262676 	56.515484 	43.174065 	56.938564 	72.560318 	35.510563 	65.253349 	66.887962 	94.366310 	80.622574 	33.526108 	21.954498 	57.567352 	63.513779 	70.724815 	4.123106 	79.056938 	58.694122 	999.000000 	34.481880 	81.841309 	58.137768 	31.144823 	103.942291 	81.608826 	34.713108 	30.232433 	
30.149628 	50.695168 	70.491135 	24.698177 	82.377182 	116.846054 	113.371071 	61.611687 	30.413813 	78.409180 	17.262676 	20.808653 	52.630791 	34.928497 	44.821869 	21.470911 	18.681541 	85.146935 	34.234486 	43.104523 	72.180328 	17.464249 	68.622154 	91.547798 	16.552946 	47.381432 	25.317978 	13.892444 	88.526833 	103.711136 	67.896980 	33.000000 	98.493652 	124.619423 	111.664673 	7.280110 	54.561890 	25.000000 	95.524864 	102.649887 	30.528675 	111.126053 	24.738634 	34.481880 	999.000000 	113.951744 	91.350975 	65.215027 	134.807266 	113.899078 	68.818604 	5.000000 	
96.519424 	140.003571 	46.647614 	109.859001 	35.341194 	26.907248 	24.413111 	53.263496 	84.958817 	36.400551 	104.350372 	118.406082 	61.522354 	134.525085 	69.296463 	121.210564 	97.672920 	29.068884 	136.824707 	144.779144 	41.773197 	97.590981 	45.343136 	22.803509 	119.970833 	66.603302 	129.630249 	117.686020 	25.455845 	11.704700 	46.400433 	138.405197 	15.620500 	17.464249 	7.615773 	110.317726 	60.000000 	132.136292 	18.439089 	11.313708 	85.000000 	2.828427 	135.281189 	81.841309 	113.951744 	999.000000 	24.698177 	51.884487 	23.537205 	1.414214 	48.754486 	110.634537 	
77.472572 	122.429573 	31.016125 	90.338257 	24.351591 	42.449970 	38.600517 	33.837849 	63.812225 	20.024984 	83.528435 	98.112183 	40.311287 	114.947815 	47.707443 	100.846420 	76.275818 	13.601471 	116.846054 	125.239769 	20.615528 	75.802376 	23.706539 	12.727922 	99.020203 	44.204071 	109.077957 	96.519424 	10.295630 	19.104973 	23.600847 	117.991524 	13.341664 	40.311287 	26.076809 	88.408142 	36.796738 	111.220505 	9.486833 	15.033297 	61.554855 	22.135944 	113.811249 	58.137768 	91.350975 	24.698177 	999.000000 	27.459061 	48.083260 	24.166092 	24.186773 	87.692642 	
56.568542 	101.788994 	27.202942 	68.154236 	32.015621 	64.124878 	60.133186 	20.808653 	40.521599 	24.515301 	59.808025 	74.672615 	20.223749 	92.027168 	25.179358 	77.252831 	52.000000 	27.073973 	93.407707 	102.181213 	15.524175 	50.990196 	13.416408 	32.557640 	74.732857 	20.396078 	85.088188 	72.013885 	28.635643 	43.965897 	9.848858 	94.021271 	37.947330 	66.098412 	51.865211 	63.134777 	12.165525 	86.764046 	34.176014 	41.231056 	34.828148 	49.193497 	88.684837 	31.144823 	65.215027 	51.884487 	27.459061 	999.000000 	74.846512 	51.478149 	3.605551 	61.220913 	
114.690887 	156.156967 	65.069191 	128.144455 	53.037724 	25.495098 	26.570660 	73.246162 	104.995239 	56.400356 	123.794182 	137.207870 	82.200974 	152.502457 	90.000000 	140.035706 	117.686020 	49.929951 	155.128983 	162.606888 	63.285069 	117.923706 	66.887962 	43.566040 	139.316193 	87.920418 	148.519363 	137.244308 	47.010635 	31.384710 	68.476273 	157.079605 	37.121422 	10.816654 	23.323807 	130.598618 	81.987801 	151.320847 	40.718548 	33.615471 	106.850365 	25.961510 	154.935471 	103.942291 	134.807266 	23.537205 	48.083260 	74.846512 	999.000000 	24.331051 	71.867935 	131.825638 	
96.798759 	140.431473 	47.010635 	110.113579 	35.846897 	28.319605 	25.806976 	53.413483 	85.041168 	36.619667 	104.484451 	118.600166 	61.554855 	134.792435 	69.310890 	121.400162 	97.744568 	29.206163 	137.058380 	145.055161 	41.725292 	97.621719 	45.276924 	23.021729 	120.104118 	66.528191 	129.807556 	117.796432 	25.495098 	12.369317 	46.227695 	138.600143 	15.811388 	18.681541 	8.944272 	110.344917 	59.816387 	132.279999 	18.384777 	11.401754 	84.811554 	3.162278 	135.369858 	81.608826 	113.899078 	1.414214 	24.166092 	51.478149 	24.331051 	999.000000 	48.301140 	110.535065 	
59.841457 	105.118980 	27.586229 	71.568146 	31.016125 	62.008064 	58.008621 	22.360680 	43.965897 	23.409399 	63.324562 	78.185677 	23.021729 	95.519630 	28.442924 	80.777473 	55.542778 	25.019993 	96.932968 	105.688217 	14.764823 	54.561890 	13.453624 	30.149628 	78.294319 	23.769728 	88.639717 	75.584389 	26.172504 	41.231056 	9.899495 	97.575615 	35.171009 	63.324562 	49.040798 	66.730804 	15.524175 	90.338257 	31.320919 	38.275318 	38.418747 	46.097721 	92.282173 	34.713108 	68.818604 	48.754486 	24.186773 	3.605551 	71.867935 	48.301140 	999.000000 	64.815125 	
31.048349 	55.362442 	68.000000 	27.658634 	79.755875 	114.490173 	110.941429 	58.830265 	28.460499 	75.451973 	18.788294 	25.059929 	49.648766 	39.812057 	41.880783 	26.000000 	18.000000 	82.006096 	39.204590 	48.093658 	68.883957 	16.124516 	65.299309 	88.408142 	21.189621 	44.045429 	30.265491 	18.384777 	85.276024 	100.603180 	64.381676 	38.000000 	95.268044 	121.757957 	108.600182 	9.899495 	50.911690 	30.000000 	92.195442 	99.357941 	26.400757 	107.814659 	29.614185 	30.232433 	5.000000 	110.634537 	87.692642 	61.220913 	131.825638 	110.535065 	64.815125 	999.000000 	

Travel time:
9.000000 	1.133854 	1.250000 	0.336341 	1.546165 	2.343075 	2.267157 	1.095730 	0.431567 	1.505199 	0.325000 	0.570088 	0.941076 	0.950329 	0.785016 	0.640312 	0.360555 	1.693554 	1.011496 	1.206493 	1.421487 	0.430116 	1.346291 	1.844587 	0.648556 	0.905539 	0.851469 	0.617454 	1.792345 	2.130288 	1.367708 	1.060660 	2.024846 	2.600120 	2.315437 	0.575543 	1.110180 	0.930054 	1.972308 	2.136001 	0.805062 	2.343608 	1.041933 	0.886707 	0.753741 	2.412986 	1.936814 	1.414214 	2.867272 	2.419969 	1.496036 	0.776209 	
1.133854 	9.000000 	2.336798 	0.851469 	2.617728 	3.326503 	3.265061 	2.215006 	1.538059 	2.606962 	1.101136 	0.770146 	2.074247 	0.425735 	1.917192 	0.735272 	1.300240 	2.797320 	0.496236 	0.412311 	2.546075 	1.352082 	2.474495 	2.940769 	0.854400 	2.034853 	0.665676 	0.925000 	2.898814 	3.210335 	2.500000 	0.590021 	3.119395 	3.633524 	3.383138 	1.164313 	2.240675 	0.726722 	3.076626 	3.231195 	1.826540 	3.432656 	0.849264 	1.925649 	1.267379 	3.500089 	3.060739 	2.544725 	3.903924 	3.510787 	2.627975 	1.384061 	
1.250000 	2.336798 	9.000000 	1.585284 	0.301040 	1.162970 	1.073546 	0.251247 	1.005609 	0.279509 	1.468205 	1.806239 	0.485412 	2.200142 	0.664266 	1.876832 	1.320038 	0.467039 	2.260669 	2.455733 	0.347311 	1.331353 	0.353553 	0.604152 	1.856240 	0.657647 	2.088660 	1.804508 	0.570088 	0.880696 	0.442295 	2.304886 	0.782624 	1.364047 	1.065950 	1.645068 	0.608276 	2.156965 	0.743303 	0.894427 	1.133854 	1.097725 	2.246803 	1.089151 	1.762278 	1.166190 	0.775403 	0.680074 	1.626730 	1.175266 	0.689656 	1.700000 	
0.336341 	0.851469 	1.585284 	9.000000 	1.882153 	2.676402 	2.601562 	1.423464 	0.691466 	1.837457 	0.269258 	0.246221 	1.253994 	0.617454 	1.083109 	0.313249 	0.456207 	2.024846 	0.675463 	0.874643 	1.744276 	0.515388 	1.666021 	2.177298 	0.353553 	1.195042 	0.520216 	0.350892 	2.122646 	2.465005 	1.680773 	0.725000 	2.357568 	2.936409 	2.651061 	0.445112 	1.401116 	0.604669 	2.302851 	2.468426 	0.982980 	2.676868 	0.728869 	1.079641 	0.617454 	2.746475 	2.258456 	1.703856 	3.203611 	2.752840 	1.789204 	0.691466 	
1.546165 	2.617728 	0.301040 	1.882153 	9.000000 	0.877853 	0.784618 	0.525595 	1.305038 	0.190394 	1.769181 	2.105499 	0.761577 	2.495245 	0.950329 	2.176149 	1.620378 	0.269258 	2.557587 	2.750000 	0.412311 	1.630376 	0.477624 	0.350892 	2.156965 	0.925000 	2.388122 	2.105499 	0.357946 	0.592663 	0.559017 	2.603483 	0.515388 	1.063015 	0.770146 	1.945026 	0.831038 	2.457260 	0.500625 	0.625000 	1.407569 	0.817389 	2.547793 	1.353006 	2.059430 	0.883530 	0.608790 	0.800391 	1.325943 	0.896172 	0.775403 	1.993897 	
2.343075 	3.326503 	1.162970 	2.676402 	0.877853 	9.000000 	0.100000 	1.402007 	2.161308 	1.025000 	2.601081 	2.912902 	1.638788 	3.270799 	1.825171 	2.983287 	2.469818 	0.926350 	3.343370 	3.517900 	1.241219 	2.486966 	1.323820 	0.801561 	2.980038 	1.802776 	3.194526 	2.935345 	0.901388 	0.594243 	1.389469 	3.400735 	0.728011 	0.400780 	0.496236 	2.795756 	1.697793 	3.271849 	0.824621 	0.715891 	2.285416 	0.672681 	3.375000 	2.229630 	2.921151 	0.672681 	1.061249 	1.603122 	0.637377 	0.707990 	1.550202 	2.862254 	
2.267157 	3.265061 	1.073546 	2.601562 	0.784618 	0.100000 	9.000000 	1.309819 	2.075151 	0.927699 	2.520045 	2.836371 	1.546165 	3.199707 	1.733854 	2.906888 	2.385372 	0.826514 	3.270799 	3.448278 	1.142639 	2.401042 	1.225765 	0.701783 	2.900970 	1.708801 	3.118493 	2.855039 	0.801561 	0.503115 	1.290591 	3.326410 	0.632456 	0.406971 	0.425735 	2.711319 	1.600781 	3.194526 	0.728011 	0.626498 	2.191603 	0.602080 	3.295546 	2.134537 	2.834277 	0.610328 	0.965013 	1.503330 	0.664266 	0.645174 	1.450216 	2.773536 	
1.095730 	2.215006 	0.251247 	1.423464 	0.525595 	1.402007 	1.309819 	9.000000 	0.795692 	0.424264 	1.277204 	1.630376 	0.237171 	2.040833 	0.425000 	1.700184 	1.113833 	0.605186 	2.094039 	2.298097 	0.333542 	1.117195 	0.275000 	0.761988 	1.667708 	0.406971 	1.910007 	1.611094 	0.700446 	1.060660 	0.333542 	2.130288 	0.941076 	1.575198 	1.256234 	1.434617 	0.371652 	1.971833 	0.880696 	1.050297 	0.886002 	1.261200 	2.051828 	0.838525 	1.540292 	1.331587 	0.845946 	0.520216 	1.831154 	1.335337 	0.559017 	1.470757 	
0.431567 	1.538059 	1.005609 	0.691466 	1.305038 	2.161308 	2.075151 	0.795692 	9.000000 	1.219887 	0.493077 	0.860959 	0.590021 	1.290591 	0.403113 	0.928036 	0.318198 	1.397542 	1.330648 	1.546165 	1.090011 	0.325960 	1.005609 	1.556037 	0.880696 	0.506211 	1.131923 	0.820061 	1.488707 	1.856240 	1.007782 	1.355083 	1.733854 	2.366036 	2.051828 	0.640312 	0.711512 	1.185854 	1.667708 	1.841535 	0.406971 	2.053351 	1.258223 	0.471699 	0.760345 	2.123971 	1.595306 	1.013040 	2.624881 	2.126029 	1.099147 	0.711512 	
1.505199 	2.606962 	0.279509 	1.837457 	0.190394 	1.025000 	0.927699 	0.424264 	1.219887 	9.000000 	1.700368 	2.050152 	0.645174 	2.454587 	0.840015 	2.120289 	1.538059 	0.190394 	2.510976 	2.711319 	0.226385 	1.540495 	0.301040 	0.340037 	2.090753 	0.794119 	2.330906 	2.034853 	0.292617 	0.636396 	0.375832 	2.550122 	0.520216 	1.158123 	0.832541 	1.858259 	0.673146 	2.394394 	0.469707 	0.630971 	1.274755 	0.840015 	2.475884 	1.211662 	1.960230 	0.910014 	0.500625 	0.612882 	1.410009 	0.915492 	0.585235 	1.886299 	
0.325000 	1.101136 	1.468205 	0.269258 	1.769181 	2.601081 	2.520045 	1.277204 	0.493077 	1.700368 	9.000000 	0.371652 	1.081665 	0.807001 	0.896172 	0.436606 	0.201556 	1.882153 	0.840387 	1.059481 	1.581139 	0.251247 	1.497707 	2.039148 	0.390512 	0.995301 	0.638847 	0.336341 	1.975633 	2.335862 	1.500833 	0.862047 	2.218248 	2.831960 	2.528463 	0.251247 	1.198176 	0.695072 	2.155371 	2.327150 	0.725431 	2.538331 	0.778621 	0.825000 	0.431567 	2.608759 	2.088211 	1.495201 	3.094855 	2.612111 	1.583114 	0.469707 	
0.570088 	0.770146 	1.806239 	0.246221 	2.105499 	2.912902 	2.836371 	1.630376 	0.860959 	2.050152 	0.371652 	9.000000 	1.445035 	0.436606 	1.263428 	0.070711 	0.570088 	2.235090 	0.469707 	0.687841 	1.942453 	0.608276 	1.860779 	2.390084 	0.134629 	1.365650 	0.282843 	0.176777 	2.330772 	2.682466 	1.867652 	0.500000 	2.570019 	3.164352 	2.871628 	0.395285 	1.569236 	0.360555 	2.510976 	2.680019 	1.079641 	2.890069 	0.482830 	1.181630 	0.520216 	2.960152 	2.452805 	1.866815 	3.430197 	2.965004 	1.954642 	0.626498 	
0.941076 	2.074247 	0.485412 	1.253994 	0.761577 	1.638788 	1.546165 	0.237171 	0.590021 	0.645174 	1.081665 	1.445035 	9.000000 	1.867150 	0.195256 	1.513481 	0.905883 	0.813941 	1.913439 	2.124264 	0.500000 	0.901734 	0.416083 	0.973717 	1.470544 	0.175000 	1.719920 	1.410009 	0.901734 	1.277204 	0.427200 	1.942453 	1.149184 	1.802776 	1.475847 	1.219887 	0.235850 	1.775704 	1.079641 	1.255239 	0.649038 	1.467353 	1.846957 	0.604669 	1.315770 	1.538059 	1.007782 	0.505594 	2.055024 	1.538871 	0.575543 	1.241219 	
0.950329 	0.425735 	2.200142 	0.617454 	2.495245 	3.270799 	3.199707 	2.040833 	1.290591 	2.454587 	0.807001 	0.436606 	1.867150 	9.000000 	1.690599 	0.378319 	1.006541 	2.642205 	0.100000 	0.257391 	2.360349 	1.044330 	2.281036 	2.794302 	0.475657 	1.796698 	0.246221 	0.550568 	2.740096 	3.080584 	2.292651 	0.201556 	2.974580 	3.544185 	3.265061 	0.800391 	2.001406 	0.301040 	2.920295 	3.085551 	1.513275 	3.293649 	0.430116 	1.615743 	0.873212 	3.363127 	2.873695 	2.300679 	3.812562 	3.369811 	2.387991 	0.995301 	
0.785016 	1.917192 	0.664266 	1.083109 	0.950329 	1.825171 	1.733854 	0.425000 	0.403113 	0.840015 	0.896172 	1.263428 	0.195256 	1.690599 	9.000000 	1.330883 	0.715017 	1.009022 	1.732953 	1.946953 	0.691466 	0.707990 	0.605186 	1.168867 	1.282819 	0.127475 	1.535008 	1.220656 	1.096016 	1.472455 	0.604669 	1.758195 	1.343968 	1.997029 	1.671077 	1.025914 	0.325960 	1.587844 	1.273283 	1.449569 	0.477624 	1.661701 	1.655483 	0.452769 	1.120547 	1.732412 	1.192686 	0.629484 	2.250000 	1.732772 	0.711073 	1.047020 	
0.640312 	0.735272 	1.876832 	0.313249 	2.176149 	2.983287 	2.906888 	1.700184 	0.928036 	2.120289 	0.436606 	0.070711 	1.513481 	0.378319 	1.330883 	9.000000 	0.632456 	2.305022 	0.403887 	0.625000 	2.011374 	0.667083 	1.929378 	2.460183 	0.125000 	1.431782 	0.212132 	0.190394 	2.400521 	2.752840 	1.935362 	0.430116 	2.640076 	3.235062 	2.942151 	0.431567 	1.634778 	0.291548 	2.580698 	2.750000 	1.134956 	2.960152 	0.419076 	1.237437 	0.536773 	3.030264 	2.521161 	1.931321 	3.500893 	3.035004 	2.019437 	0.650000 	
0.360555 	1.300240 	1.320038 	0.456207 	1.620378 	2.469818 	2.385372 	1.113833 	0.318198 	1.538059 	0.201556 	0.570088 	0.905883 	1.006541 	0.715017 	0.632456 	9.000000 	1.715554 	1.035918 	1.257229 	1.405569 	0.070711 	1.320038 	1.874166 	0.570636 	0.806226 	0.827647 	0.506211 	1.806239 	2.174425 	1.317431 	1.051190 	2.051828 	2.682466 	2.369863 	0.325960 	1.006231 	0.874643 	1.984943 	2.159282 	0.527376 	2.371181 	0.941076 	0.625500 	0.467039 	2.441823 	1.906895 	1.300000 	2.942151 	2.443614 	1.388569 	0.450000 	
1.693554 	2.797320 	0.467039 	2.024846 	0.269258 	0.926350 	0.826514 	0.605186 	1.397542 	0.190394 	1.882153 	2.235090 	0.813941 	2.642205 	1.009022 	2.305022 	1.715554 	9.000000 	2.697453 	2.899138 	0.335410 	1.714825 	0.425000 	0.160078 	2.272664 	0.950329 	2.515079 	2.215429 	0.103078 	0.465027 	0.474342 	2.735073 	0.336341 	1.006231 	0.665676 	2.033009 	0.805062 	2.576941 	0.279509 	0.445112 	1.423464 	0.656220 	2.655419 	1.353006 	2.128673 	0.726722 	0.340037 	0.676849 	1.248249 	0.730154 	0.625500 	2.050152 	
