Total assets = 607
Number of asset nodes = 33

Distance:
999.000000 	58.668560 	32.557640 	29.068884 	43.278172 	38.897301 	46.754681 	30.232433 	29.529646 	42.011902 	33.286633 	57.628117 	64.637451 	48.918301 	23.194826 	20.000000 	46.097721 	25.179358 	31.780497 	18.027756 	69.634758 	23.345236 	27.018513 	44.418465 	70.434364 	36.400551 	25.495098 	63.702435 	76.694199 	61.073727 	65.069191 	23.430750 	48.301140 	58.008621 	63.890530 	27.513634 	49.739319 	56.035702 	32.249031 	38.118237 	74.276512 	43.965897 	54.203320 	34.365681 	29.206163 	67.357254 	30.000000 	56.938564 	41.303753 	45.398239 	70.434364 	
58.668560 	999.000000 	27.892651 	87.367043 	100.424103 	96.607452 	104.019226 	88.836929 	37.121422 	25.317978 	91.923882 	114.214706 	120.282997 	20.615528 	48.373547 	76.694199 	89.044930 	41.231056 	90.354858 	71.784401 	125.207825 	55.326305 	50.039986 	103.077644 	126.810883 	41.436699 	56.142673 	19.697716 	21.540659 	21.633308 	122.441826 	70.405968 	32.202484 	24.758837 	22.360680 	60.074955 	108.406639 	114.586212 	86.683334 	48.836460 	25.000000 	102.044106 	112.871605 	56.222771 	69.260376 	125.431259 	75.802376 	115.602768 	98.081596 	47.759815 	128.705093 	
32.557640 	27.892651 	999.000000 	61.619801 	75.690155 	71.421288 	79.208588 	62.625874 	10.770329 	11.180340 	65.604881 	89.938866 	96.674713 	17.000000 	21.023796 	49.193497 	71.168816 	25.019993 	63.513779 	44.011364 	101.671036 	28.017851 	23.537205 	76.609398 	102.727798 	19.104973 	29.154760 	31.400637 	44.204071 	29.154760 	97.580734 	42.579338 	21.095022 	26.925823 	31.906113 	33.241539 	81.841309 	88.408142 	58.821766 	26.400757 	41.868843 	74.706093 	86.267029 	31.384710 	42.011902 	99.904953 	48.166378 	89.050545 	70.384659 	29.206163 	102.941734 	
29.068884 	87.367043 	61.619801 	999.000000 	15.231546 	10.295630 	18.357559 	3.605551 	57.628117 	70.767227 	6.082763 	29.529646 	37.161808 	77.794601 	48.877399 	19.104973 	36.796738 	49.648766 	9.219544 	25.495098 	42.047592 	45.694637 	51.429562 	16.492422 	42.190044 	62.769421 	47.169907 	92.633690 	105.759163 	89.872131 	36.235340 	34.234486 	76.026314 	86.556343 	92.698433 	46.840153 	21.840330 	27.294687 	25.079872 	62.241467 	103.237587 	20.880613 	26.248810 	55.659679 	42.190044 	38.288380 	37.054016 	28.792360 	23.600847 	69.856995 	41.400482 	
43.278172 	100.424103 	75.690155 	15.231546 	999.000000 	5.099020 	3.605551 	16.278820 	72.422371 	85.276024 	15.000000 	14.422205 	21.931713 	92.195442 	64.007812 	33.955853 	33.615471 	60.901562 	20.024984 	40.521599 	26.832815 	60.926186 	66.640831 	14.142136 	27.202942 	77.897369 	62.393909 	106.962608 	119.553337 	104.350372 	22.022715 	49.030602 	90.972527 	101.212646 	107.168091 	61.983868 	17.000000 	18.027756 	37.215588 	77.472572 	117.515953 	24.413111 	19.924858 	70.837845 	56.885849 	25.495098 	51.156624 	21.377558 	30.870699 	85.088188 	29.154760 	
38.897301 	96.607452 	71.421288 	10.295630 	5.099020 	999.000000 	8.062258 	11.180340 	67.801178 	80.808418 	10.049875 	19.235384 	26.925823 	87.783829 	59.169250 	28.861740 	34.985710 	57.697487 	15.132746 	35.440090 	31.780497 	55.946404 	61.717098 	12.083046 	31.906113 	73.061615 	57.384666 	102.591423 	115.433968 	99.904953 	26.172504 	43.931767 	86.267029 	96.674713 	102.727798 	56.920998 	16.278820 	19.416489 	32.388271 	72.498276 	113.172432 	21.213203 	20.024984 	65.787537 	51.788029 	28.844410 	46.097721 	22.022715 	26.925823 	80.112419 	32.249031 	
46.754681 	104.019226 	79.208588 	18.357559 	3.605551 	8.062258 	999.000000 	18.973665 	75.802376 	88.729927 	17.262676 	11.180340 	18.973665 	95.671310 	67.230942 	36.687874 	35.735138 	64.498062 	22.090721 	43.324360 	23.769728 	63.976559 	69.771057 	13.892444 	23.853722 	81.123360 	65.391129 	110.453613 	123.109711 	107.814659 	18.439089 	51.662365 	94.302704 	104.637466 	110.634537 	64.845970 	15.620500 	15.297058 	39.012817 	80.529495 	121.016525 	24.596748 	17.888544 	73.736015 	59.439045 	21.931713 	53.460266 	18.973665 	31.622776 	88.141930 	25.632011 	
30.232433 	88.836929 	62.625874 	3.605551 	16.278820 	11.180340 	18.973665 	999.000000 	58.051701 	71.421288 	3.162278 	30.083218 	37.947330 	78.517517 	48.826221 	17.720045 	40.311287 	51.923019 	5.656854 	24.351591 	42.720020 	45.177429 	51.107731 	14.317822 	42.485291 	62.681736 	46.518814 	93.380943 	106.826965 	90.509666 	36.055511 	32.756680 	76.216797 	87.045967 	93.338097 	45.880280 	19.697716 	25.806976 	22.135944 	61.717098 	104.004807 	17.464249 	24.166092 	54.781384 	40.607880 	37.483330 	35.014282 	26.832815 	20.000000 	69.318108 	40.360870 	
29.529646 	37.121422 	10.770329 	57.628117 	72.422371 	67.801178 	75.802376 	58.051701 	999.000000 	13.892444 	60.827625 	86.838928 	94.031906 	21.095022 	11.401754 	42.801868 	72.835434 	31.016125 	58.051701 	36.891735 	99.020203 	18.248287 	13.038404 	71.449280 	99.624290 	9.848858 	19.026299 	35.805027 	50.537113 	32.649654 	93.861603 	33.837849 	18.788294 	29.000000 	35.468296 	23.000000 	76.485291 	83.450584 	50.990196 	16.278820 	46.400433 	68.242218 	80.808418 	20.615528 	32.140316 	95.524864 	38.832977 	83.630135 	63.134777 	20.615528 	98.290382 	
42.011902 	25.317978 	11.180340 	70.767227 	85.276024 	80.808418 	88.729927 	71.421288 	13.892444 	999.000000 	74.276512 	99.639351 	106.606750 	7.211102 	25.079872 	56.612720 	82.280006 	36.013885 	71.700768 	50.774010 	111.606453 	31.622776 	25.709921 	85.041168 	112.445541 	16.124516 	32.015621 	22.022715 	36.674240 	19.104973 	106.962608 	47.539455 	10.770329 	16.124516 	21.931713 	35.693138 	90.138779 	97.000000 	64.845970 	23.537205 	32.649654 	82.097504 	94.493385 	31.016125 	45.122055 	108.894447 	52.201534 	97.308784 	77.025970 	23.323807 	111.758667 	
33.286633 	91.923882 	65.604881 	6.082763 	15.000000 	10.049875 	17.262676 	3.162278 	60.827625 	74.276512 	999.000000 	28.160255 	36.138622 	81.394104 	51.400391 	19.697716 	41.773197 	55.081757 	5.099020 	26.400757 	40.804413 	47.507893 	53.535034 	11.180340 	40.311287 	65.215027 	48.764740 	96.260063 	109.808922 	93.348808 	33.615471 	34.481880 	78.873314 	89.827614 	96.176918 	47.927029 	16.552946 	22.803509 	22.360680 	64.007812 	106.887794 	14.866069 	21.023796 	56.859474 	42.201897 	34.713108 	36.221542 	23.706539 	18.384777 	71.589104 	37.483330 	
57.628117 	114.214706 	89.938866 	29.529646 	14.422205 	19.235384 	11.180340 	30.083218 	86.838928 	99.639351 	28.160255 	999.000000 	8.062258 	106.526993 	78.390053 	47.759815 	39.012817 	74.060783 	32.756680 	54.424259 	12.649111 	75.153175 	80.950600 	22.090721 	12.806249 	92.282173 	76.557167 	121.264175 	133.645050 	118.697090 	9.219544 	62.641838 	105.394501 	115.602768 	121.511314 	75.960518 	21.189621 	16.401220 	49.162994 	91.706055 	131.795303 	32.557640 	21.095022 	84.864601 	70.342018 	15.033297 	64.132675 	20.615528 	40.311287 	99.317673 	19.026299 	
64.637451 	120.282997 	96.674713 	37.161808 	21.931713 	26.925823 	18.973665 	37.947330 	94.031906 	106.606750 	36.138622 	8.062258 	999.000000 	113.406349 	85.883644 	55.659679 	40.607880 	79.649231 	40.792156 	62.297672 	5.000000 	82.855293 	88.566360 	30.016663 	7.280110 	99.764725 	84.308952 	128.062485 	140.071411 	125.602547 	10.000000 	70.604530 	112.680969 	122.641754 	128.405609 	83.815269 	28.635643 	22.847319 	57.218880 	99.403221 	138.538803 	40.311287 	27.856777 	92.698433 	78.339005 	16.643316 	72.180328 	26.832815 	48.166378 	107.018692 	20.124611 	
48.918301 	20.615528 	17.000000 	77.794601 	92.195442 	87.783829 	95.671310 	78.517517 	21.095022 	7.211102 	81.394104 	106.526993 	113.406349 	999.000000 	32.202484 	63.820061 	87.920418 	40.607880 	78.873314 	57.982758 	118.406082 	38.626415 	32.572994 	92.195442 	119.331474 	22.090721 	38.897301 	14.866069 	29.546574 	12.206555 	113.951744 	54.625999 	11.661903 	10.198039 	15.000000 	42.449970 	97.308784 	104.139328 	72.006943 	29.017237 	25.495098 	89.308456 	101.671036 	37.121422 	51.923019 	115.974136 	59.135437 	104.484451 	84.219948 	27.202942 	118.869675 	
23.194826 	48.373547 	21.023796 	48.877399 	64.007812 	59.169250 	67.230942 	48.826221 	11.401754 	25.079872 	51.400391 	78.390053 	85.883644 	32.202484 	999.000000 	32.526913 	69.000000 	34.058773 	48.166378 	26.248810 	90.824005 	7.000000 	4.472136 	61.619801 	91.065910 	13.892444 	8.246211 	46.647614 	61.741398 	43.266617 	84.876381 	22.472204 	27.586229 	39.204590 	46.043457 	12.369317 	66.483078 	73.661385 	39.824615 	15.000000 	57.140179 	57.628117 	70.710678 	13.601471 	21.000000 	86.052307 	27.459061 	73.539108 	52.153618 	22.203604 	88.617157 	
20.000000 	76.694199 	49.193497 	19.104973 	33.955853 	28.861740 	36.687874 	17.720045 	42.801868 	56.612720 	19.697716 	47.759815 	55.659679 	63.820061 	32.526913 	999.000000 	51.429562 	45.099888 	15.811388 	6.708204 	60.406952 	28.017851 	34.205261 	29.206163 	60.008331 	46.097721 	29.154760 	78.600258 	92.962357 	75.432091 	53.235325 	15.132746 	60.108234 	71.589104 	78.243210 	28.231188 	33.970577 	41.231056 	12.649111 	44.418465 	89.202019 	25.553865 	38.183765 	37.161808 	23.086792 	53.823788 	18.439089 	41.012192 	21.587032 	51.971146 	56.222771 	
46.097721 	89.044930 	71.168816 	36.796738 	33.615471 	34.985710 	35.735138 	40.311287 	72.835434 	82.280006 	41.773197 	39.012817 	40.607880 	87.920418 	69.000000 	51.429562 	999.000000 	48.301140 	45.967381 	55.713554 	44.384682 	69.354164 	73.027390 	47.010635 	47.853943 	81.301903 	71.449280 	101.237343 	110.276924 	99.724625 	48.010414 	64.513565 	91.005493 	98.030609 	102.318130 	72.993149 	50.566788 	50.960770 	61.032780 	84.000000 	110.923393 	55.803226 	53.488316 	80.399002 	72.124893 	54.037025 	69.462219 	54.708317 	60.141499 	91.049438 	58.034473 	
25.179358 	41.231056 	25.019993 	49.648766 	60.901562 	57.697487 	64.498062 	51.923019 	31.016125 	36.013885 	55.081757 	74.060783 	79.649231 	40.607880 	34.058773 	45.099888 	48.301140 	999.000000 	54.918121 	42.953465 	84.504440 	38.948685 	38.418747 	66.098412 	86.400230 	40.853397 	41.036568 	53.141319 	62.128899 	51.923019 	82.680107 	46.615448 	46.097721 	50.803543 	54.405884 	44.687805 	71.470276 	76.694199 	57.428215 	46.529560 	62.649822 	67.742157 	75.894661 	47.634022 	50.249378 	86.353920 	53.310413 	78.434685 	66.030296 	51.623638 	89.894379 	
31.780497 	90.354858 	63.513779 	9.219544 	20.024984 	15.132746 	22.090721 	5.656854 	58.051701 	71.700768 	5.099020 	32.756680 	40.792156 	78.873314 	48.166378 	15.811388 	45.967381 	54.918121 	999.000000 	22.472204 	45.354160 	43.829212 	50.000000 	13.453624 	44.598206 	61.846584 	44.944408 	93.723000 	107.647575 	90.686272 	37.576588 	30.083218 	75.742989 	87.000000 	93.509361 	43.829212 	18.439089 	25.495098 	17.262676 	60.207973 	104.350372 	13.000000 	22.803509 	52.773098 	37.643059 	38.013157 	31.400637 	25.612497 	14.422205 	67.742157 	40.459858 	
18.027756 	71.784401 	44.011364 	25.495098 	40.521599 	35.440090 	43.324360 	24.351591 	36.891735 	50.774010 	26.400757 	54.424259 	62.297672 	57.982758 	26.248810 	6.708204 	55.713554 	42.953465 	22.472204 	999.000000 	67.067131 	21.400934 	27.658634 	35.805027 	66.708321 	39.623226 	22.472204 	72.670486 	87.321243 	69.404610 	59.941639 	9.055386 	53.758720 	65.436989 	72.201111 	21.540659 	40.459858 	47.801674 	15.132746 	37.735924 	83.234612 	31.400637 	44.598206 	30.463093 	17.029387 	60.464867 	13.892444 	47.423622 	26.400757 	45.276924 	62.801273 	
69.634758 	125.207825 	101.671036 	42.047592 	26.832815 	31.780497 	23.769728 	42.720020 	99.020203 	111.606453 	40.804413 	12.649111 	5.000000 	118.406082 	90.824005 	60.406952 	44.384682 	84.504440 	45.354160 	67.067131 	999.000000 	87.726852 	93.471924 	34.058773 	4.472136 	104.709122 	89.157166 	133.060135 	145.041367 	130.602448 	11.180340 	75.286118 	117.660530 	127.640121 	133.405396 	88.600227 	32.140316 	25.709921 	61.522354 	104.278473 	143.533966 	44.045429 	30.805843 	97.498718 	82.969872 	17.029387 	76.687675 	29.410883 	52.009613 	111.892807 	19.849434 	
23.345236 	55.326305 	28.017851 	45.694637 	60.926186 	55.946404 	63.976559 	45.177429 	18.248287 	31.622776 	47.507893 	75.153175 	82.855293 	38.626415 	7.000000 	28.017851 	69.354164 	38.948685 	43.829212 	21.400934 	87.726852 	999.000000 	6.403124 	57.201397 	87.658424 	18.439089 	2.236068 	52.773098 	68.154236 	49.244289 	81.123360 	16.124516 	32.802441 	44.944408 	51.971146 	5.830952 	61.846584 	69.202599 	33.837849 	16.552946 	63.134777 	52.345009 	65.946945 	11.045361 	14.000000 	81.841309 	20.615528 	68.767723 	46.400433 	24.166092 	84.202141 	
27.018513 	50.039986 	23.537205 	51.429562 	66.640831 	61.717098 	69.771057 	51.107731 	13.038404 	25.709921 	53.535034 	80.950600 	88.566360 	32.572994 	4.472136 	34.205261 	73.027390 	38.418747 	50.000000 	27.658634 	93.471924 	6.403124 	999.000000 	63.411354 	93.536087 	12.041595 	6.324555 	46.518814 	62.032249 	42.941822 	87.132080 	22.472204 	26.400757 	38.587563 	45.650848 	10.049875 	68.117546 	75.432091 	40.224369 	11.180340 	56.824291 	58.728188 	72.249565 	9.219544 	19.416489 	88.005684 	26.570660 	75.073296 	52.801514 	18.681541 	90.426765 	
44.418465 	103.077644 	76.609398 	16.492422 	14.142136 	12.083046 	13.892444 	14.317822 	71.449280 	85.041168 	11.180340 	22.090721 	30.016663 	92.195442 	61.619801 	29.206163 	47.010635 	66.098412 	13.453624 	35.805027 	34.058773 	57.201397 	63.411354 	999.000000 	32.557640 	75.286118 	58.249462 	107.056061 	120.801491 	104.062485 	25.000000 	42.941822 	89.196411 	100.419121 	106.887794 	56.938564 	5.385165 	12.041595 	27.658634 	73.498299 	117.686020 	10.770329 	9.848858 	65.863495 	50.159744 	24.698177 	43.324360 	12.529964 	18.248287 	80.993828 	27.018513 	
70.434364 	126.810883 	102.727798 	42.190044 	27.202942 	31.906113 	23.853722 	42.485291 	99.624290 	112.445541 	40.311287 	12.806249 	7.280110 	119.331474 	91.065910 	60.008331 	47.853943 	86.400230 	44.598206 	66.708321 	4.472136 	87.658424 	93.536087 	32.557640 	999.000000 	104.957130 	89.000000 	134.063416 	146.372818 	131.502853 	8.062258 	74.672615 	118.152443 	128.405609 	134.316788 	88.238312 	30.016663 	23.086792 	60.207973 	104.201729 	144.589066 	42.047592 	28.160255 	97.169952 	82.219215 	13.038404 	75.690155 	26.476404 	50.089920 	111.803398 	15.556349 	
36.400551 	41.436699 	19.104973 	62.769421 	77.897369 	73.061615 	81.123360 	62.681736 	9.848858 	16.124516 	65.215027 	92.282173 	99.764725 	22.090721 	13.892444 	46.097721 	81.301903 	40.853397 	61.846584 	39.623226 	104.709122 	18.439089 	12.041595 	75.286118 	104.957130 	999.000000 	18.027756 	35.114101 	50.960770 	31.384710 	98.737022 	34.409302 	14.422205 	26.832815 	34.014702 	21.023796 	80.056229 	87.321243 	52.201534 	7.615773 	45.188496 	70.767227 	84.219948 	15.033297 	30.463093 	99.809822 	38.013157 	87.045967 	64.815125 	10.770329 	102.303467 	
25.495098 	56.142673 	29.154760 	47.169907 	62.393909 	57.384666 	65.391129 	46.518814 	19.026299 	32.015621 	48.764740 	76.557167 	84.308952 	38.897301 	8.246211 	29.154760 	71.449280 	41.036568 	44.944408 	22.472204 	89.157166 	2.236068 	6.324555 	58.249462 	89.000000 	18.027756 	999.000000 	52.801514 	68.352028 	49.193497 	82.365044 	16.401220 	32.449963 	44.777225 	51.884487 	4.123106 	62.801273 	70.213959 	34.205261 	15.264338 	63.063461 	53.037724 	66.843102 	9.000000 	13.152946 	82.927681 	20.248457 	69.656296 	46.861500 	22.825424 	85.211502 	
63.702435 	19.697716 	31.400637 	92.633690 	106.962608 	102.591423 	110.453613 	93.380943 	35.805027 	22.022715 	96.260063 	121.264175 	128.062485 	14.866069 	46.647614 	78.600258 	101.237343 	53.141319 	93.723000 	72.670486 	133.060135 	52.773098 	46.518814 	107.056061 	134.063416 	35.114101 	52.801514 	999.000000 	16.124516 	4.000000 	128.763351 	68.883957 	21.377558 	9.000000 	2.828427 	56.080299 	112.160599 	119.004204 	86.452301 	41.000000 	10.630146 	104.043259 	116.516090 	49.729267 	65.551506 	130.831955 	73.006851 	119.331474 	98.792709 	37.054016 	133.734818 	
76.694199 	21.540659 	44.204071 	105.759163 	119.553337 	115.433968 	123.109711 	106.826965 	50.537113 	36.674240 	109.808922 	133.645050 	140.071411 	29.546574 	61.741398 	92.962357 	110.276924 	62.128899 	107.647575 	87.321243 	145.041367 	68.154236 	62.032249 	120.801491 	146.372818 	50.960770 	68.352028 	16.124516 	999.000000 	20.099751 	141.534454 	84.172440 	37.483330 	25.079872 	18.000000 	71.784401 	126.015869 	132.612213 	101.518471 	57.070133 	9.433981 	118.511604 	130.430054 	65.734314 	81.271149 	144.045135 	88.600227 	133.221619 	113.648582 	53.150730 	147.122391 	
61.073727 	21.633308 	29.154760 	89.872131 	104.350372 	99.904953 	107.814659 	90.509666 	32.649654 	19.104973 	93.348808 	118.697090 	125.602547 	12.206555 	43.266617 	75.432091 	99.724625 	51.923019 	90.686272 	69.404610 	130.602448 	49.244289 	42.941822 	104.062485 	131.502853 	31.384710 	49.193497 	4.000000 	20.099751 	999.000000 	126.063477 	65.368187 	17.464249 	5.000000 	2.828427 	52.392746 	109.123779 	116.043098 	83.006027 	37.107952 	13.892444 	100.801788 	113.454834 	45.880280 	61.846584 	127.988281 	69.354164 	116.275536 	95.414886 	33.060551 	130.831955 	
65.069191 	122.441826 	97.580734 	36.235340 	22.022715 	26.172504 	18.439089 	36.055511 	93.861603 	106.962608 	33.615471 	9.219544 	10.000000 	113.951744 	84.876381 	53.235325 	48.010414 	82.680107 	37.576588 	59.941639 	11.180340 	81.123360 	87.132080 	25.000000 	8.062258 	98.737022 	82.365044 	128.763351 	141.534454 	126.063477 	999.000000 	67.623962 	112.200714 	122.788437 	128.887543 	81.394104 	22.090721 	15.033297 	52.630791 	97.616600 	139.344894 	34.132095 	20.099751 	90.338257 	75.026665 	6.708204 	68.308128 	18.439089 	42.190044 	105.190300 	10.440307 	
23.430750 	70.405968 	42.579338 	34.234486 	49.030602 	43.931767 	51.662365 	32.756680 	33.837849 	47.539455 	34.481880 	62.641838 	70.604530 	54.625999 	22.472204 	15.132746 	64.513565 	46.615448 	30.083218 	9.055386 	75.286118 	16.124516 	22.472204 	42.941822 	74.672615 	34.409302 	16.401220 	68.883957 	84.172440 	65.368187 	67.623962 	999.000000 	48.826221 	61.057350 	68.095520 	14.212670 	47.169907 	54.708317 	17.804493 	31.144823 	79.259071 	36.878178 	51.039200 	23.021729 	8.000000 	67.601776 	6.708204 	53.823788 	30.479502 	38.418747 	69.641945 	
48.301140 	32.202484 	21.095022 	76.026314 	90.972527 	86.267029 	94.302704 	76.216797 	18.788294 	10.770329 	78.873314 	105.394501 	112.680969 	11.661903 	27.586229 	60.108234 	91.005493 	46.097721 	75.742989 	53.758720 	117.660530 	32.802441 	26.400757 	89.196411 	118.152443 	14.422205 	32.449963 	21.377558 	37.483330 	17.464249 	112.200714 	48.826221 	999.000000 	12.649111 	19.924858 	35.355339 	94.069122 	101.237343 	66.610809 	19.646883 	31.016125 	85.041168 	98.290382 	28.460499 	44.721359 	113.569359 	52.354561 	101.118744 	79.202271 	16.124516 	116.180893 	
58.008621 	24.758837 	26.925823 	86.556343 	101.212646 	96.674713 	104.637466 	87.045967 	29.000000 	16.124516 	89.827614 	115.602768 	122.641754 	10.198039 	39.204590 	71.589104 	98.030609 	50.803543 	87.000000 	65.436989 	127.640121 	44.944408 	38.587563 	100.419121 	128.405609 	26.832815 	44.777225 	9.000000 	25.079872 	5.000000 	122.788437 	61.057350 	12.649111 	999.000000 	7.280110 	47.853943 	105.418213 	112.432205 	78.771820 	32.280025 	18.384777 	96.829750 	109.713264 	41.109608 	57.271286 	124.523087 	64.845970 	112.538879 	91.263351 	28.071337 	127.287079 	
63.890530 	22.360680 	31.906113 	92.698433 	107.168091 	102.727798 	110.634537 	93.338097 	35.468296 	21.931713 	96.176918 	121.511314 	128.405609 	15.000000 	46.043457 	78.243210 	102.318130 	54.405884 	93.509361 	72.201111 	133.405396 	51.971146 	45.650848 	106.887794 	134.316788 	34.014702 	51.884487 	2.828427 	18.000000 	2.828427 	128.887543 	68.095520 	19.924858 	7.280110 	999.000000 	55.036350 	111.946419 	118.869675 	85.755463 	39.560081 	11.180340 	103.600197 	116.275536 	48.383881 	64.474800 	130.816666 	72.013885 	119.096596 	98.183502 	35.227829 	133.660019 	
27.513634 	60.074955 	33.241539 	46.840153 	61.983868 	56.920998 	64.845970 	45.880280 	23.000000 	35.693138 	47.927029 	75.960518 	83.815269 	42.449970 	12.369317 	28.231188 	72.993149 	44.687805 	43.829212 	21.540659 	88.600227 	5.830952 	10.049875 	56.938564 	88.238312 	21.023796 	4.123106 	56.080299 	71.784401 	52.392746 	81.394104 	14.212670 	35.355339 	47.853943 	55.036350 	999.000000 	61.294373 	68.796799 	31.827662 	16.970562 	66.211784 	51.088158 	65.215027 	8.944272 	9.486833 	81.633324 	17.000000 	68.007355 	44.553337 	24.207438 	83.761566 	
49.739319 	108.406639 	81.841309 	21.840330 	17.000000 	16.278820 	15.620500 	19.697716 	76.485291 	90.138779 	16.552946 	21.189621 	28.635643 	97.308784 	66.483078 	33.970577 	50.566788 	71.470276 	18.439089 	40.459858 	32.140316 	61.846584 	68.117546 	5.385165 	30.016663 	80.056229 	62.801273 	112.160599 	126.015869 	109.123779 	22.090721 	47.169907 	94.069122 	105.418213 	111.946419 	61.294373 	999.000000 	7.615773 	31.016125 	78.006409 	122.788437 	12.041595 	4.472136 	70.178345 	54.120235 	20.615528 	47.010635 	7.211102 	20.099751 	85.445892 	22.472204 	
56.035702 	114.586212 	88.408142 	27.294687 	18.027756 	19.416489 	15.297058 	25.806976 	83.450584 	97.000000 	22.803509 	16.401220 	22.847319 	104.139328 	73.661385 	41.231056 	50.960770 	76.694199 	25.495098 	47.801674 	25.709921 	69.202599 	75.432091 	12.041595 	23.086792 	87.321243 	70.213959 	119.004204 	132.612213 	116.043098 	15.033297 	54.708317 	101.237343 	112.432205 	118.869675 	68.796799 	7.615773 	999.000000 	38.626415 	85.445892 	129.634094 	19.416489 	5.099020 	77.698135 	61.717098 	13.000000 	54.625999 	4.242640 	27.459061 	92.913940 	15.000000 	
32.249031 	86.683334 	58.821766 	25.079872 	37.215588 	32.388271 	39.012817 	22.135944 	50.990196 	64.845970 	22.360680 	49.162994 	57.218880 	72.006943 	39.824615 	12.649111 	61.032780 	57.428215 	17.262676 	15.132746 	61.522354 	33.837849 	40.224369 	27.658634 	60.207973 	52.201534 	34.205261 	86.452301 	101.518471 	83.006027 	52.630791 	17.804493 	66.610809 	78.771820 	85.755463 	31.827662 	31.016125 	38.626415 	999.000000 	48.795490 	96.896851 	19.723083 	34.438351 	40.360870 	23.600847 	51.623638 	16.124516 	37.121422 	12.727922 	55.901699 	53.225933 	
38.118237 	48.836460 	26.400757 	62.241467 	77.472572 	72.498276 	80.529495 	61.717098 	16.278820 	23.537205 	64.007812 	91.706055 	99.403221 	29.017237 	15.000000 	44.418465 	84.000000 	46.529560 	60.207973 	37.735924 	104.278473 	16.552946 	11.180340 	73.498299 	104.201729 	7.615773 	15.264338 	41.000000 	57.070133 	37.107952 	97.616600 	31.144823 	19.646883 	32.280025 	39.560081 	16.970562 	78.006409 	85.445892 	48.795490 	999.000000 	50.596443 	68.014702 	82.006096 	8.944272 	25.806976 	98.183502 	33.600594 	84.811554 	61.522354 	7.615773 	100.439034 	
74.276512 	25.000000 	41.868843 	103.237587 	117.515953 	113.172432 	121.016525 	104.004807 	46.400433 	32.649654 	106.887794 	131.795303 	138.538803 	25.495098 	57.140179 	89.202019 	110.923393 	62.649822 	104.350372 	83.234612 	143.533966 	63.134777 	56.824291 	117.686020 	144.589066 	45.188496 	63.063461 	10.630146 	9.433981 	13.892444 	139.344894 	79.259071 	31.016125 	18.384777 	11.180340 	66.211784 	122.788437 	129.634094 	96.896851 	50.596443 	999.000000 	114.621117 	127.141655 	59.464275 	75.643906 	141.449631 	83.192551 	129.957687 	109.293182 	45.891174 	144.360657 	
43.965897 	102.044106 	74.706093 	20.880613 	24.413111 	21.213203 	24.596748 	17.464249 	68.242218 	82.097504 	14.866069 	32.557640 	40.311287 	89.308456 	57.628117 	25.553865 	55.803226 	67.742157 	13.000000 	31.400637 	44.045429 	52.345009 	58.728188 	10.770329 	42.047592 	70.767227 	53.037724 	104.043259 	118.511604 	100.801788 	34.132095 	36.878178 	85.041168 	96.829750 	103.600197 	51.088158 	12.041595 	19.416489 	19.723083 	68.014702 	114.621117 	999.000000 	14.866069 	59.816387 	43.266617 	32.280025 	35.846897 	17.464249 	8.062258 	75.286118 	33.615471 	
54.203320 	112.871605 	86.267029 	26.248810 	19.924858 	20.024984 	17.888544 	24.166092 	80.808418 	94.493385 	21.023796 	21.095022 	27.856777 	101.671036 	70.710678 	38.183765 	53.488316 	75.894661 	22.803509 	44.598206 	30.805843 	65.946945 	72.249565 	9.848858 	28.160255 	84.219948 	66.843102 	116.516090 	130.430054 	113.454834 	20.099751 	51.039200 	98.290382 	109.713264 	116.275536 	65.215027 	4.472136 	5.099020 	34.438351 	82.006096 	127.141655 	14.866069 	999.000000 	74.060783 	57.801384 	17.464249 	50.537113 	2.828427 	22.803509 	89.403580 	18.788294 	
34.365681 	56.222771 	31.384710 	55.659679 	70.837845 	65.787537 	73.736015 	54.781384 	20.615528 	31.016125 	56.859474 	84.864601 	92.698433 	37.121422 	13.601471 	37.161808 	80.399002 	47.634022 	52.773098 	30.463093 	97.498718 	11.045361 	9.219544 	65.863495 	97.169952 	15.033297 	9.000000 	49.729267 	65.734314 	45.880280 	90.338257 	23.021729 	28.460499 	41.109608 	48.383881 	8.944272 	70.178345 	77.698135 	40.360870 	8.944272 	59.464275 	59.816387 	74.060783 	999.000000 	17.029387 	90.553848 	24.839485 	76.843994 	53.075417 	15.556349 	92.649879 	
29.206163 	69.260376 	42.011902 	42.190044 	56.885849 	51.788029 	59.439045 	40.607880 	32.140316 	45.122055 	42.201897 	70.342018 	78.339005 	51.923019 	21.000000 	23.086792 	72.124893 	50.249378 	37.643059 	17.029387 	82.969872 	14.000000 	19.416489 	50.159744 	82.219215 	30.463093 	13.152946 	65.551506 	81.271149 	61.846584 	75.026665 	8.000000 	44.721359 	57.271286 	64.474800 	9.486833 	54.120235 	61.717098 	23.600847 	25.806976 	75.643906 	43.266617 	57.801384 	17.029387 	999.000000 	74.686012 	7.810250 	60.539242 	36.235340 	32.557640 	76.537575 	
67.357254 	125.431259 	99.904953 	38.288380 	25.495098 	28.844410 	21.931713 	37.483330 	95.524864 	108.894447 	34.713108 	15.033297 	16.643316 	115.974136 	86.052307 	53.823788 	54.037025 	86.353920 	38.013157 	60.464867 	17.029387 	81.841309 	88.005684 	24.698177 	13.038404 	99.809822 	82.927681 	130.831955 	144.045135 	127.988281 	6.708204 	67.601776 	113.569359 	124.523087 	130.816666 	81.633324 	20.615528 	13.000000 	51.623638 	98.183502 	141.449631 	32.280025 	17.464249 	90.553848 	74.686012 	999.000000 	67.623962 	15.132746 	40.261642 	105.688217 	4.000000 	
30.000000 	75.802376 	48.166378 	37.054016 	51.156624 	46.097721 	53.460266 	35.014282 	38.832977 	52.201534 	36.221542 	64.132675 	72.180328 	59.135437 	27.459061 	18.439089 	69.462219 	53.310413 	31.400637 	13.892444 	76.687675 	20.615528 	26.570660 	43.324360 	75.690155 	38.013157 	20.248457 	73.006851 	88.600227 	69.354164 	68.308128 	6.708204 	52.354561 	64.845970 	72.013885 	17.000000 	47.010635 	54.625999 	16.124516 	33.600594 	83.192551 	35.846897 	50.537113 	24.839485 	7.810250 	67.623962 	999.000000 	53.235325 	28.600698 	40.360870 	69.318108 	
56.938564 	115.602768 	89.050545 	28.792360 	21.377558 	22.022715 	18.973665 	26.832815 	83.630135 	97.308784 	23.706539 	20.615528 	26.832815 	104.484451 	73.539108 	41.012192 	54.708317 	78.434685 	25.612497 	47.423622 	29.410883 	68.767723 	75.073296 	12.529964 	26.476404 	87.045967 	69.656296 	119.331474 	133.221619 	116.275536 	18.439089 	53.823788 	101.118744 	112.538879 	119.096596 	68.007355 	7.211102 	4.242640 	37.121422 	84.811554 	129.957687 	17.464249 	2.828427 	76.843994 	60.539242 	15.132746 	53.235325 	999.000000 	25.298222 	92.200867 	16.155495 	
41.303753 	98.081596 	70.384659 	23.600847 	30.870699 	26.925823 	31.622776 	20.000000 	63.134777 	77.025970 	18.384777 	40.311287 	48.166378 	84.219948 	52.153618 	21.587032 	60.141499 	66.030296 	14.422205 	26.400757 	52.009613 	46.400433 	52.801514 	18.248287 	50.089920 	64.815125 	46.861500 	98.792709 	113.648582 	95.414886 	42.190044 	30.479502 	79.202271 	91.263351 	98.183502 	44.553337 	20.099751 	27.459061 	12.727922 	61.522354 	109.293182 	8.062258 	22.803509 	53.075417 	36.235340 	40.261642 	28.600698 	25.298222 	999.000000 	68.622154 	41.436699 	
45.398239 	47.759815 	29.206163 	69.856995 	85.088188 	80.112419 	88.141930 	69.318108 	20.615528 	23.323807 	71.589104 	99.317673 	107.018692 	27.202942 	22.203604 	51.971146 	91.049438 	51.623638 	67.742157 	45.276924 	111.892807 	24.166092 	18.681541 	80.993828 	111.803398 	10.770329 	22.825424 	37.054016 	53.150730 	33.060551 	105.190300 	38.418747 	16.124516 	28.071337 	35.227829 	24.207438 	85.445892 	92.913940 	55.901699 	7.615773 	45.891174 	75.286118 	89.403580 	15.556349 	32.557640 	105.688217 	40.360870 	92.200867 	68.622154 	999.000000 	107.898102 	
70.434364 	128.705093 	102.941734 	41.400482 	29.154760 	32.249031 	25.632011 	40.360870 	98.290382 	111.758667 	37.483330 	19.026299 	20.124611 	118.869675 	88.617157 	56.222771 	58.034473 	89.894379 	40.459858 	62.801273 	19.849434 	84.202141 	90.426765 	27.018513 	15.556349 	102.303467 	85.211502 	133.734818 	147.122391 	130.831955 	10.440307 	69.641945 	116.180893 	127.287079 	133.660019 	83.761566 	22.472204 	15.000000 	53.225933 	100.439034 	144.360657 	33.615471 	18.788294 	92.649879 	76.537575 	4.000000 	69.318108 	16.155495 	41.436699 	107.898102 	999.000000 	

Travel time:
9.000000 	1.466714 	0.813941 	0.726722 	1.081954 	0.972432 	1.168867 	0.755811 	0.738241 	1.050297 	0.832166 	1.440703 	1.615936 	1.222957 	0.579871 	0.500000 	1.152443 	0.629484 	0.794512 	0.450694 	1.740869 	0.583631 	0.675463 	1.110462 	1.760859 	0.910014 	0.637377 	1.592561 	1.917355 	1.526843 	1.626730 	0.585769 	1.207528 	1.450216 	1.597263 	0.687841 	1.243483 	1.400892 	0.806226 	0.952956 	1.856913 	1.099147 	1.355083 	0.859142 	0.730154 	1.683931 	0.750000 	1.423464 	1.032594 	1.134956 	1.760859 	
1.466714 	9.000000 	0.697316 	2.184176 	2.510602 	2.415186 	2.600481 	2.220923 	0.928036 	0.632949 	2.298097 	2.855368 	3.007075 	0.515388 	1.209339 	1.917355 	2.226123 	1.030776 	2.258872 	1.794610 	3.130196 	1.383158 	1.251000 	2.576941 	3.170272 	1.035918 	1.403567 	0.492443 	0.538516 	0.540833 	3.061046 	1.760149 	0.805062 	0.618971 	0.559017 	1.501874 	2.710166 	2.864655 	2.167083 	1.220912 	0.625000 	2.551103 	2.821790 	1.405569 	1.731509 	3.135782 	1.895059 	2.890069 	2.452040 	1.193995 	3.217627 	
0.813941 	0.697316 	9.000000 	1.540495 	1.892254 	1.785532 	1.980215 	1.565647 	0.269258 	0.279509 	1.640122 	2.248472 	2.416868 	0.425000 	0.525595 	1.229837 	1.779220 	0.625500 	1.587844 	1.100284 	2.541776 	0.700446 	0.588430 	1.915235 	2.568195 	0.477624 	0.728869 	0.785016 	1.105102 	0.728869 	2.439518 	1.064483 	0.527376 	0.673146 	0.797653 	0.831038 	2.046033 	2.210204 	1.470544 	0.660019 	1.046721 	1.867652 	2.156676 	0.784618 	1.050297 	2.497624 	1.204159 	2.226264 	1.759616 	0.730154 	2.573543 	
0.726722 	2.184176 	1.540495 	9.000000 	0.380789 	0.257391 	0.458939 	0.090139 	1.440703 	1.769181 	0.152069 	0.738241 	0.929045 	1.944865 	1.221935 	0.477624 	0.919918 	1.241219 	0.230489 	0.637377 	1.051190 	1.142366 	1.285739 	0.412311 	1.054751 	1.569236 	1.179248 	2.315842 	2.643979 	2.246803 	0.905883 	0.855862 	1.900658 	2.163908 	2.317461 	1.171004 	0.546008 	0.682367 	0.626997 	1.556037 	2.580940 	0.522015 	0.656220 	1.391492 	1.054751 	0.957209 	0.926350 	0.719809 	0.590021 	1.746425 	1.035012 	
1.081954 	2.510602 	1.892254 	0.380789 	9.000000 	0.127475 	0.090139 	0.406971 	1.810559 	2.131901 	0.375000 	0.360555 	0.548293 	2.304886 	1.600195 	0.848896 	0.840387 	1.522539 	0.500625 	1.013040 	0.670820 	1.523155 	1.666021 	0.353553 	0.680074 	1.947434 	1.559848 	2.674065 	2.988833 	2.608759 	0.550568 	1.225765 	2.274313 	2.530316 	2.679202 	1.549597 	0.425000 	0.450694 	0.930390 	1.936814 	2.937899 	0.610328 	0.498121 	1.770946 	1.422146 	0.637377 	1.278916 	0.534439 	0.771767 	2.127205 	0.728869 	
0.972432 	2.415186 	1.785532 	0.257391 	0.127475 	9.000000 	0.201556 	0.279509 	1.695029 	2.020211 	0.251247 	0.480885 	0.673146 	2.194596 	1.479231 	0.721543 	0.874643 	1.442437 	0.378319 	0.886002 	0.794512 	1.398660 	1.542928 	0.302076 	0.797653 	1.826540 	1.434617 	2.564785 	2.885849 	2.497624 	0.654313 	1.098294 	2.156676 	2.416868 	2.568195 	1.423025 	0.406971 	0.485412 	0.809707 	1.812457 	2.829311 	0.530330 	0.500625 	1.644688 	1.294701 	0.721110 	1.152443 	0.550568 	0.673146 	2.002810 	0.806226 	
1.168867 	2.600481 	1.980215 	0.458939 	0.090139 	0.201556 	9.000000 	0.474342 	1.895059 	2.218248 	0.431567 	0.279509 	0.474342 	2.391783 	1.680773 	0.917197 	0.893378 	1.612452 	0.552268 	1.083109 	0.594243 	1.599414 	1.744276 	0.347311 	0.596343 	2.028084 	1.634778 	2.761340 	3.077743 	2.695366 	0.460977 	1.291559 	2.357568 	2.615937 	2.765863 	1.621149 	0.390512 	0.382426 	0.975320 	2.013237 	3.025413 	0.614919 	0.447214 	1.843400 	1.485976 	0.548293 	1.336507 	0.474342 	0.790569 	2.203548 	0.640800 	
0.755811 	2.220923 	1.565647 	0.090139 	0.406971 	0.279509 	0.474342 	9.000000 	1.451293 	1.785532 	0.079057 	0.752080 	0.948683 	1.962938 	1.220656 	0.443001 	1.007782 	1.298075 	0.141421 	0.608790 	1.068001 	1.129436 	1.277693 	0.357946 	1.062132 	1.567043 	1.162970 	2.334524 	2.670674 	2.262742 	0.901388 	0.818917 	1.905420 	2.176149 	2.333452 	1.147007 	0.492443 	0.645174 	0.553399 	1.542928 	2.600120 	0.436606 	0.604152 	1.369535 	1.015197 	0.937083 	0.875357 	0.670820 	0.500000 	1.732953 	1.009022 	
0.738241 	0.928036 	0.269258 	1.440703 	1.810559 	1.695029 	1.895059 	1.451293 	9.000000 	0.347311 	1.520691 	2.170973 	2.350798 	0.527376 	0.285044 	1.070047 	1.820886 	0.775403 	1.451293 	0.922293 	2.475505 	0.456207 	0.325960 	1.786232 	2.490607 	0.246221 	0.475657 	0.895126 	1.263428 	0.816241 	2.346540 	0.845946 	0.469707 	0.725000 	0.886707 	0.575000 	1.912132 	2.086265 	1.274755 	0.406971 	1.160011 	1.706055 	2.020211 	0.515388 	0.803508 	2.388122 	0.970824 	2.090753 	1.578369 	0.515388 	2.457260 	
1.050297 	0.632949 	0.279509 	1.769181 	2.131901 	2.020211 	2.218248 	1.785532 	0.347311 	9.000000 	1.856913 	2.490984 	2.665169 	0.180278 	0.626997 	1.415318 	2.057000 	0.900347 	1.792519 	1.269350 	2.790161 	0.790569 	0.642748 	2.126029 	2.811139 	0.403113 	0.800391 	0.550568 	0.916856 	0.477624 	2.674065 	1.188486 	0.269258 	0.403113 	0.548293 	0.892328 	2.253469 	2.425000 	1.621149 	0.588430 	0.816241 	2.052438 	2.362335 	0.775403 	1.128051 	2.722361 	1.305038 	2.432720 	1.925649 	0.583095 	2.793967 	
0.832166 	2.298097 	1.640122 	0.152069 	0.375000 	0.251247 	0.431567 	0.079057 	1.520691 	1.856913 	9.000000 	0.704006 	0.903466 	2.034853 	1.285010 	0.492443 	1.044330 	1.377044 	0.127475 	0.660019 	1.020110 	1.187697 	1.338376 	0.279509 	1.007782 	1.630376 	1.219118 	2.406502 	2.745223 	2.333720 	0.840387 	0.862047 	1.971833 	2.245690 	2.404423 	1.198176 	0.413824 	0.570088 	0.559017 	1.600195 	2.672195 	0.371652 	0.525595 	1.421487 	1.055047 	0.867828 	0.905539 	0.592663 	0.459619 	1.789728 	0.937083 	
1.440703 	2.855368 	2.248472 	0.738241 	0.360555 	0.480885 	0.279509 	0.752080 	2.170973 	2.490984 	0.704006 	9.000000 	0.201556 	2.663175 	1.959751 	1.193995 	0.975320 	1.851520 	0.818917 	1.360606 	0.316228 	1.878829 	2.023765 	0.552268 	0.320156 	2.307054 	1.913929 	3.031604 	3.341126 	2.967427 	0.230489 	1.566046 	2.634862 	2.890069 	3.037783 	1.899013 	0.529741 	0.410031 	1.229075 	2.292651 	3.294883 	0.813941 	0.527376 	2.121615 	1.758550 	0.375832 	1.603317 	0.515388 	1.007782 	2.482942 	0.475657 	
1.615936 	3.007075 	2.416868 	0.929045 	0.548293 	0.673146 	0.474342 	0.948683 	2.350798 	2.665169 	0.903466 	0.201556 	9.000000 	2.835159 	2.147091 	1.391492 	1.015197 	1.991231 	1.019804 	1.557442 	0.125000 	2.071382 	2.214159 	0.750417 	0.182003 	2.494118 	2.107724 	3.201562 	3.501785 	3.140064 	0.250000 	1.765113 	2.817024 	3.066044 	3.210140 	2.095382 	0.715891 	0.571183 	1.430472 	2.485080 	3.463470 	1.007782 	0.696419 	2.317461 	1.958475 	0.416083 	1.804508 	0.670820 	1.204159 	2.675467 	0.503115 	
1.222957 	0.515388 	0.425000 	1.944865 	2.304886 	2.194596 	2.391783 	1.962938 	0.527376 	0.180278 	2.034853 	2.663175 	2.835159 	9.000000 	0.805062 	1.595502 	2.198010 	1.015197 	1.971833 	1.449569 	2.960152 	0.965660 	0.814325 	2.304886 	2.983287 	0.552268 	0.972432 	0.371652 	0.738664 	0.305164 	2.848794 	1.365650 	0.291548 	0.254951 	0.375000 	1.061249 	2.432720 	2.603483 	1.800174 	0.725431 	0.637377 	2.232711 	2.541776 	0.928036 	1.298075 	2.899354 	1.478386 	2.612111 	2.105499 	0.680074 	2.971742 	
0.579871 	1.209339 	0.525595 	1.221935 	1.600195 	1.479231 	1.680773 	1.220656 	0.285044 	0.626997 	1.285010 	1.959751 	2.147091 	0.805062 	9.000000 	0.813173 	1.725000 	0.851469 	1.204159 	0.656220 	2.270600 	0.175000 	0.111803 	1.540495 	2.276648 	0.347311 	0.206155 	1.166190 	1.543535 	1.081665 	2.121910 	0.561805 	0.689656 	0.980115 	1.151086 	0.309233 	1.662077 	1.841535 	0.995615 	0.375000 	1.428504 	1.440703 	1.767767 	0.340037 	0.525000 	2.151308 	0.686477 	1.838478 	1.303840 	0.555090 	2.215429 	
0.500000 	1.917355 	1.229837 	0.477624 	0.848896 	0.721543 	0.917197 	0.443001 	1.070047 	1.415318 	0.492443 	1.193995 	1.391492 	1.595502 	0.813173 	9.000000 	1.285739 	1.127497 	0.395285 	0.167705 	1.510174 	0.700446 	0.855132 	0.730154 	1.500208 	1.152443 	0.728869 	1.965006 	2.324059 	1.885802 	1.330883 	0.378319 	1.502706 	1.789728 	1.956080 	0.705780 	0.849264 	1.030776 	0.316228 	1.110462 	2.230051 	0.638847 	0.954594 	0.929045 	0.577170 	1.345595 	0.460977 	1.025305 	0.539676 	1.299279 	1.405569 	
1.152443 	2.226123 	1.779220 	0.919918 	0.840387 	0.874643 	0.893378 	1.007782 	1.820886 	2.057000 	1.044330 	0.975320 	1.015197 	2.198010 	1.725000 	1.285739 	9.000000 	1.207528 	1.149184 	1.392839 	1.109617 	1.733854 	1.825685 	1.175266 	1.196349 	2.032547 	1.786232 	2.530934 	2.756923 	2.493116 	1.200260 	1.612839 	2.275137 	2.450765 	2.557953 	1.824829 	1.264170 	1.274019 	1.525820 	2.100000 	2.773085 	1.395081 	1.337208 	2.009975 	1.803122 	1.350926 	1.736555 	1.367708 	1.503537 	2.276236 	1.450862 	
0.629484 	1.030776 	0.625500 	1.241219 	1.522539 	1.442437 	1.612452 	1.298075 	0.775403 	0.900347 	1.377044 	1.851520 	1.991231 	1.015197 	0.851469 	1.127497 	1.207528 	9.000000 	1.372953 	1.073837 	2.112611 	0.973717 	0.960469 	1.652460 	2.160006 	1.021335 	1.025914 	1.328533 	1.553222 	1.298075 	2.067003 	1.165386 	1.152443 	1.270089 	1.360147 	1.117195 	1.786757 	1.917355 	1.435705 	1.163239 	1.566246 	1.693554 	1.897367 	1.190850 	1.256234 	2.158848 	1.332760 	1.960867 	1.650757 	1.290591 	2.247360 	
0.794512 	2.258872 	1.587844 	0.230489 	0.500625 	0.378319 	0.552268 	0.141421 	1.451293 	1.792519 	0.127475 	0.818917 	1.019804 	1.971833 	1.204159 	0.395285 	1.149184 	1.372953 	9.000000 	0.561805 	1.133854 	1.095730 	1.250000 	0.336341 	1.114955 	1.546165 	1.123610 	2.343075 	2.691189 	2.267157 	0.939415 	0.752080 	1.893575 	2.175000 	2.337734 	1.095730 	0.460977 	0.637377 	0.431567 	1.505199 	2.608759 	0.325000 	0.570088 	1.319327 	0.941076 	0.950329 	0.785016 	0.640312 	0.360555 	1.693554 	1.011496 	
0.450694 	1.794610 	1.100284 	0.637377 	1.013040 	0.886002 	1.083109 	0.608790 	0.922293 	1.269350 	0.660019 	1.360606 	1.557442 	1.449569 	0.656220 	0.167705 	1.392839 	1.073837 	0.561805 	9.000000 	1.676678 	0.535023 	0.691466 	0.895126 	1.667708 	0.990581 	0.561805 	1.816762 	2.183031 	1.735115 	1.498541 	0.226385 	1.343968 	1.635925 	1.805028 	0.538516 	1.011496 	1.195042 	0.378319 	0.943398 	2.080865 	0.785016 	1.114955 	0.761577 	0.425735 	1.511622 	0.347311 	1.185591 	0.660019 	1.131923 	1.570032 	
1.740869 	3.130196 	2.541776 	1.051190 	0.670820 	0.794512 	0.594243 	1.068001 	2.475505 	2.790161 	1.020110 	0.316228 	0.125000 	2.960152 	2.270600 	1.510174 	1.109617 	2.112611 	1.133854 	1.676678 	9.000000 	2.193171 	2.336798 	0.851469 	0.111803 	2.617728 	2.228929 	3.326503 	3.626034 	3.265061 	0.279509 	1.882153 	2.941513 	3.191003 	3.335135 	2.215006 	0.803508 	0.642748 	1.538059 	2.606962 	3.588349 	1.101136 	0.770146 	2.437468 	2.074247 	0.425735 	1.917192 	0.735272 	1.300240 	2.797320 	0.496236 	
