UB = 889
M = 60

Distance:
999.000000 	48.166378 	46.647614 	43.266617 	12.369317 	73.661385 	39.824615 	57.628117 	13.601471 	86.052307 	27.459061 	22.203604 	11.401754 	4.472136 	61.619801 	8.246211 	61.741398 	84.876381 	70.710678 	32.526913 	21.000000 	22.135944 	49.648766 	18.357559 	96.213303 	52.839378 	27.202942 	18.439089 	73.000000 	28.000000 	82.024384 	71.063354 	26.305893 	37.589893 	21.931713 	90.553848 	34.176014 	55.865910 	44.654228 	65.192024 	27.202942 	84.899940 	32.984844 	38.626415 	46.529560 	46.518814 	88.729927 	45.099888 	70.235321 	49.193497 	35.014282 	31.240999 	66.528191 	49.658836 	31.827662 	68.029404 	90.426765 	35.510563 	33.241539 	45.044422 	49.091751 	59.363289 	51.039200 	36.687874 	65.145988 	45.398239 	37.643059 	36.891735 	107.563934 	41.000000 	76.576759 	47.095646 	74.027023 	
48.166378 	999.000000 	93.723000 	90.686272 	43.829212 	25.495098 	17.262676 	13.000000 	52.773098 	38.013157 	31.400637 	67.742157 	58.051701 	50.000000 	13.453624 	44.944408 	107.647575 	37.576588 	22.803509 	15.811388 	37.643059 	60.415230 	12.041595 	56.859474 	48.259712 	17.204651 	73.783470 	53.851646 	25.942244 	36.221542 	34.058773 	24.698177 	71.693794 	85.211502 	54.708317 	42.426407 	80.993828 	104.004807 	92.617493 	23.021729 	44.407207 	37.202152 	78.892334 	85.440041 	32.202484 	93.744331 	41.677334 	35.468296 	30.149628 	96.519424 	77.472572 	56.568542 	114.690887 	96.798759 	59.841457 	31.048349 	43.829212 	75.610847 	59.539902 	40.162170 	37.121422 	107.200745 	38.948685 	74.040527 	34.000000 	43.965897 	75.000000 	68.066147 	59.816387 	79.404030 	124.739731 	90.077744 	122.147453 	
46.647614 	93.723000 	999.000000 	4.000000 	56.080299 	119.004204 	86.452301 	104.043259 	49.729267 	130.831955 	73.006851 	37.054016 	35.805027 	46.518814 	107.056061 	52.801514 	16.124516 	128.763351 	116.516090 	78.600258 	65.551506 	36.359318 	92.698433 	49.648766 	140.716019 	99.478638 	32.062439 	52.952808 	119.201508 	72.111023 	127.781059 	117.413795 	36.055511 	23.769728 	55.578773 	136.029404 	29.120440 	16.031219 	19.849434 	111.830231 	67.911705 	130.873978 	32.984844 	28.635643 	91.416626 	26.907248 	135.000000 	89.185204 	116.846054 	26.907248 	42.449970 	64.124878 	25.495098 	28.319605 	62.008064 	114.490173 	136.824707 	47.296936 	64.007812 	87.800911 	93.005379 	27.202942 	94.641426 	52.172791 	111.085556 	86.884979 	52.392746 	60.406952 	153.525238 	51.546097 	35.440090 	43.566040 	34.525352 	
43.266617 	90.686272 	4.000000 	999.000000 	52.392746 	116.043098 	83.006027 	100.801788 	45.880280 	127.988281 	69.354164 	33.060551 	32.649654 	42.941822 	104.062485 	49.193497 	20.099751 	126.063477 	113.454834 	75.432091 	61.846584 	34.438351 	90.027771 	45.705578 	137.931137 	96.041656 	28.071337 	49.030602 	116.038788 	68.352028 	124.739731 	114.201576 	32.062439 	20.124611 	51.623638 	133.056381 	25.298222 	16.278820 	17.029387 	108.452751 	64.031242 	127.781059 	29.120440 	25.059929 	87.664131 	24.083189 	131.821854 	85.381500 	113.371071 	24.413111 	38.600517 	60.133186 	26.570660 	25.806976 	58.008621 	110.941429 	133.600143 	43.416588 	60.008331 	83.934502 	89.185204 	26.305893 	90.801979 	48.270073 	107.424393 	82.975899 	48.507732 	56.435802 	150.445999 	47.759815 	36.769554 	40.224369 	35.440090 	
12.369317 	43.829212 	56.080299 	52.392746 	999.000000 	68.796799 	31.827662 	51.088158 	8.944272 	81.633324 	17.000000 	24.207438 	23.000000 	10.049875 	56.938564 	4.123106 	71.784401 	81.394104 	65.215027 	28.231188 	9.486833 	34.481880 	48.270073 	13.341664 	91.923882 	44.687805 	30.479502 	11.000000 	66.708321 	16.278820 	76.400261 	64.443771 	28.017851 	42.426407 	13.341664 	85.211502 	37.643059 	63.007935 	50.249378 	57.384666 	14.866069 	78.873314 	35.227829 	42.011902 	35.440090 	50.447994 	82.073135 	33.541019 	61.611687 	53.263496 	33.837849 	20.808653 	73.246162 	53.413483 	22.360680 	58.830265 	83.438599 	32.557640 	23.323807 	33.015148 	37.483330 	64.381676 	39.319206 	32.015621 	55.036350 	33.136082 	33.015148 	29.120440 	101.316338 	37.121422 	82.879433 	46.486557 	79.931221 	
73.661385 	25.495098 	119.004204 	116.043098 	68.796799 	999.000000 	38.626415 	19.416489 	77.698135 	13.000000 	54.625999 	92.913940 	83.450584 	75.432091 	12.041595 	70.213959 	132.612213 	15.033297 	5.099020 	41.231056 	61.717098 	84.876381 	28.231188 	81.492332 	23.259407 	29.154760 	99.045441 	78.294319 	9.219544 	58.872746 	9.486833 	11.661903 	96.798759 	110.602890 	78.721024 	17.029387 	106.254410 	129.495178 	118.067780 	20.880613 	67.067131 	13.341664 	104.009613 	110.679718 	48.093658 	119.037811 	19.104973 	52.153618 	25.553865 	121.827744 	102.000000 	79.056938 	140.185593 	122.065559 	82.540901 	29.966648 	22.022715 	99.744675 	81.908485 	57.140179 	52.000000 	132.612213 	53.037724 	97.693398 	37.336308 	61.131008 	98.615417 	90.757919 	34.985710 	103.077644 	150.233154 	114.490173 	147.627914 	
39.824615 	17.262676 	86.452301 	83.006027 	31.827662 	38.626415 	999.000000 	19.723083 	40.360870 	51.623638 	16.124516 	55.901699 	50.990196 	40.224369 	27.658634 	34.205261 	101.518471 	52.630791 	34.438351 	12.649111 	23.600847 	57.271286 	27.730848 	43.600460 	61.846584 	13.038404 	62.241467 	40.224369 	35.227829 	20.248457 	45.276924 	32.802441 	59.548298 	74.249580 	40.311287 	54.203320 	69.354164 	94.641426 	82.073135 	25.612497 	28.460499 	47.434166 	66.708321 	73.661385 	16.278820 	82.134033 	50.328918 	18.867962 	30.413813 	84.958817 	63.812225 	40.521599 	104.995239 	85.041168 	43.965897 	28.460499 	51.623638 	61.294373 	43.416588 	23.259407 	21.260292 	96.176918 	23.345236 	59.093147 	27.018513 	26.925823 	60.008331 	52.201534 	69.656296 	64.474800 	114.690887 	76.157730 	111.758667 	
57.628117 	13.000000 	104.043259 	100.801788 	51.088158 	19.416489 	19.723083 	999.000000 	59.816387 	32.280025 	35.846897 	75.286118 	68.242218 	58.728188 	10.770329 	53.037724 	118.511604 	34.132095 	14.866069 	25.553865 	43.266617 	72.090218 	23.409399 	63.245552 	42.379242 	10.049875 	81.565926 	59.908264 	15.620500 	39.812057 	25.553865 	13.453624 	79.025314 	93.434471 	60.033325 	34.481880 	88.729927 	113.278419 	101.138519 	10.049875 	47.927029 	27.802877 	86.214851 	93.085983 	29.017237 	101.533249 	31.144823 	33.000000 	17.262676 	104.350372 	83.528435 	59.808025 	123.794182 	104.484451 	63.324562 	18.788294 	32.802441 	81.006172 	62.625874 	38.000000 	33.241539 	115.433968 	34.525352 	78.721024 	23.345236 	42.000000 	79.624115 	71.512238 	50.249378 	84.095184 	133.645050 	95.880135 	130.831955 	
13.601471 	52.773098 	49.729267 	45.880280 	8.944272 	77.698135 	40.360870 	59.816387 	999.000000 	90.553848 	24.839485 	15.556349 	20.615528 	9.219544 	65.863495 	9.000000 	65.734314 	90.338257 	74.060783 	37.161808 	17.029387 	34.132095 	57.008770 	5.099020 	100.846420 	53.037724 	21.931713 	5.000000 	75.432091 	22.825424 	85.211502 	73.109505 	19.209373 	34.058773 	8.602325 	94.047859 	29.000000 	55.226807 	42.011902 	65.764732 	18.248287 	87.618492 	26.400757 	33.301651 	42.047592 	41.773197 	90.686272 	39.560081 	69.656296 	44.598206 	25.000000 	18.357559 	65.215027 	44.687805 	18.439089 	66.610809 	91.967384 	24.083189 	20.000000 	38.078865 	43.324360 	55.865910 	44.922153 	24.186773 	62.265560 	37.336308 	25.179358 	23.323807 	109.986366 	29.017237 	74.652527 	37.643059 	71.589104 	
86.052307 	38.013157 	130.831955 	127.988281 	81.633324 	13.000000 	51.623638 	32.280025 	90.553848 	999.000000 	67.623962 	105.688217 	95.524864 	88.005684 	24.698177 	82.927681 	144.045135 	6.708204 	17.464249 	53.823788 	74.686012 	96.046867 	38.600517 	94.413979 	10.295630 	41.773197 	111.772087 	91.241440 	19.026299 	71.867935 	9.848858 	22.022715 	109.603828 	123.223373 	91.706055 	8.062258 	118.983192 	141.767410 	130.602448 	32.015621 	80.056229 	12.041595 	116.811813 	123.422043 	60.530983 	131.745972 	17.204651 	64.629715 	34.928497 	134.525085 	114.947815 	92.027168 	152.502457 	134.792435 	95.519630 	39.812057 	20.248457 	112.729767 	94.868332 	69.584480 	64.195015 	145.206757 	65.069191 	110.693268 	47.675991 	73.552704 	111.615410 	103.730423 	25.709921 	116.077560 	162.606888 	127.455872 	160.078110 	
27.459061 	31.400637 	73.006851 	69.354164 	17.000000 	54.625999 	16.124516 	35.846897 	24.839485 	67.623962 	999.000000 	40.360870 	38.832977 	26.570660 	43.324360 	20.248457 	88.600227 	68.308128 	50.537113 	18.439089 	7.810250 	48.041649 	39.204590 	27.658634 	77.878113 	28.319605 	46.754681 	24.207438 	51.312767 	5.099020 	61.400326 	48.826221 	43.840622 	58.898216 	24.186773 	70.327805 	53.758720 	79.881165 	66.843102 	41.036568 	13.038404 	63.513779 	50.931328 	57.982758 	19.104973 	66.468040 	66.219330 	18.110771 	44.821869 	69.296463 	47.707443 	25.179358 	90.000000 	69.310890 	28.442924 	41.880783 	67.357254 	45.177429 	28.160255 	19.313208 	22.090721 	80.659782 	24.186773 	43.081318 	38.078865 	21.095022 	44.011364 	36.674240 	85.603737 	48.466484 	99.488693 	60.033325 	96.426140 	
22.203604 	67.742157 	37.054016 	33.060551 	24.207438 	92.913940 	55.901699 	75.286118 	15.556349 	105.688217 	40.360870 	999.000000 	20.615528 	18.681541 	80.993828 	22.825424 	53.150730 	105.190300 	89.403580 	51.971146 	32.557640 	34.132095 	70.936592 	13.416408 	115.965515 	68.593002 	6.403124 	17.000000 	90.906548 	38.013157 	100.603180 	88.617157 	4.123106 	18.601076 	18.973665 	109.402924 	13.453624 	40.249222 	26.627054 	81.320351 	32.202484 	103.077644 	11.180340 	17.804493 	56.938564 	26.248810 	106.216759 	54.120235 	85.146935 	29.068884 	13.601471 	27.073973 	49.929951 	29.206163 	25.019993 	82.006096 	107.517441 	15.811388 	27.018513 	52.000000 	57.697487 	40.311287 	59.093147 	19.104973 	77.388626 	50.596443 	19.798990 	24.698177 	125.495018 	21.633308 	59.203041 	25.000000 	56.080299 	
11.401754 	58.051701 	35.805027 	32.649654 	23.000000 	83.450584 	50.990196 	68.242218 	20.615528 	95.524864 	38.832977 	20.615528 	999.000000 	13.038404 	71.449280 	19.026299 	50.537113 	93.861603 	80.808418 	42.801868 	32.140316 	14.142136 	58.008621 	23.853722 	105.550934 	63.953106 	23.194826 	25.495098 	83.408630 	39.115215 	92.097771 	81.608826 	24.041630 	30.805843 	29.068884 	100.448990 	29.017237 	46.400433 	36.769554 	76.157730 	37.336308 	95.131485 	29.154760 	33.136082 	57.870544 	40.024994 	99.201813 	56.320511 	81.394104 	42.449970 	34.176014 	38.910152 	57.201397 	43.174065 	38.587563 	79.309517 	101.019798 	36.235340 	40.311287 	56.008926 	60.299255 	51.478149 	62.201286 	38.832977 	76.537575 	56.080299 	39.661064 	41.773197 	117.796432 	42.059483 	67.424034 	44.721359 	65.192024 	
4.472136 	50.000000 	46.518814 	42.941822 	10.049875 	75.432091 	40.224369 	58.728188 	9.219544 	88.005684 	26.570660 	18.681541 	13.038404 	999.000000 	63.411354 	6.324555 	62.032249 	87.132080 	72.249565 	34.205261 	19.416489 	25.495098 	52.392746 	13.892444 	98.229324 	53.254108 	24.166092 	14.142136 	74.249580 	26.305893 	83.546394 	72.180328 	22.803509 	35.227829 	17.691807 	92.195442 	31.304953 	54.561890 	42.638012 	65.802734 	24.331051 	86.278618 	29.732138 	35.777088 	45.354160 	43.908997 	89.872131 	43.566040 	70.491135 	46.647614 	31.016125 	27.202942 	65.069191 	47.010635 	27.586229 	68.000000 	91.438507 	31.257000 	29.068884 	43.046486 	47.518417 	57.201397 	49.365982 	32.280025 	64.621979 	43.046486 	33.241539 	32.449963 	108.894447 	36.674240 	74.966660 	43.289722 	72.249565 	
61.619801 	13.453624 	107.056061 	104.062485 	56.938564 	12.041595 	27.658634 	10.770329 	65.863495 	24.698177 	43.324360 	80.993828 	71.449280 	63.411354 	999.000000 	58.249462 	120.801491 	25.000000 	9.848858 	29.206163 	50.159744 	73.246162 	18.110771 	69.771057 	34.985710 	20.615528 	87.091904 	66.640831 	14.142136 	47.801674 	20.808653 	14.035668 	84.905830 	98.600204 	67.230942 	29.000000 	94.302704 	117.456375 	106.042442 	17.804493 	56.044624 	24.186773 	92.114059 	98.737022 	39.319206 	107.074738 	29.154760 	43.185646 	24.698177 	109.859001 	90.338257 	68.154236 	128.144455 	110.113579 	71.568146 	27.658634 	31.622776 	88.238312 	71.063354 	48.166378 	43.737854 	120.602654 	45.122055 	86.377083 	33.421551 	52.153618 	87.315521 	79.812279 	46.615448 	91.760559 	138.191895 	102.883430 	135.591293 	
8.246211 	44.944408 	52.801514 	49.193497 	4.123106 	70.213959 	34.205261 	53.037724 	9.000000 	82.927681 	20.248457 	22.825424 	19.026299 	6.324555 	58.249462 	999.000000 	68.352028 	82.365044 	66.843102 	29.154760 	13.152946 	30.364452 	48.383881 	14.035668 	93.193344 	47.201694 	28.844410 	12.649111 	68.622154 	20.099751 	78.102493 	66.468040 	26.832815 	40.459858 	15.652476 	86.833176 	36.055511 	60.440052 	48.104053 	59.816387 	18.973665 	80.721741 	34.000000 	40.496914 	39.051247 	48.826221 	84.148682 	37.336308 	64.350601 	51.613953 	33.734257 	24.083189 	70.837845 	51.865211 	25.238859 	61.773781 	85.632935 	33.060551 	26.400757 	37.000000 	41.303753 	62.481998 	43.185646 	33.136082 	58.309521 	37.215588 	34.132095 	31.384710 	103.276329 	38.013157 	80.622574 	46.324940 	77.794601 	
61.741398 	107.647575 	16.124516 	20.099751 	71.784401 	132.612213 	101.518471 	118.511604 	65.734314 	144.045135 	88.600227 	53.150730 	50.537113 	62.032249 	120.801491 	68.352028 	999.000000 	141.534454 	130.430054 	92.962357 	81.271149 	48.104053 	105.550934 	65.764732 	153.717270 	114.490173 	48.000000 	69.050705 	133.405396 	87.931793 	141.605087 	131.764938 	52.000000 	38.639359 	71.700768 	149.626205 	44.407207 	22.022715 	32.893768 	126.657021 	83.952370 	144.844742 	48.373547 	43.174065 	107.205414 	39.395432 	149.214615 	105.080925 	131.928009 	38.470768 	57.706154 	80.224686 	25.495098 	39.824615 	78.057671 	129.769028 	151.172089 	62.649822 	80.056229 	103.812332 	108.931168 	33.941124 	110.602890 	67.601776 	126.649124 	102.961159 	67.742157 	76.164299 	167.409683 	66.490601 	32.557640 	57.008770 	33.526108 	
84.876381 	37.576588 	128.763351 	126.063477 	81.394104 	15.033297 	52.630791 	34.132095 	90.338257 	6.708204 	68.308128 	105.190300 	93.861603 	87.132080 	25.000000 	82.365044 	141.534454 	999.000000 	20.099751 	53.235325 	75.026665 	93.434471 	36.069378 	94.429871 	12.529964 	44.045429 	111.139549 	91.389275 	23.086792 	72.801102 	15.620500 	25.961510 	109.178749 	122.331520 	92.114059 	14.560220 	118.338501 	140.246216 	129.529922 	35.693138 	81.043198 	18.439089 	116.361504 	122.800652 	63.031738 	131.026718 	23.853722 	67.067131 	39.560081 	133.775925 	115.039124 	93.145050 	151.029800 	134.111893 	96.566040 	44.271889 	26.925823 	113.088463 	96.046867 	72.062469 	67.007462 	144.222046 	68.066147 	111.328346 	51.923019 	76.059189 	112.271988 	104.809349 	31.144823 	116.709038 	161.207947 	127.632286 	158.808060 	
70.710678 	22.803509 	116.516090 	113.454834 	65.215027 	5.099020 	34.438351 	14.866069 	74.060783 	17.464249 	50.537113 	89.403580 	80.808418 	72.249565 	9.848858 	66.843102 	130.430054 	20.099751 	999.000000 	38.183765 	57.801384 	83.006027 	27.658634 	77.698135 	27.513634 	24.331051 	95.603348 	74.431175 	5.385165 	54.625999 	11.313708 	7.071068 	93.230896 	107.298645 	74.706093 	20.000000 	102.800781 	126.574089 	114.865135 	15.811388 	62.769421 	14.422205 	100.439034 	107.200745 	43.185646 	115.602768 	19.313208 	47.265209 	20.808653 	118.406082 	98.112183 	74.672615 	137.207870 	118.600166 	78.185677 	25.059929 	21.840330 	95.713112 	77.491936 	52.239830 	47.010635 	129.321304 	48.010414 	93.520050 	32.310989 	56.222771 	94.429871 	86.377083 	37.013512 	98.898941 	147.186951 	110.535065 	144.499130 	
32.526913 	15.811388 	78.600258 	75.432091 	28.231188 	41.231056 	12.649111 	25.553865 	37.161808 	53.823788 	18.439089 	51.971146 	42.801868 	34.205261 	29.206163 	29.154760 	92.962357 	53.235325 	38.183765 	999.000000 	23.086792 	46.818798 	21.000000 	41.436699 	64.070274 	23.194826 	57.982758 	38.600517 	40.607880 	23.537205 	49.497475 	38.832977 	55.946404 	69.404610 	39.812057 	58.051701 	65.192024 	88.391174 	76.837494 	34.176014 	31.144823 	52.402290 	63.134777 	69.641945 	28.017851 	77.935867 	56.400356 	29.732138 	40.261642 	80.709358 	62.032249 	43.011627 	99.035347 	80.993828 	46.010868 	39.319206 	58.249462 	60.440052 	46.010868 	33.301651 	32.802441 	91.400215 	35.000000 	59.228371 	39.115215 	36.400551 	60.207973 	54.083271 	75.073296 	64.536812 	109.041275 	74.672615 	106.404884 	
21.000000 	37.643059 	65.551506 	61.846584 	9.486833 	61.717098 	23.600847 	43.266617 	17.029387 	74.686012 	7.810250 	32.557640 	32.140316 	19.416489 	50.159744 	13.152946 	81.271149 	75.026665 	57.801384 	23.086792 	999.000000 	42.579338 	44.045429 	20.000000 	84.970581 	36.069378 	38.948685 	16.643316 	58.821766 	7.000000 	68.796799 	56.400356 	36.069378 	51.088158 	17.088007 	77.698135 	45.967381 	72.111023 	59.033890 	48.795490 	9.433981 	71.028160 	43.185646 	50.209560 	25.961510 	58.694122 	73.878281 	24.186773 	52.630791 	61.522354 	40.311287 	20.223749 	82.200974 	61.554855 	23.021729 	49.648766 	75.073296 	38.078865 	23.194826 	24.083189 	28.160255 	72.862885 	30.066593 	36.400551 	45.617977 	24.738634 	37.363083 	31.016125 	93.236259 	41.761227 	91.678787 	52.773098 	88.617157 	
22.135944 	60.415230 	36.359318 	34.438351 	34.481880 	84.876381 	57.271286 	72.090218 	34.132095 	96.046867 	48.041649 	34.132095 	14.142136 	25.495098 	73.246162 	30.364452 	48.104053 	93.434471 	83.006027 	46.818798 	42.579338 	999.000000 	57.489128 	37.802116 	105.645638 	69.641945 	35.468296 	39.115215 	86.353920 	49.497475 	94.031906 	84.970581 	37.121422 	40.112343 	42.720020 	101.833199 	40.024994 	50.328918 	44.181442 	80.993828 	49.335587 	97.416634 	41.109608 	43.566040 	67.000000 	49.010204 	102.083298 	66.121101 	86.977005 	51.009804 	47.413078 	52.478565 	60.926186 	52.000000 	52.430908 	85.615417 	104.235313 	49.929951 	54.083271 	66.610809 	70.114189 	58.051701 	72.173401 	52.801514 	84.011902 	67.268120 	53.600372 	55.901699 	119.816528 	55.758408 	71.175842 	56.920998 	69.641945 	
49.648766 	12.041595 	92.698433 	90.027771 	48.270073 	28.231188 	27.730848 	23.409399 	57.008770 	38.600517 	39.204590 	70.936592 	58.008621 	52.392746 	18.110771 	48.383881 	105.550934 	36.069378 	27.658634 	21.000000 	44.045429 	57.489128 	999.000000 	61.611687 	48.166378 	29.206163 	76.557167 	59.033890 	32.249031 	44.283180 	37.696156 	32.015621 	75.026665 	87.235313 	60.530983 	44.777225 	83.671982 	104.403069 	94.154129 	33.241539 	52.086468 	41.436699 	82.079231 	88.141930 	43.566040 	96.150925 	46.840153 	46.529560 	40.521599 	98.838249 	82.006096 	64.007812 	115.208504 	99.282425 	67.007462 	42.154476 	49.477268 	80.808418 	67.007462 	50.990196 	48.548943 	108.908218 	50.477718 	79.906197 	45.793011 	54.625999 	80.894997 	75.059975 	63.063461 	85.158676 	125.431259 	94.641426 	123.146255 	
18.357559 	56.859474 	49.648766 	45.705578 	13.341664 	81.492332 	43.600460 	63.245552 	5.099020 	94.413979 	27.658634 	13.416408 	23.853722 	13.892444 	69.771057 	14.035668 	65.764732 	94.429871 	77.698135 	41.436699 	20.000000 	37.802116 	61.611687 	999.000000 	104.709122 	55.973209 	19.723083 	3.605551 	78.816238 	24.839485 	88.752464 	76.400261 	16.401220 	31.906113 	6.000000 	97.637085 	26.400757 	53.665630 	39.962482 	68.680420 	18.788294 	91.021973 	23.345236 	30.479502 	43.566040 	38.948685 	93.861603 	40.706264 	72.180328 	41.773197 	20.615528 	15.524175 	63.285069 	41.725292 	14.764823 	68.883957 	95.015785 	19.235384 	16.552946 	38.626415 	44.283180 	53.263496 	45.694637 	19.104973 	64.070274 	37.363083 	20.099751 	18.601076 	113.229858 	24.000000 	72.422371 	33.241539 	69.202599 	
96.213303 	48.259712 	140.716019 	137.931137 	91.923882 	23.259407 	61.846584 	42.379242 	100.846420 	10.295630 	77.878113 	115.965515 	105.550934 	98.229324 	34.985710 	93.193344 	153.717270 	12.529964 	27.513634 	64.070274 	84.970581 	105.645638 	48.166378 	104.709122 	999.000000 	51.662365 	122.036880 	101.533249 	28.284271 	82.079231 	18.027756 	31.257000 	119.887444 	133.454117 	101.980392 	10.440307 	129.247818 	151.855194 	140.801285 	41.194660 	90.249657 	18.248287 	127.094452 	133.689941 	70.213959 	142.003525 	21.023796 	74.330345 	43.104523 	144.779144 	125.239769 	102.181213 	162.606888 	145.055161 	105.688217 	48.093658 	23.323807 	123.004066 	105.004761 	79.246452 	73.681747 	155.425217 	74.431175 	120.933868 	56.080299 	83.186539 	121.852371 	113.885910 	20.223749 	126.317062 	172.733902 	137.742508 	170.238068 	
52.839378 	17.204651 	99.478638 	96.041656 	44.687805 	29.154760 	13.038404 	10.049875 	53.037724 	41.773197 	28.319605 	68.593002 	63.953106 	53.254108 	20.615528 	47.201694 	114.490173 	44.045429 	24.331051 	23.194826 	36.069378 	69.641945 	29.206163 	55.973209 	51.662365 	999.000000 	74.966660 	52.497620 	23.769728 	31.622776 	34.176014 	21.023796 	72.138756 	87.045967 	52.201534 	43.081318 	82.024384 	107.615051 	94.921021 	12.727922 	39.446167 	35.777088 	79.246452 	86.278618 	19.000000 	94.762863 	38.013157 	23.021729 	17.464249 	97.590981 	75.802376 	50.990196 	117.923706 	97.621719 	54.561890 	16.124516 	39.051247 	72.945183 	53.712196 	28.017851 	23.194826 	108.903625 	24.515301 	70.327805 	17.088007 	32.015621 	71.196907 	62.649822 	57.428215 	75.663727 	127.561752 	87.920418 	124.579292 	
27.202942 	73.783470 	32.062439 	28.071337 	30.479502 	99.045441 	62.241467 	81.565926 	21.931713 	111.772087 	46.754681 	6.403124 	23.194826 	24.166092 	87.091904 	28.844410 	48.000000 	111.139549 	95.603348 	57.982758 	38.948685 	35.468296 	76.557167 	19.723083 	122.036880 	74.966660 	999.000000 	23.323807 	97.185387 	44.407207 	106.826965 	94.921021 	4.000000 	12.206555 	25.079872 	115.602768 	7.211102 	34.014702 	20.248457 	87.692642 	38.470768 	109.343498 	6.000000 	11.661903 	63.285069 	20.000000 	112.538879 	60.415230 	91.547798 	22.803509 	12.727922 	32.557640 	43.566040 	23.021729 	30.149628 	88.408142 	113.863953 	16.643316 	32.140316 	58.180752 	63.953106 	33.941124 	65.306969 	21.023796 	83.761566 	56.648037 	21.470911 	28.442924 	131.795303 	22.022715 	52.801514 	21.587032 	49.678970 	
18.439089 	53.851646 	52.952808 	49.030602 	11.000000 	78.294319 	40.224369 	59.908264 	5.000000 	91.241440 	24.207438 	17.000000 	25.495098 	14.142136 	66.640831 	12.649111 	69.050705 	91.389275 	74.431175 	38.600517 	16.643316 	39.115215 	59.033890 	3.605551 	101.533249 	52.497620 	23.323807 	999.000000 	75.451973 	21.260292 	85.440041 	73.006851 	20.000000 	35.510563 	3.605551 	94.339813 	30.000000 	57.245087 	43.566040 	65.192024 	15.231546 	87.658424 	26.907248 	34.058773 	39.962482 	42.520584 	90.426765 	37.121422 	68.622154 	45.343136 	23.706539 	13.416408 	66.887962 	45.276924 	13.453624 	65.299309 	91.547798 	21.840330 	15.000000 	35.114101 	40.718548 	56.850681 	42.154476 	21.023796 	60.464867 	33.955853 	22.022715 	18.788294 	109.808922 	26.172504 	76.026314 	36.249138 	72.801102 	
73.000000 	25.942244 	119.201508 	116.038788 	66.708321 	9.219544 	35.227829 	15.620500 	75.432091 	19.026299 	51.312767 	90.906548 	83.408630 	74.249580 	14.142136 	68.622154 	133.405396 	23.086792 	5.385165 	40.607880 	58.821766 	86.353920 	32.249031 	78.816238 	28.284271 	23.769728 	97.185387 	75.451973 	999.000000 	55.072678 	10.440307 	3.000000 	94.641426 	109.041275 	75.471848 	19.313208 	104.350372 	128.763351 	116.726173 	13.000000 	63.063461 	12.206555 	101.828285 	108.706024 	41.976185 	117.153748 	15.811388 	46.097721 	16.552946 	119.970833 	99.020203 	74.732857 	139.316193 	120.104118 	78.294319 	21.189621 	17.888544 	96.384644 	77.472572 	50.990196 	45.398239 	131.045792 	46.173584 	93.941475 	28.861740 	54.918121 	94.826157 	86.406021 	34.655445 	99.297531 	149.201202 	111.305885 	146.413803 	
28.000000 	36.221542 	72.111023 	68.352028 	16.278820 	58.872746 	20.248457 	39.812057 	22.825424 	71.867935 	5.099020 	38.013157 	39.115215 	26.305893 	47.801674 	20.099751 	87.931793 	72.801102 	54.625999 	23.537205 	7.000000 	49.497475 	44.283180 	24.839485 	82.079231 	31.622776 	44.407207 	21.260292 	55.072678 	999.000000 	65.299309 	52.478565 	41.231056 	56.612720 	20.615528 	74.242844 	51.224995 	78.032043 	64.637451 	44.204071 	8.246211 	67.230942 	48.166378 	55.317268 	19.313208 	63.780876 	69.634758 	17.262676 	47.381432 	66.603302 	44.204071 	20.396078 	87.920418 	66.528191 	23.769728 	44.045429 	70.604530 	41.340054 	23.345236 	17.117243 	21.213203 	78.102493 	23.086792 	38.910152 	39.446167 	18.027756 	39.812057 	32.015621 	89.050545 	44.283180 	97.200821 	56.302753 	94.021271 	
82.024384 	34.058773 	127.781059 	124.739731 	76.400261 	9.486833 	45.276924 	25.553865 	85.211502 	9.848858 	61.400326 	100.603180 	92.097771 	83.546394 	20.808653 	78.102493 	141.605087 	15.620500 	11.313708 	49.497475 	68.796799 	94.031906 	37.696156 	88.752464 	18.027756 	34.176014 	106.826965 	85.440041 	10.440307 	65.299309 	999.000000 	13.341664 	104.403069 	118.562218 	85.586212 	8.944272 	114.017540 	137.887634 	126.150703 	23.194826 	73.348480 	4.000000 	111.606453 	118.406082 	52.392746 	126.822708 	10.049875 	56.515484 	25.317978 	129.630249 	109.077957 	85.088188 	148.519363 	129.807556 	88.639717 	30.265491 	13.152946 	106.550461 	87.846458 	61.392181 	55.731499 	140.584488 	56.435802 	104.201729 	38.209946 	65.306969 	105.095192 	96.772926 	25.806976 	109.567329 	158.492905 	121.433105 	155.794739 	
71.063354 	24.698177 	117.413795 	114.201576 	64.443771 	11.661903 	32.802441 	13.453624 	73.109505 	22.022715 	48.826221 	88.617157 	81.608826 	72.180328 	14.035668 	66.468040 	131.764938 	25.961510 	7.071068 	38.832977 	56.400356 	84.970581 	32.015621 	76.400261 	31.257000 	21.023796 	94.921021 	73.006851 	3.000000 	52.478565 	13.341664 	999.000000 	92.314682 	106.831642 	72.945183 	22.135944 	102.068604 	126.732002 	114.560028 	10.000000 	60.415230 	14.764823 	99.488693 	106.404884 	39.051247 	114.865135 	17.691807 	43.174065 	13.892444 	117.686020 	96.519424 	72.013885 	137.244308 	117.796432 	75.584389 	18.384777 	19.416489 	93.813644 	74.732857 	48.052055 	42.426407 	128.817703 	43.185646 	91.301697 	25.961510 	51.971146 	92.179176 	83.671982 	36.878178 	96.648849 	147.085007 	108.756607 	144.256714 	
26.305893 	71.693794 	36.055511 	32.062439 	28.017851 	96.798759 	59.548298 	79.025314 	19.209373 	109.603828 	43.840622 	4.123106 	24.041630 	22.803509 	84.905830 	26.832815 	52.000000 	109.178749 	93.230896 	55.946404 	36.069378 	37.121422 	75.026665 	16.401220 	119.887444 	72.138756 	4.000000 	20.000000 	94.641426 	41.231056 	104.403069 	92.314682 	999.000000 	15.652476 	21.470911 	113.225441 	10.000000 	37.696156 	23.706539 	84.864601 	34.985710 	106.826965 	7.211102 	14.142136 	59.908264 	22.627417 	109.877205 	56.938564 	88.526833 	25.455845 	10.295630 	28.635643 	47.010635 	25.495098 	26.172504 	85.276024 	111.126053 	13.453624 	28.160255 	54.561890 	60.415230 	36.878178 	61.717098 	17.492855 	80.448738 	52.924473 	18.027756 	24.515301 	129.189789 	19.104973 	56.035702 	21.023796 	52.801514 	
37.589893 	85.211502 	23.769728 	20.124611 	42.426407 	110.602890 	74.249580 	93.434471 	34.058773 	123.223373 	58.898216 	18.601076 	30.805843 	35.227829 	98.600204 	40.459858 	38.639359 	122.331520 	107.298645 	69.404610 	51.088158 	40.112343 	87.235313 	31.906113 	133.454117 	87.045967 	12.206555 	35.510563 	109.041275 	56.612720 	118.562218 	106.831642 	15.652476 	999.000000 	37.121422 	127.283150 	6.082763 	22.135944 	8.062258 	99.764725 	50.606323 	121.165176 	10.049875 	5.000000 	75.471848 	9.219544 	124.482933 	72.560318 	103.711136 	11.704700 	19.104973 	43.965897 	31.384710 	12.369317 	41.231056 	100.603180 	125.865005 	24.083189 	43.174065 	70.213959 	76.059189 	22.022715 	77.369247 	29.068884 	95.963531 	68.541962 	29.154760 	38.052597 	143.683685 	27.892651 	40.607880 	20.518284 	37.536648 	
21.931713 	54.708317 	55.578773 	51.623638 	13.341664 	78.721024 	40.311287 	60.033325 	8.602325 	91.706055 	24.186773 	18.973665 	29.068884 	17.691807 	67.230942 	15.652476 	71.700768 	92.114059 	74.706093 	39.812057 	17.088007 	42.720020 	60.530983 	6.000000 	101.980392 	52.201534 	25.079872 	3.605551 	75.471848 	20.615528 	85.586212 	72.945183 	21.470911 	37.121422 	999.000000 	94.514549 	31.384710 	59.093147 	45.177429 	64.815125 	13.601471 	87.664131 	28.017851 	35.227829 	38.600517 	43.600460 	90.210861 	35.510563 	67.896980 	46.400433 	23.600847 	9.848858 	68.476273 	46.227695 	9.899495 	64.381676 	91.214035 	21.023796 	11.401754 	33.105892 	38.948685 	58.008621 	40.249222 	19.416489 	59.203041 	31.622776 	20.396078 	15.811388 	109.622078 	24.738634 	77.388626 	35.846897 	74.060783 	
90.553848 	42.426407 	136.029404 	133.056381 	85.211502 	17.029387 	54.203320 	34.481880 	94.047859 	8.062258 	70.327805 	109.402924 	100.448990 	92.195442 	29.000000 	86.833176 	149.626205 	14.560220 	20.000000 	58.051701 	77.698135 	101.833199 	44.777225 	97.637085 	10.440307 	43.081318 	115.602768 	94.339813 	19.313208 	74.242844 	8.944272 	22.135944 	113.225441 	127.283150 	94.514549 	999.000000 	122.800652 	146.413803 	134.825821 	31.780497 	82.292160 	8.000000 	120.432556 	127.200630 	61.131008 	135.602356 	10.816654 	65.253349 	33.000000 	138.405197 	117.991524 	94.021271 	157.079605 	138.600143 	97.575615 	38.000000 	13.453624 	115.485931 	96.772926 	70.092796 	64.327286 	149.305054 	64.938431 	113.145920 	46.000000 	73.979729 	114.039467 	105.702415 	18.384777 	118.511604 	167.092789 	130.361038 	164.438431 	
34.176014 	80.993828 	29.120440 	25.298222 	37.643059 	106.254410 	69.354164 	88.729927 	29.000000 	118.983192 	53.758720 	13.453624 	29.017237 	31.304953 	94.302704 	36.055511 	44.407207 	118.338501 	102.800781 	65.192024 	45.967381 	40.024994 	83.671982 	26.400757 	129.247818 	82.024384 	7.211102 	30.000000 	104.350372 	51.224995 	114.017540 	102.068604 	10.000000 	6.082763 	31.384710 	122.800652 	999.000000 	28.160255 	13.928389 	94.752312 	44.944408 	116.516090 	4.000000 	4.472136 	69.892776 	12.806249 	119.670380 	66.887962 	98.493652 	15.620500 	13.341664 	37.947330 	37.121422 	15.811388 	35.171009 	95.268044 	120.966934 	18.248287 	37.107952 	64.412735 	70.327805 	26.907248 	71.589104 	23.194826 	90.443352 	62.649822 	23.345236 	32.015621 	138.946030 	22.472204 	46.043457 	17.492855 	42.801868 	
55.865910 	104.004807 	16.031219 	16.278820 	63.007935 	129.495178 	94.641426 	113.278419 	55.226807 	141.767410 	79.881165 	40.249222 	46.400433 	54.561890 	117.456375 	60.440052 	22.022715 	140.246216 	126.574089 	88.391174 	72.111023 	50.328918 	104.403069 	53.665630 	151.855194 	107.615051 	34.014702 	57.245087 	128.763351 	78.032043 	137.887634 	126.732002 	37.696156 	22.135944 	59.093147 	146.413803 	28.160255 	999.000000 	14.317822 	120.253899 	72.449982 	140.730240 	32.015621 	25.317978 	97.128784 	19.104973 	144.422989 	94.366310 	124.619423 	17.464249 	40.311287 	66.098412 	10.816654 	18.681541 	63.324562 	121.757957 	146.000000 	45.276924 	65.253349 	92.195442 	97.943863 	12.206555 	99.317673 	50.249378 	117.477661 	90.620087 	50.159744 	59.682495 	163.379929 	48.000000 	21.095022 	36.674240 	19.313208 	
44.654228 	92.617493 	19.849434 	17.029387 	50.249378 	118.067780 	82.073135 	101.138519 	42.011902 	130.602448 	66.843102 	26.627054 	36.769554 	42.638012 	106.042442 	48.104053 	32.893768 	129.529922 	114.865135 	76.837494 	59.033890 	44.181442 	94.154129 	39.962482 	140.801285 	94.921021 	20.248457 	43.566040 	116.726173 	64.637451 	126.150703 	114.560028 	23.706539 	8.062258 	45.177429 	134.825821 	13.928389 	14.317822 	999.000000 	107.628990 	58.668560 	128.817703 	17.720045 	11.045361 	83.528435 	7.071068 	132.230865 	80.622574 	111.664673 	7.615773 	26.076809 	51.865211 	23.323807 	8.944272 	49.040798 	108.600182 	133.660019 	31.064449 	50.960770 	78.262383 	84.118965 	14.764823 	85.422478 	36.055511 	104.009613 	76.557167 	36.013885 	45.398239 	151.380310 	34.132095 	32.649654 	24.166092 	29.698484 	
65.192024 	23.021729 	111.830231 	108.452751 	57.384666 	20.880613 	25.612497 	10.049875 	65.764732 	32.015621 	41.036568 	81.320351 	76.157730 	65.802734 	17.804493 	59.816387 	126.657021 	35.693138 	15.811388 	34.176014 	48.795490 	80.993828 	33.241539 	68.680420 	41.194660 	12.727922 	87.692642 	65.192024 	13.000000 	44.204071 	23.194826 	10.000000 	84.864601 	99.764725 	64.815125 	31.780497 	94.752312 	120.253899 	107.628990 	999.000000 	51.865211 	24.041630 	91.967384 	99.005051 	29.410883 	107.489532 	25.553865 	33.526108 	7.280110 	110.317726 	88.408142 	63.134777 	130.598618 	110.344917 	66.730804 	9.899495 	26.400757 	85.445892 	65.764732 	38.327538 	32.557640 	121.630585 	33.241539 	82.680107 	16.552946 	42.201897 	83.528435 	74.706093 	44.944408 	87.982956 	140.264038 	100.439034 	137.295303 	
27.202942 	44.407207 	67.911705 	64.031242 	14.866069 	67.067131 	28.460499 	47.927029 	18.248287 	80.056229 	13.038404 	32.202484 	37.336308 	24.331051 	56.044624 	18.973665 	83.952370 	81.043198 	62.769421 	31.144823 	9.433981 	49.335587 	52.086468 	18.788294 	90.249657 	39.446167 	38.470768 	15.231546 	63.063461 	8.246211 	73.348480 	60.415230 	34.985710 	50.606323 	13.601471 	82.292160 	44.944408 	72.449982 	58.668560 	51.865211 	999.000000 	75.179787 	41.617306 	48.826221 	25.000000 	57.201397 	77.388626 	21.954498 	54.561890 	60.000000 	36.796738 	12.165525 	81.987801 	59.816387 	15.524175 	50.911690 	78.236816 	33.600594 	15.132746 	19.924858 	25.495098 	71.610054 	26.925823 	30.886890 	45.607018 	19.104973 	31.764761 	23.769728 	96.798759 	36.235340 	90.972527 	48.600410 	87.658424 	
84.899940 	37.202152 	130.873978 	127.781059 	78.873314 	13.341664 	47.434166 	27.802877 	87.618492 	12.041595 	63.513779 	103.077644 	95.131485 	86.278618 	24.186773 	80.721741 	144.844742 	18.439089 	14.422205 	52.402290 	71.028160 	97.416634 	41.436699 	91.021973 	18.248287 	35.777088 	109.343498 	87.658424 	12.206555 	67.230942 	4.000000 	14.764823 	106.826965 	121.165176 	87.664131 	8.000000 	116.516090 	140.730240 	128.817703 	24.041630 	75.179787 	999.000000 	114.017540 	120.880104 	53.450912 	129.321304 	6.082763 	57.567352 	25.000000 	132.136292 	111.220505 	86.764046 	151.320847 	132.279999 	90.338257 	30.000000 	9.219544 	108.558739 	89.470665 	62.361847 	56.515484 	143.178207 	57.070133 	106.066017 	38.000000 	66.219330 	106.943909 	98.412399 	22.671568 	111.413643 	161.245148 	123.490891 	158.492905 	
32.984844 	78.892334 	32.984844 	29.120440 	35.227829 	104.009613 	66.708321 	86.214851 	26.400757 	116.811813 	50.931328 	11.180340 	29.154760 	29.732138 	92.114059 	34.000000 	48.373547 	116.361504 	100.439034 	63.134777 	43.185646 	41.109608 	82.079231 	23.345236 	127.094452 	79.246452 	6.000000 	26.907248 	101.828285 	48.166378 	111.606453 	99.488693 	7.211102 	10.049875 	28.017851 	120.432556 	4.000000 	32.015621 	17.720045 	91.967384 	41.617306 	114.017540 	999.000000 	7.211102 	66.610809 	15.620500 	117.034180 	63.513779 	95.524864 	18.439089 	9.486833 	34.176014 	40.718548 	18.384777 	31.320919 	92.195442 	118.258194 	14.317822 	33.241539 	60.901562 	66.887962 	30.000000 	68.095520 	19.235384 	87.200920 	59.033890 	19.416489 	28.017851 	136.359818 	18.788294 	49.396355 	15.811388 	46.043457 	
38.626415 	85.440041 	28.635643 	25.059929 	42.011902 	110.679718 	73.661385 	93.085983 	33.301651 	123.422043 	57.982758 	17.804493 	33.136082 	35.777088 	98.737022 	40.496914 	43.174065 	122.800652 	107.200745 	69.641945 	50.209560 	43.566040 	88.141930 	30.479502 	133.689941 	86.278618 	11.661903 	34.058773 	108.706024 	55.317268 	118.406082 	106.404884 	14.142136 	5.000000 	35.227829 	127.200630 	4.472136 	25.317978 	11.045361 	99.005051 	48.826221 	120.880104 	7.211102 	999.000000 	73.817345 	8.485281 	123.987900 	70.724815 	102.649887 	11.313708 	15.033297 	41.231056 	33.615471 	11.401754 	38.275318 	99.357941 	125.255737 	20.024984 	40.162170 	68.095520 	74.094536 	22.803509 	75.292763 	25.019993 	94.403389 	66.189125 	25.000000 	34.365681 	143.282944 	23.345236 	42.190044 	15.556349 	38.832977 	
46.529560 	32.202484 	91.416626 	87.664131 	35.440090 	48.093658 	16.278820 	29.017237 	42.047592 	60.530983 	19.104973 	56.938564 	57.870544 	45.354160 	39.319206 	39.051247 	107.205414 	63.031738 	43.185646 	28.017851 	25.961510 	67.000000 	43.566040 	43.566040 	70.213959 	19.000000 	63.285069 	39.962482 	41.976185 	19.313208 	52.392746 	39.051247 	59.908264 	75.471848 	38.600517 	61.131008 	69.892776 	97.128784 	83.528435 	29.410883 	25.000000 	53.450912 	66.610809 	73.817345 	999.000000 	82.200974 	54.625999 	4.123106 	30.528675 	85.000000 	61.554855 	34.828148 	106.850365 	84.811554 	38.418747 	26.400757 	55.009090 	58.000000 	37.202152 	9.055386 	5.000000 	96.607452 	7.071068 	54.671749 	20.615528 	13.038404 	55.443665 	46.043457 	73.790245 	59.816387 	115.935326 	72.917763 	112.645462 	
46.518814 	93.744331 	26.907248 	24.083189 	50.447994 	119.037811 	82.134033 	101.533249 	41.773197 	131.745972 	66.468040 	26.248810 	40.024994 	43.908997 	107.074738 	48.826221 	39.395432 	131.026718 	115.602768 	77.935867 	58.694122 	49.010204 	96.150925 	38.948685 	142.003525 	94.762863 	20.000000 	42.520584 	117.153748 	63.780876 	126.822708 	114.865135 	22.627417 	9.219544 	43.600460 	135.602356 	12.806249 	19.104973 	7.071068 	107.489532 	57.201397 	129.321304 	15.620500 	8.485281 	82.200974 	999.000000 	132.457535 	79.056938 	111.126053 	2.828427 	22.135944 	49.193497 	25.961510 	3.162278 	46.097721 	107.814659 	133.734818 	26.925823 	47.927029 	76.321686 	82.377182 	14.422205 	83.528435 	31.780497 	102.800781 	74.303429 	31.575306 	41.484936 	151.743210 	29.068884 	34.000000 	17.720045 	30.528675 	
88.729927 	41.677334 	135.000000 	131.821854 	82.073135 	19.104973 	50.328918 	31.144823 	90.686272 	17.204651 	66.219330 	106.216759 	99.201813 	89.872131 	29.154760 	84.148682 	149.214615 	23.853722 	19.313208 	56.400356 	73.878281 	102.083298 	46.840153 	93.861603 	21.023796 	38.013157 	112.538879 	90.426765 	15.811388 	69.634758 	10.049875 	17.691807 	109.877205 	124.482933 	90.210861 	10.816654 	119.670380 	144.422989 	132.230865 	25.553865 	77.388626 	6.082763 	117.034180 	123.987900 	54.625999 	132.457535 	999.000000 	58.694122 	24.738634 	135.281189 	113.811249 	88.684837 	154.935471 	135.369858 	92.282173 	29.614185 	3.162278 	110.941429 	91.301697 	63.324562 	57.245087 	146.454773 	57.567352 	108.226616 	37.483330 	67.067131 	109.077957 	100.239716 	19.416489 	113.534134 	164.769531 	125.924583 	161.929001 	
45.099888 	35.468296 	89.185204 	85.381500 	33.541019 	52.153618 	18.867962 	33.000000 	39.560081 	64.629715 	18.110771 	54.120235 	56.320511 	43.566040 	43.185646 	37.336308 	105.080925 	67.067131 	47.265209 	29.732138 	24.186773 	66.121101 	46.529560 	40.706264 	74.330345 	23.021729 	60.415230 	37.121422 	46.097721 	17.262676 	56.515484 	43.174065 	56.938564 	72.560318 	35.510563 	65.253349 	66.887962 	94.366310 	80.622574 	33.526108 	21.954498 	57.567352 	63.513779 	70.724815 	4.123106 	79.056938 	58.694122 	999.000000 	34.481880 	81.841309 	58.137768 	31.144823 	103.942291 	81.608826 	34.713108 	30.232433 	59.033890 	54.451813 	33.421551 	5.000000 	4.000000 	93.477272 	6.082763 	50.990196 	24.041630 	9.000000 	51.739735 	42.201897 	77.820305 	56.080299 	112.898186 	69.310890 	109.553642 	
70.235321 	30.149628 	116.846054 	113.371071 	61.611687 	25.553865 	30.413813 	17.262676 	69.656296 	34.928497 	44.821869 	85.146935 	81.394104 	70.491135 	24.698177 	64.350601 	131.928009 	39.560081 	20.808653 	40.261642 	52.630791 	86.977005 	40.521599 	72.180328 	43.104523 	17.464249 	91.547798 	68.622154 	16.552946 	47.381432 	25.317978 	13.892444 	88.526833 	103.711136 	67.896980 	33.000000 	98.493652 	124.619423 	111.664673 	7.280110 	54.561890 	25.000000 	95.524864 	102.649887 	30.528675 	111.126053 	24.738634 	34.481880 	999.000000 	113.951744 	91.350975 	65.215027 	134.807266 	113.899078 	68.818604 	5.000000 	24.698177 	88.090858 	67.675697 	38.910152 	32.695564 	125.399361 	32.893768 	85.000000 	13.000000 	42.544094 	85.802101 	76.550636 	43.462627 	90.210861 	144.308701 	103.077644 	141.226761 	
