Total assets = 940
Number of asset nodes = 50

Distance:
999.000000 	14.866069 	17.691807 	43.566040 	22.847319 	19.646883 	10.630146 	24.041630 	58.694122 	15.033297 	12.806249 	17.000000 	53.263496 	19.235384 	30.805843 	17.204651 	48.104053 	56.727417 	59.033890 	65.115280 	47.507893 	53.758720 	19.313208 	39.560081 	20.248457 	53.037724 	45.000000 	25.019993 	41.785164 	53.758720 	38.600517 	37.107952 	39.824615 	68.767723 	87.458565 	86.683334 	45.310043 	65.946945 	39.812057 	32.140316 	34.014702 	50.695168 	52.392746 	84.148682 	48.383881 	38.052597 	45.354160 	45.617977 	84.852814 	59.665737 	30.594116 	75.432091 	53.535034 	67.178864 	65.513359 	31.764761 	87.000000 	79.649231 	33.541019 	49.244289 	69.115845 	72.124893 	88.413803 	80.430092 	
14.866069 	999.000000 	2.828427 	29.068884 	37.215588 	33.541019 	18.110771 	38.013157 	73.539108 	13.000000 	19.000000 	13.038404 	68.117546 	16.643316 	44.384682 	21.377558 	33.301651 	41.868843 	73.878281 	79.981247 	62.128899 	38.897301 	19.697716 	53.665630 	20.124611 	38.209946 	30.528675 	18.027756 	55.901699 	38.948685 	52.392746 	50.695168 	26.248810 	83.630135 	102.176315 	101.414986 	59.481091 	51.088158 	53.141319 	23.409399 	45.891174 	64.845970 	66.648331 	98.994949 	62.241467 	50.447994 	58.872746 	32.280025 	99.704567 	45.000000 	26.248810 	90.271812 	39.357338 	52.345009 	80.156097 	39.319206 	101.862656 	94.493385 	28.600698 	36.138622 	83.761566 	57.280014 	103.276329 	95.268044 	
17.691807 	2.828427 	999.000000 	26.400757 	39.962482 	36.235340 	20.396078 	40.706264 	76.367531 	14.317822 	21.095022 	13.928389 	70.936592 	17.464249 	47.010635 	23.086792 	30.479502 	39.051247 	76.694199 	82.807007 	64.899925 	36.069378 	20.880613 	56.356010 	21.189621 	35.383614 	27.784887 	17.691807 	58.591808 	36.124783 	55.036350 	53.310413 	23.769728 	86.452301 	104.995239 	104.235313 	62.177166 	48.270073 	55.713554 	22.360680 	48.270073 	67.535179 	69.354164 	101.823380 	64.884514 	52.886673 	61.465439 	29.832869 	102.532921 	42.201897 	26.172504 	93.085983 	36.674240 	49.517673 	82.927681 	41.109608 	104.690018 	97.308784 	28.319605 	33.734257 	86.533234 	54.451813 	106.103722 	98.081596 	
43.566040 	29.068884 	26.400757 	999.000000 	66.241982 	62.609905 	46.486557 	67.082039 	101.533249 	38.832977 	46.840153 	37.483330 	96.607452 	40.199501 	73.409805 	47.853943 	12.649111 	15.231546 	102.415817 	108.231232 	91.065910 	14.142136 	44.283180 	82.734512 	44.181442 	15.000000 	16.401220 	36.055511 	84.970581 	16.000000 	81.437096 	79.705711 	21.633308 	112.004463 	129.402466 	128.701202 	88.549423 	23.853722 	82.079231 	35.171009 	74.330345 	93.914856 	95.713112 	126.905479 	91.285271 	79.056938 	87.846458 	24.758837 	127.663620 	23.021729 	43.566040 	118.810776 	23.409399 	26.925823 	109.077957 	65.490456 	129.957687 	123.004066 	44.147480 	27.802877 	112.680969 	31.304953 	131.365906 	123.810341 	
22.847319 	37.215588 	39.962482 	66.241982 	999.000000 	4.472136 	22.022715 	2.828427 	38.587563 	31.240999 	23.021729 	33.421551 	32.015621 	33.286633 	9.219544 	25.495098 	69.656296 	78.816238 	37.536648 	44.204071 	25.000000 	75.604233 	30.413813 	16.763054 	31.304953 	74.652527 	65.795135 	40.496914 	18.973665 	75.286118 	16.124516 	15.000000 	59.464275 	47.507893 	68.095520 	67.230942 	22.472204 	88.005684 	18.027756 	47.507893 	16.401220 	27.856777 	29.546574 	63.600315 	25.709921 	18.384777 	23.086792 	64.660652 	64.202805 	80.659782 	41.785164 	53.740116 	73.593475 	88.729927 	43.011627 	25.000000 	66.068146 	57.982758 	44.598206 	67.801178 	46.615448 	93.723000 	67.475922 	58.694122 	
19.646883 	33.541019 	36.235340 	62.609905 	4.472136 	999.000000 	17.691807 	4.472136 	43.046486 	26.907248 	18.601076 	29.068884 	36.400551 	28.844410 	11.180340 	21.023796 	65.604881 	74.886581 	41.868843 	48.600410 	29.068884 	71.610054 	25.942244 	20.124611 	26.832815 	70.604530 	61.619801 	36.055511 	22.360680 	71.217972 	18.973665 	17.464249 	55.172459 	51.855568 	72.560318 	71.693794 	25.942244 	84.053551 	20.223749 	43.046486 	16.155495 	31.304953 	33.120991 	68.007355 	28.792360 	19.235384 	25.709921 	60.307545 	68.600288 	76.485291 	37.336308 	58.000000 	69.310890 	84.646324 	47.010635 	21.931713 	70.434364 	62.241467 	40.162170 	63.411354 	50.606323 	89.643738 	71.840103 	62.936478 	
10.630146 	18.110771 	20.396078 	46.486557 	22.022715 	17.691807 	999.000000 	21.931713 	60.464867 	9.219544 	2.236068 	11.401754 	54.037025 	11.704700 	27.459061 	6.708204 	48.259712 	57.801384 	59.548298 	66.219330 	46.690472 	54.378304 	10.000000 	37.202152 	11.000000 	53.254108 	44.045429 	18.788294 	39.408119 	53.823788 	35.510563 	33.615471 	37.483330 	69.526970 	89.888817 	89.044930 	43.011627 	66.887962 	35.777088 	26.000000 	27.892651 	48.259712 	50.219517 	85.603737 	45.276924 	32.572994 	41.593269 	42.638012 	86.214851 	58.898216 	22.022715 	75.690155 	51.623638 	67.201187 	64.536812 	22.135944 	88.090858 	79.931221 	25.019993 	45.803928 	68.117546 	72.201111 	89.498604 	80.622574 	
24.041630 	38.013157 	40.706264 	67.082039 	2.828427 	4.472136 	21.931713 	999.000000 	39.357338 	31.112698 	22.671568 	33.241539 	32.449963 	32.802441 	7.000000 	24.698177 	70.000000 	79.322128 	37.802116 	44.654228 	24.758837 	76.026314 	29.681644 	15.652476 	30.528675 	75.000000 	65.946945 	40.000000 	17.888544 	75.604233 	14.560220 	13.152946 	59.396969 	47.801674 	68.883957 	68.000000 	21.470911 	88.481636 	16.031219 	46.872166 	13.601471 	26.832815 	28.653097 	64.070274 	24.351591 	15.811388 	21.377558 	64.443771 	64.637451 	80.808418 	40.718548 	53.814495 	73.539108 	89.022469 	42.638012 	22.561028 	66.400299 	58.051701 	43.462627 	67.475922 	46.227695 	94.021271 	67.801178 	58.728188 	
58.694122 	73.539108 	76.367531 	101.533249 	38.587563 	43.046486 	60.464867 	39.357338 	999.000000 	69.634758 	61.587337 	71.847061 	8.000000 	71.867935 	36.687874 	64.007812 	106.794197 	115.312622 	7.071068 	7.280110 	18.000000 	112.432205 	68.963760 	28.284271 	69.835518 	111.731819 	103.479469 	79.075912 	27.073973 	112.449989 	31.257000 	33.376640 	97.616600 	11.401754 	29.529646 	28.653097 	25.019993 	124.523087 	34.058773 	86.092972 	43.566040 	23.769728 	22.135944 	25.455845 	27.459061 	40.112343 	31.144823 	103.004852 	26.172504 	118.258194 	80.056229 	18.681541 	111.664673 	125.872955 	17.000000 	58.463665 	28.425341 	22.472204 	82.764725 	106.254410 	18.973665 	130.816666 	29.832869 	23.409399 	
15.033297 	13.000000 	14.317822 	38.832977 	31.240999 	26.907248 	9.219544 	31.112698 	69.634758 	999.000000 	8.602325 	2.236068 	63.253460 	4.472136 	36.400551 	9.055386 	39.446167 	49.193497 	68.767723 	75.432091 	55.865910 	45.650848 	6.708204 	46.227695 	7.211102 	44.418465 	35.000000 	10.198039 	48.414875 	44.944408 	44.407207 	42.438190 	28.284271 	78.746429 	99.020203 	98.183502 	52.009613 	58.180752 	44.418465 	17.464249 	35.846897 	57.201397 	59.203041 	94.810333 	54.083271 	40.718548 	50.249378 	33.421551 	95.425362 	49.819675 	15.811388 	84.899940 	42.426407 	58.249462 	73.661385 	27.000000 	97.308784 	89.140335 	18.681541 	36.619667 	77.233414 	63.245552 	98.716766 	89.827614 	
12.806249 	19.000000 	21.095022 	46.840153 	23.021729 	18.601076 	2.236068 	22.671568 	61.587337 	8.602325 	999.000000 	10.630146 	55.000000 	10.295630 	27.802877 	4.472136 	48.020828 	57.706154 	60.440052 	67.201187 	47.381432 	54.203320 	8.062258 	37.643059 	9.055386 	53.000000 	43.600460 	17.492855 	39.824615 	53.535034 	35.805027 	33.837849 	36.796738 	70.434364 	91.065910 	90.210861 	43.416588 	66.730804 	35.846897 	24.596748 	27.513634 	48.600410 	50.606323 	86.608315 	45.486263 	32.310989 	41.677334 	41.773197 	87.200920 	58.412327 	20.099751 	76.485291 	50.931328 	66.850578 	65.115280 	20.615528 	89.022469 	80.721741 	23.086792 	44.821869 	68.680420 	71.847061 	90.426765 	81.394104 	
17.000000 	13.038404 	13.928389 	37.483330 	33.421551 	29.068884 	11.401754 	33.241539 	71.847061 	2.236068 	10.630146 	999.000000 	65.436989 	3.605551 	38.418747 	10.440307 	37.589893 	47.423622 	70.936592 	77.620872 	57.982758 	43.829212 	7.071068 	48.270073 	7.280110 	42.544094 	33.015148 	8.062258 	50.447994 	43.046486 	46.400433 	44.407207 	26.172504 	80.919716 	101.242287 	100.404182 	54.037025 	56.356010 	46.324940 	15.297058 	37.576588 	59.203041 	61.220913 	97.005157 	56.035702 	42.485291 	52.153618 	31.240999 	97.616600 	47.801674 	14.317822 	87.045967 	40.311287 	56.302753 	75.742989 	28.071337 	99.488693 	91.285271 	17.088007 	34.409302 	79.309517 	61.294373 	100.895988 	91.967384 	
53.263496 	68.117546 	70.936592 	96.607452 	32.015621 	36.400551 	54.037025 	32.449963 	8.000000 	63.253460 	55.000000 	65.436989 	999.000000 	65.215027 	29.154760 	57.140179 	101.178062 	109.986366 	5.830952 	12.206555 	10.000000 	106.962608 	62.128899 	20.396078 	62.968246 	106.150833 	97.590981 	72.422371 	19.104973 	106.831642 	23.345236 	25.495098 	91.438507 	15.556349 	36.769554 	35.846897 	17.029387 	119.205704 	26.076809 	79.322128 	35.693138 	16.155495 	14.764823 	31.622776 	19.646883 	32.140316 	23.194826 	96.674713 	32.202484 	112.432205 	72.945183 	22.203604 	105.550934 	120.282997 	15.000000 	50.695168 	34.058773 	26.400757 	75.591003 	99.809822 	18.110771 	125.255737 	35.468296 	27.202942 	
19.235384 	16.643316 	17.464249 	40.199501 	33.286633 	28.844410 	11.704700 	32.802441 	71.867935 	4.472136 	10.295630 	3.605551 	65.215027 	999.000000 	37.483330 	8.602325 	39.395432 	49.396355 	70.604530 	77.420929 	57.384666 	45.694637 	4.123106 	47.381432 	4.000000 	44.283180 	34.481880 	7.211102 	49.517673 	44.721359 	45.343136 	43.278172 	27.202942 	80.603973 	101.355812 	100.498756 	53.075417 	58.180752 	45.000000 	14.317822 	35.846897 	58.137768 	60.207973 	96.834908 	54.817879 	40.816662 	50.803543 	31.827662 	97.416634 	49.091751 	11.401754 	86.556343 	41.231056 	57.801384 	74.953316 	25.317978 	99.201813 	90.785461 	14.317822 	34.713108 	78.492035 	62.769421 	100.603180 	91.438507 	
30.805843 	44.384682 	47.010635 	73.409805 	9.219544 	11.180340 	27.459061 	7.000000 	36.687874 	36.400551 	27.802877 	38.418747 	29.154760 	37.483330 	999.000000 	29.000000 	75.716576 	85.234970 	34.000000 	41.146080 	20.248457 	81.835197 	33.970577 	9.899495 	34.713108 	80.709358 	71.400284 	44.553337 	12.041595 	81.271149 	8.062258 	6.324555 	64.536812 	43.908997 	65.924202 	65.000000 	15.620500 	94.339813 	9.055386 	51.088158 	8.944272 	20.808653 	22.803509 	60.415230 	17.888544 	9.433981 	14.560220 	69.310890 	60.901562 	86.214851 	44.102154 	49.406479 	78.644768 	94.625580 	37.483330 	22.090721 	62.433964 	53.600372 	46.647614 	72.138756 	41.012192 	99.624290 	63.812225 	54.203320 	
17.204651 	21.377558 	23.086792 	47.853943 	25.495098 	21.023796 	6.708204 	24.698177 	64.007812 	9.055386 	4.472136 	10.440307 	57.140179 	8.602325 	29.000000 	999.000000 	47.853943 	57.775429 	62.425957 	69.339745 	49.040798 	54.129475 	5.000000 	38.897301 	5.830952 	52.773098 	43.046486 	15.556349 	41.012192 	53.235325 	36.796738 	34.713108 	35.805027 	72.422371 	93.536087 	92.660675 	44.553337 	66.640831 	36.400551 	22.203604 	27.294687 	49.578220 	51.662365 	88.752464 	46.227695 	32.249031 	42.201897 	40.360870 	89.308456 	57.688820 	16.492422 	78.243210 	49.819675 	66.370171 	66.483078 	18.027756 	91.021973 	82.462112 	19.416489 	43.139309 	70.007141 	71.344238 	92.417534 	83.096329 	
48.104053 	33.301651 	30.479502 	12.649111 	69.656296 	65.604881 	48.259712 	70.000000 	106.794197 	39.446167 	48.020828 	37.589893 	101.178062 	39.395432 	75.716576 	47.853943 	999.000000 	10.198039 	106.887794 	113.145920 	94.641426 	6.324555 	43.462627 	85.445892 	43.081318 	5.000000 	6.082763 	33.526108 	87.658424 	5.656854 	83.761566 	81.835197 	14.000000 	116.726173 	135.473251 	134.714508 	91.263351 	18.788294 	83.862984 	30.149628 	75.133217 	96.519424 	98.473343 	132.245987 	93.493317 	80.062477 	89.693924 	14.317822 	132.943604 	12.083046 	39.319206 	123.239601 	10.770329 	19.104973 	112.614388 	64.195015 	135.059250 	127.475487 	39.051247 	16.401220 	116.211014 	24.083189 	136.473434 	128.222458 	
56.727417 	41.868843 	39.051247 	15.231546 	78.816238 	74.886581 	57.801384 	79.322128 	115.312622 	49.193497 	57.706154 	47.423622 	109.986366 	49.396355 	85.234970 	57.775429 	10.198039 	999.000000 	115.745407 	121.827744 	103.812332 	4.000000 	53.488316 	94.873604 	53.141319 	6.082763 	16.031219 	43.680660 	97.097885 	6.324555 	93.295227 	91.416626 	24.083189 	125.495018 	143.627991 	142.898560 	100.702530 	9.219544 	93.536087 	40.311287 	85.000000 	106.000000 	107.912003 	140.758652 	103.077644 	89.899948 	99.362968 	23.345236 	141.484985 	10.295630 	49.497475 	132.136292 	16.124516 	11.704700 	121.827744 	74.330345 	143.683685 	136.359818 	49.162994 	24.351591 	125.431259 	16.124516 	145.096527 	137.131317 	
59.033890 	73.878281 	76.694199 	102.415817 	37.536648 	41.868843 	59.548298 	37.802116 	7.071068 	68.767723 	60.440052 	70.936592 	5.830952 	70.604530 	34.000000 	62.425957 	106.887794 	115.745407 	999.000000 	7.280110 	13.928389 	112.698715 	67.424034 	24.698177 	68.242218 	111.865990 	103.237587 	77.801025 	23.086792 	112.538879 	27.513634 	29.732138 	97.000000 	10.000000 	32.280025 	31.320919 	20.396078 	124.963997 	29.832869 	84.628601 	39.849716 	18.027756 	16.124516 	26.419689 	22.000000 	35.902645 	26.076809 	102.176315 	26.925823 	118.088951 	78.032043 	16.401220 	111.126053 	125.992065 	10.440307 	55.027267 	28.600698 	20.615528 	80.622574 	105.261581 	13.038404 	130.969467 	30.000000 	21.400934 	
65.115280 	79.981247 	82.807007 	108.231232 	44.204071 	48.600410 	66.219330 	44.654228 	7.280110 	75.432091 	67.201187 	77.620872 	12.206555 	77.420929 	41.146080 	69.339745 	113.145920 	121.827744 	7.280110 	999.000000 	21.189621 	118.869675 	74.330345 	31.953091 	75.166481 	118.105888 	109.658562 	84.628601 	30.364452 	118.802361 	34.785053 	37.000000 	103.585716 	4.123106 	25.000000 	24.041630 	27.658634 	131.045792 	37.107952 	91.525955 	47.127487 	25.019993 	23.000000 	19.416489 	29.068884 	43.174065 	33.241539 	108.853111 	20.000000 	124.482933 	85.088188 	11.401754 	117.686020 	132.245987 	12.806249 	62.297672 	21.931713 	15.231546 	87.709747 	112.004463 	13.601471 	137.207870 	23.345236 	16.155495 	
47.507893 	62.128899 	64.899925 	91.065910 	25.000000 	29.068884 	46.690472 	24.758837 	18.000000 	55.865910 	47.381432 	57.982758 	10.000000 	57.384666 	20.248457 	49.040798 	94.641426 	103.812332 	13.928389 	21.189621 	999.000000 	100.603180 	54.037025 	10.770329 	54.817879 	99.639351 	90.686272 	64.536812 	9.219544 	100.264648 	13.601471 	15.811388 	84.148682 	23.706539 	46.173584 	45.221676 	7.071068 	113.004425 	16.124516 	71.217972 	25.961510 	7.810250 	7.615773 	40.249222 	10.295630 	22.203604 	13.341664 	89.140335 	40.706264 	105.550934 	64.350601 	29.206163 	98.290382 	113.701363 	18.027756 	41.109608 	42.190044 	33.421551 	66.887962 	92.097771 	21.633308 	118.697090 	43.566040 	34.058773 	
53.758720 	38.897301 	36.069378 	14.142136 	75.604233 	71.610054 	54.378304 	76.026314 	112.432205 	45.650848 	54.203320 	43.829212 	106.962608 	45.694637 	81.835197 	54.129475 	6.324555 	4.000000 	112.698715 	118.869675 	100.603180 	999.000000 	49.769470 	91.525955 	49.396355 	2.236068 	12.041595 	39.849716 	93.744331 	2.828427 	89.888817 	87.982956 	20.099751 	122.494896 	140.929062 	140.185593 	97.349884 	12.529964 	90.049988 	36.345562 	81.394104 	102.625534 	104.560989 	137.887634 	99.644371 	86.313385 	95.880135 	19.416489 	138.600143 	9.055386 	45.541191 	129.073624 	12.806249 	13.601471 	118.600166 	70.519501 	140.758652 	133.304169 	45.177429 	20.615528 	122.200653 	18.439089 	142.172424 	134.063416 	
19.313208 	19.697716 	20.880613 	44.283180 	30.413813 	25.942244 	10.000000 	29.681644 	68.963760 	6.708204 	8.062258 	7.071068 	62.128899 	4.123106 	33.970577 	5.000000 	43.462627 	53.488316 	67.424034 	74.330345 	54.037025 	49.769470 	999.000000 	43.863426 	1.000000 	48.332184 	38.470768 	10.630146 	45.967381 	48.754486 	41.725292 	39.623226 	31.064449 	77.420929 	98.488579 	97.616600 	49.497475 	62.241467 	41.231056 	17.204651 	31.906113 	54.488529 	56.586216 	93.744331 	51.088158 	36.891735 	47.010635 	35.468296 	94.302704 	53.000000 	12.041595 	83.240616 	45.000000 	61.773781 	71.449280 	21.213203 	96.020828 	87.458565 	15.033297 	38.183765 	74.966660 	66.730804 	97.416634 	88.090858 	
39.560081 	53.665630 	56.356010 	82.734512 	16.763054 	20.124611 	37.202152 	15.652476 	28.284271 	46.227695 	37.643059 	48.270073 	20.396078 	47.381432 	9.899495 	38.897301 	85.445892 	94.873604 	24.698177 	31.953091 	10.770329 	91.525955 	43.863426 	999.000000 	44.598206 	90.443352 	81.215759 	54.451813 	2.236068 	91.021973 	3.000000 	5.099020 	74.411018 	34.438351 	56.920998 	55.973209 	5.830952 	104.009613 	6.324555 	60.959003 	15.297058 	11.180340 	13.038404 	50.990196 	9.055386 	12.041595 	7.615773 	79.208588 	51.429562 	96.046867 	53.823788 	39.661064 	88.526833 	104.403069 	27.586229 	30.364452 	52.839378 	43.829212 	56.302753 	82.036575 	31.112698 	109.402924 	54.203320 	44.407207 	
20.248457 	20.124611 	21.189621 	44.181442 	31.304953 	26.832815 	11.000000 	30.528675 	69.835518 	7.211102 	9.055386 	7.280110 	62.968246 	4.000000 	34.713108 	5.830952 	43.081318 	53.141319 	68.242218 	75.166481 	54.817879 	49.396355 	1.000000 	44.598206 	999.000000 	47.927029 	38.013157 	10.000000 	46.690472 	48.332184 	42.426407 	40.311287 	30.528675 	78.236816 	99.362968 	98.488579 	50.209560 	61.846584 	41.868843 	16.401220 	32.449963 	55.172459 	57.280014 	94.578011 	51.739735 	37.443291 	47.634022 	34.828148 	95.131485 	52.478565 	11.045361 	84.023804 	44.407207 	61.294373 	72.180328 	21.377558 	96.834908 	88.238312 	14.035668 	37.483330 	75.690155 	66.241982 	98.229324 	88.865067 	
53.037724 	38.209946 	35.383614 	15.000000 	74.652527 	70.604530 	53.254108 	75.000000 	111.731819 	44.418465 	53.000000 	42.544094 	106.150833 	44.283180 	80.709358 	52.773098 	5.000000 	6.082763 	111.865990 	118.105888 	99.639351 	2.236068 	48.332184 	90.443352 	47.927029 	999.000000 	10.198039 	38.275318 	92.655273 	1.000000 	88.752464 	86.821655 	18.248287 	121.696342 	140.356689 	139.603012 	96.260063 	13.928389 	88.836929 	34.525352 	80.062477 	101.513542 	103.469803 	137.186005 	98.478424 	85.000000 	94.667839 	17.262676 	137.887634 	8.062258 	43.737854 	128.222458 	10.630146 	14.142136 	117.613777 	68.949257 	140.014282 	132.457535 	43.289722 	18.384777 	121.210564 	19.104973 	141.428421 	133.206604 	
45.000000 	30.528675 	27.784887 	16.401220 	65.795135 	61.619801 	44.045429 	65.946945 	103.479469 	35.000000 	43.600460 	33.015148 	97.590981 	34.481880 	71.400284 	43.046486 	6.082763 	16.031219 	103.237587 	109.658562 	90.686272 	12.041595 	38.470768 	81.215759 	38.013157 	10.198039 	999.000000 	28.231188 	83.408630 	10.440307 	79.404030 	77.420929 	8.062258 	113.145920 	132.438660 	131.654846 	87.005745 	24.041630 	79.322128 	24.331051 	70.327805 	92.200867 	94.201912 	128.887543 	89.050545 	75.292763 	85.146935 	8.602325 	129.556931 	14.866069 	33.541019 	119.519875 	9.219544 	23.323807 	108.577164 	58.872746 	131.590271 	123.761871 	33.136082 	11.401754 	112.160599 	28.301943 	133.003754 	124.482933 	
25.019993 	18.027756 	17.691807 	36.055511 	40.496914 	36.055511 	18.788294 	40.000000 	79.075912 	10.198039 	17.492855 	8.062258 	72.422371 	7.211102 	44.553337 	15.556349 	33.526108 	43.680660 	77.801025 	84.628601 	64.536812 	39.849716 	10.630146 	54.451813 	10.000000 	38.275318 	28.231188 	999.000000 	56.568542 	38.626415 	52.345009 	50.249378 	20.591261 	87.800911 	108.558739 	107.703293 	60.108234 	52.201534 	51.855568 	7.280110 	42.438190 	65.115280 	67.208633 	104.043259 	61.717098 	47.434166 	57.628117 	24.839485 	104.623131 	42.544094 	8.602325 	93.723000 	34.409302 	51.429562 	82.036575 	30.675724 	106.400185 	97.948967 	10.630146 	27.586229 	85.562843 	56.356010 	107.800743 	98.595131 	
41.785164 	55.901699 	58.591808 	84.970581 	18.973665 	22.360680 	39.408119 	17.888544 	27.073973 	48.414875 	39.824615 	50.447994 	19.104973 	49.517673 	12.041595 	41.012192 	87.658424 	97.097885 	23.086792 	30.364452 	9.219544 	93.744331 	45.967381 	2.236068 	46.690472 	92.655273 	83.408630 	56.568542 	999.000000 	93.230896 	4.472136 	6.708204 	76.576759 	32.695564 	55.362442 	54.405884 	3.605551 	106.230881 	7.000000 	63.031738 	16.763054 	8.944272 	10.816654 	49.244289 	7.000000 	13.038404 	6.403124 	81.344948 	49.658836 	98.234413 	55.803226 	37.735924 	90.686272 	106.606750 	25.495098 	31.953091 	51.000000 	41.880783 	58.249462 	84.148682 	29.000000 	111.606453 	52.354561 	42.438190 	
53.758720 	38.948685 	36.124783 	16.000000 	75.286118 	71.217972 	53.823788 	75.604233 	112.449989 	44.944408 	53.535034 	43.046486 	106.831642 	44.721359 	81.271149 	53.235325 	5.656854 	6.324555 	112.538879 	118.802361 	100.264648 	2.828427 	48.754486 	91.021973 	48.332184 	1.000000 	10.440307 	38.626415 	93.230896 	999.000000 	89.308456 	87.367043 	18.439089 	122.380554 	141.113434 	140.356689 	96.834908 	13.601471 	89.358826 	34.713108 	80.529495 	102.078400 	104.043259 	137.902145 	99.020203 	85.475143 	95.189285 	17.117243 	138.600143 	7.071068 	43.931767 	128.887543 	10.000000 	13.453624 	118.228592 	69.289246 	140.716019 	133.124008 	43.416588 	18.027756 	121.823647 	18.439089 	142.130219 	133.869339 	
38.600517 	52.392746 	55.036350 	81.437096 	16.124516 	18.973665 	35.510563 	14.560220 	31.257000 	44.407207 	35.805027 	46.400433 	23.345236 	45.343136 	8.062258 	36.796738 	83.761566 	93.295227 	27.513634 	34.785053 	13.601471 	89.888817 	41.725292 	3.000000 	42.426407 	88.752464 	79.404030 	52.345009 	4.472136 	89.308456 	999.000000 	2.236068 	72.470680 	37.161808 	59.774578 	58.821766 	7.810250 	102.396286 	3.605551 	58.728188 	12.369317 	12.806249 	14.866069 	53.712196 	9.848858 	9.055386 	7.000000 	77.155685 	54.129475 	94.201912 	51.400391 	42.190044 	86.556343 	102.649887 	29.832869 	27.513634 	55.470715 	46.324940 	53.823788 	79.906197 	33.301651 	107.647575 	56.824291 	46.872166 	
37.107952 	50.695168 	53.310413 	79.705711 	15.000000 	17.464249 	33.615471 	13.152946 	33.376640 	42.438190 	33.837849 	44.407207 	25.495098 	43.278172 	6.324555 	34.713108 	81.835197 	91.416626 	29.732138 	37.000000 	15.811388 	87.982956 	39.623226 	5.099020 	40.311287 	86.821655 	77.420929 	50.249378 	6.708204 	87.367043 	2.236068 	999.000000 	70.434364 	39.395432 	61.983868 	61.032780 	10.000000 	100.498756 	3.162278 	56.586216 	10.198039 	14.866069 	16.970562 	55.946404 	11.661903 	7.280110 	8.246211 	75.073296 	56.364883 	92.200867 	49.203659 	44.418465 	84.504440 	100.687637 	32.015621 	25.298222 	57.706154 	48.548943 	51.613953 	77.794601 	35.468296 	105.683487 	59.059292 	49.091751 	
39.824615 	26.248810 	23.769728 	21.633308 	59.464275 	55.172459 	37.483330 	59.396969 	97.616600 	28.284271 	36.796738 	26.172504 	91.438507 	27.202942 	64.536812 	35.805027 	14.000000 	24.083189 	97.000000 	103.585716 	84.148682 	20.099751 	31.064449 	74.411018 	30.528675 	18.248287 	8.062258 	20.591261 	76.576759 	18.439089 	72.470680 	70.434364 	999.000000 	106.962608 	126.826653 	126.015869 	80.156097 	32.015621 	72.201111 	16.278820 	62.968246 	85.276024 	87.321243 	122.918671 	82.006096 	67.955872 	78.006409 	6.082763 	123.555656 	21.954498 	25.495098 	113.172432 	14.142136 	30.870699 	101.911728 	51.078373 	125.495018 	117.413795 	25.079872 	10.049875 	105.475113 	35.777088 	126.905479 	118.105888 	
68.767723 	83.630135 	86.452301 	112.004463 	47.507893 	51.855568 	69.526970 	47.801674 	11.401754 	78.746429 	70.434364 	80.919716 	15.556349 	80.603973 	43.908997 	72.422371 	116.726173 	125.495018 	10.000000 	4.123106 	23.706539 	122.494896 	77.420929 	34.438351 	78.236816 	121.696342 	113.145920 	87.800911 	32.695564 	122.380554 	37.161808 	39.395432 	106.962608 	999.000000 	23.194826 	22.203604 	29.732138 	134.714508 	39.217342 	94.625580 	49.396355 	26.476404 	24.331051 	16.552946 	30.594116 	45.221676 	34.928497 	112.160599 	17.000000 	127.988281 	87.982956 	7.280110 	121.082619 	135.830780 	11.704700 	64.621979 	18.601076 	11.180340 	90.553848 	115.256233 	11.401754 	140.801285 	20.000000 	12.083046 	
87.458565 	102.176315 	104.995239 	129.402466 	68.095520 	72.560318 	89.888817 	68.883957 	29.529646 	99.020203 	91.065910 	101.242287 	36.769554 	101.355812 	65.924202 	93.536087 	135.473251 	143.627991 	32.280025 	25.000000 	46.173584 	140.929062 	98.488579 	56.920998 	99.362968 	140.356689 	132.438660 	108.558739 	55.362442 	141.113434 	59.774578 	61.983868 	126.826653 	23.194826 	999.000000 	1.000000 	52.630791 	152.793976 	62.096699 	115.602768 	72.124893 	49.648766 	47.518417 	8.944272 	53.758720 	68.154236 	58.051701 	132.310242 	9.433981 	147.122391 	109.567329 	21.377558 	140.801285 	154.466827 	34.014702 	87.281158 	11.313708 	19.313208 	112.258629 	135.624481 	32.249031 	159.364365 	11.401754 	19.697716 	
86.683334 	101.414986 	104.235313 	128.701202 	67.230942 	71.693794 	89.044930 	68.000000 	28.653097 	98.183502 	90.210861 	100.404182 	35.846897 	100.498756 	65.000000 	92.660675 	134.714508 	142.898560 	31.320919 	24.041630 	45.221676 	140.185593 	97.616600 	55.973209 	98.488579 	139.603012 	131.654846 	107.703293 	54.405884 	140.356689 	58.821766 	61.032780 	126.015869 	22.203604 	1.000000 	999.000000 	51.662365 	152.069061 	61.131008 	114.738831 	71.168816 	48.662102 	46.529560 	8.062258 	52.773098 	67.186310 	57.070133 	131.487640 	8.602325 	146.348892 	108.673820 	20.396078 	140.000000 	153.717270 	33.015148 	86.330757 	10.630146 	18.384777 	111.359779 	134.792435 	31.257000 	158.619034 	10.816654 	18.788294 	
45.310043 	59.481091 	62.177166 	88.549423 	22.472204 	25.942244 	43.011627 	21.470911 	25.019993 	52.009613 	43.416588 	54.037025 	17.029387 	53.075417 	15.620500 	44.553337 	91.263351 	100.702530 	20.396078 	27.658634 	7.071068 	97.349884 	49.497475 	5.830952 	50.209560 	96.260063 	87.005745 	60.108234 	3.605551 	96.834908 	7.810250 	10.000000 	80.156097 	29.732138 	52.630791 	51.662365 	999.000000 	109.836243 	9.486833 	66.528191 	19.697716 	5.385165 	7.211102 	46.238514 	4.472136 	15.524175 	6.324555 	84.899940 	46.615448 	101.828285 	59.203041 	34.481880 	94.260277 	110.208893 	22.022715 	34.928497 	47.853943 	38.587563 	61.611687 	87.681244 	25.495098 	115.208504 	49.193497 	39.115215 	
65.946945 	51.088158 	48.270073 	23.853722 	88.005684 	84.053551 	66.887962 	88.481636 	124.523087 	58.180752 	66.730804 	56.356010 	119.205704 	58.180752 	94.339813 	66.640831 	18.788294 	9.219544 	124.963997 	131.045792 	113.004425 	12.529964 	62.241467 	104.009613 	61.846584 	13.928389 	24.041630 	52.201534 	106.230881 	13.601471 	102.396286 	100.498756 	32.015621 	134.714508 	152.793976 	152.069061 	109.836243 	999.000000 	102.576797 	48.270073 	93.914856 	115.121674 	117.046997 	149.966660 	112.160599 	98.838249 	108.406639 	30.066593 	150.695053 	12.369317 	57.489128 	141.354172 	21.095022 	5.830952 	131.015259 	82.873398 	152.898666 	145.578156 	56.885849 	30.066593 	134.617981 	8.062258 	154.311371 	146.348892 	
39.812057 	53.141319 	55.713554 	82.079231 	18.027756 	20.223749 	35.777088 	16.031219 	34.058773 	44.418465 	35.846897 	46.324940 	26.076809 	45.000000 	9.055386 	36.400551 	83.862984 	93.536087 	29.832869 	37.107952 	16.124516 	90.049988 	41.231056 	6.324555 	41.868843 	88.836929 	79.322128 	51.855568 	7.000000 	89.358826 	3.605551 	3.162278 	72.201111 	39.217342 	62.096699 	61.131008 	9.486833 	102.576797 	999.000000 	58.000000 	10.295630 	13.601471 	15.811388 	55.713554 	9.899495 	6.082763 	5.830952 	76.694199 	56.080299 	94.047859 	50.328918 	43.829212 	86.214851 	102.625534 	31.064449 	25.495098 	57.271286 	47.885281 	52.630791 	79.309517 	34.409302 	107.615051 	58.600342 	48.373547 	
32.140316 	23.409399 	22.360680 	35.171009 	47.507893 	43.046486 	26.000000 	46.872166 	86.092972 	17.464249 	24.596748 	15.297058 	79.322128 	14.317822 	51.088158 	22.203604 	30.149628 	40.311287 	84.628601 	91.525955 	71.217972 	36.345562 	17.204651 	60.959003 	16.401220 	34.525352 	24.331051 	7.280110 	63.031738 	34.713108 	58.728188 	56.586216 	16.278820 	94.625580 	115.602768 	114.738831 	66.528191 	48.270073 	58.000000 	999.000000 	48.270073 	71.421288 	73.552704 	110.941429 	67.896980 	53.263496 	63.702435 	19.235384 	111.503365 	37.696156 	9.219544 	100.424103 	29.068884 	46.818798 	88.526833 	35.355339 	113.225441 	104.637466 	9.055386 	21.400934 	92.021736 	51.623638 	114.621117 	105.261581 	
34.014702 	45.891174 	48.270073 	74.330345 	16.401220 	16.155495 	27.892651 	13.601471 	43.566040 	35.846897 	27.513634 	37.576588 	35.693138 	35.846897 	8.944272 	27.294687 	75.133217 	85.000000 	39.849716 	47.127487 	25.961510 	81.394104 	31.906113 	15.297058 	32.449963 	80.062477 	70.327805 	42.438190 	16.763054 	80.529495 	12.369317 	10.198039 	62.968246 	49.396355 	72.124893 	71.168816 	19.697716 	93.914856 	10.295630 	48.270073 	999.000000 	23.853722 	26.076809 	65.924202 	20.000000 	5.000000 	15.620500 	67.201187 	66.309875 	84.905830 	40.311287 	54.120235 	76.843994 	93.648277 	41.340054 	15.231546 	67.542580 	58.180752 	42.520584 	69.656296 	44.654228 	98.615417 	68.876701 	58.668560 	
50.695168 	64.845970 	67.535179 	93.914856 	27.856777 	31.304953 	48.259712 	26.832815 	23.769728 	57.201397 	48.600410 	59.203041 	16.155495 	58.137768 	20.808653 	49.578220 	96.519424 	106.000000 	18.027756 	25.019993 	7.810250 	102.625534 	54.488529 	11.180340 	55.172459 	101.513542 	92.200867 	65.115280 	8.944272 	102.078400 	12.806249 	14.866069 	85.276024 	26.476404 	49.648766 	48.662102 	5.385165 	115.121674 	13.601471 	71.421288 	23.853722 	999.000000 	2.236068 	42.720020 	4.123106 	19.235384 	8.544003 	89.938866 	43.011627 	107.004669 	63.890530 	30.463093 	99.357941 	115.433968 	17.492855 	38.948685 	44.011364 	34.438351 	66.219330 	92.655273 	20.808653 	120.432556 	45.310043 	34.885529 	
52.392746 	66.648331 	69.354164 	95.713112 	29.546574 	33.120991 	50.219517 	28.653097 	22.135944 	59.203041 	50.606323 	61.220913 	14.764823 	60.207973 	22.803509 	51.662365 	98.473343 	107.912003 	16.124516 	23.000000 	7.615773 	104.560989 	56.586216 	13.038404 	57.280014 	103.469803 	94.201912 	67.208633 	10.816654 	104.043259 	14.866069 	16.970562 	87.321243 	24.331051 	47.518417 	46.529560 	7.211102 	117.046997 	15.811388 	73.552704 	26.076809 	2.236068 	999.000000 	40.521599 	6.324555 	21.470911 	10.770329 	92.021736 	40.804413 	109.018349 	66.068146 	28.231188 	101.414986 	117.413795 	15.264338 	41.182522 	41.785164 	32.202484 	68.410522 	94.762863 	18.601076 	122.413231 	43.081318 	32.649654 	
84.148682 	98.994949 	101.823380 	126.905479 	63.600315 	68.007355 	85.603737 	64.070274 	25.455845 	94.810333 	86.608315 	97.005157 	31.622776 	96.834908 	60.415230 	88.752464 	132.245987 	140.758652 	26.419689 	19.416489 	40.249222 	137.887634 	93.744331 	50.990196 	94.578011 	137.186005 	128.887543 	104.043259 	49.244289 	137.902145 	53.712196 	55.946404 	122.918671 	16.552946 	8.944272 	8.062258 	46.238514 	149.966660 	55.713554 	110.941429 	65.924202 	42.720020 	40.521599 	999.000000 	46.840153 	61.684681 	51.244511 	128.226364 	1.000000 	143.683685 	104.446159 	13.000000 	137.000000 	151.327454 	26.172504 	81.154175 	4.000000 	10.440307 	107.042046 	131.400146 	24.000000 	156.272202 	5.099020 	10.770329 	
48.383881 	62.241467 	64.884514 	91.285271 	25.709921 	28.792360 	45.276924 	24.351591 	27.459061 	54.083271 	45.486263 	56.035702 	19.646883 	54.817879 	17.888544 	46.227695 	93.493317 	103.077644 	22.000000 	29.068884 	10.295630 	99.644371 	51.088158 	9.055386 	51.739735 	98.478424 	89.050545 	61.717098 	7.000000 	99.020203 	9.848858 	11.661903 	82.006096 	30.594116 	53.758720 	52.773098 	4.472136 	112.160599 	9.899495 	67.896980 	20.000000 	4.123106 	6.324555 	46.840153 	999.000000 	15.264338 	4.472136 	86.556343 	47.127487 	103.812332 	60.207973 	34.539833 	96.046867 	112.329872 	21.470911 	34.985710 	48.104053 	38.483765 	62.481998 	89.196411 	24.698177 	117.324333 	49.396355 	38.910152 	
38.052597 	50.447994 	52.886673 	79.056938 	18.384777 	19.235384 	32.572994 	15.811388 	40.112343 	40.718548 	32.310989 	42.485291 	32.140316 	40.816662 	9.433981 	32.249031 	80.062477 	89.899948 	35.902645 	43.174065 	22.203604 	86.313385 	36.891735 	12.041595 	37.443291 	85.000000 	75.292763 	47.434166 	13.038404 	85.475143 	9.055386 	7.280110 	67.955872 	45.221676 	68.154236 	67.186310 	15.524175 	98.838249 	6.082763 	53.263496 	5.000000 	19.235384 	21.470911 	61.684681 	15.264338 	999.000000 	10.816654 	72.201111 	62.032249 	89.888817 	45.254833 	49.658836 	81.841309 	98.615417 	36.715118 	19.723083 	63.158531 	53.665630 	47.423622 	74.652527 	39.962482 	103.585716 	64.474800 	54.120235 	
45.354160 	58.872746 	61.465439 	87.846458 	23.086792 	25.709921 	41.593269 	21.377558 	31.144823 	50.249378 	41.677334 	52.153618 	23.194826 	50.803543 	14.560220 	42.201897 	89.693924 	99.362968 	26.076809 	33.241539 	13.341664 	95.880135 	47.010635 	7.615773 	47.634022 	94.667839 	85.146935 	57.628117 	6.403124 	95.189285 	7.000000 	8.246211 	78.006409 	34.928497 	58.051701 	57.070133 	6.324555 	108.406639 	5.830952 	63.702435 	15.620500 	8.544003 	10.770329 	51.244511 	4.472136 	10.816654 	999.000000 	82.462112 	51.546097 	99.864906 	55.901699 	39.000000 	92.005432 	108.452751 	25.942244 	30.528675 	52.554733 	42.953465 	58.137768 	85.041168 	29.154760 	113.441612 	53.851646 	43.382023 	
45.617977 	32.280025 	29.832869 	24.758837 	64.660652 	60.307545 	42.638012 	64.443771 	103.004852 	33.421551 	41.773197 	31.240999 	96.674713 	31.827662 	69.310890 	40.360870 	14.317822 	23.345236 	102.176315 	108.853111 	89.140335 	19.416489 	35.468296 	79.208588 	34.828148 	17.262676 	8.602325 	24.839485 	81.344948 	17.117243 	77.155685 	75.073296 	6.082763 	112.160599 	132.310242 	131.487640 	84.899940 	30.066593 	76.694199 	19.235384 	67.201187 	89.938866 	92.021736 	128.226364 	86.556343 	72.201111 	82.462112 	999.000000 	128.844864 	18.681541 	28.231188 	118.258194 	9.848858 	27.892651 	106.775467 	54.589375 	130.728729 	122.494896 	27.202942 	4.000000 	110.317726 	32.572994 	132.136292 	123.166557 	
84.852814 	99.704567 	102.532921 	127.663620 	64.202805 	68.600288 	86.214851 	64.637451 	26.172504 	95.425362 	87.200920 	97.616600 	32.202484 	97.416634 	60.901562 	89.308456 	132.943604 	141.484985 	26.925823 	20.000000 	40.706264 	138.600143 	94.302704 	51.429562 	95.131485 	137.887634 	129.556931 	104.623131 	49.658836 	138.600143 	54.129475 	56.364883 	123.555656 	17.000000 	9.433981 	8.602325 	46.615448 	150.695053 	56.080299 	111.503365 	66.309875 	43.011627 	40.804413 	1.000000 	47.127487 	62.032249 	51.546097 	128.844864 	999.000000 	144.360657 	104.957130 	13.038404 	137.644470 	152.029602 	26.305893 	81.541397 	3.000000 	10.198039 	107.540688 	132.003784 	24.020824 	156.977707 	4.123106 	10.440307 	
59.665737 	45.000000 	42.201897 	23.021729 	80.659782 	76.485291 	58.898216 	80.808418 	118.258194 	49.819675 	58.412327 	47.801674 	112.432205 	49.091751 	86.214851 	57.688820 	12.083046 	10.295630 	118.088951 	124.482933 	105.550934 	9.055386 	53.000000 	96.046867 	52.478565 	8.062258 	14.866069 	42.544094 	98.234413 	7.071068 	94.201912 	92.200867 	21.954498 	127.988281 	147.122391 	146.348892 	101.828285 	12.369317 	94.047859 	37.696156 	84.905830 	107.004669 	109.018349 	143.683685 	103.812332 	89.888817 	99.864906 	18.681541 	144.360657 	999.000000 	46.818798 	134.380051 	9.055386 	9.219544 	123.434196 	72.917763 	146.413803 	138.621780 	45.880280 	18.027756 	127.015747 	13.928389 	147.827606 	139.344894 	
30.594116 	26.248810 	26.172504 	43.566040 	41.785164 	37.336308 	22.022715 	40.718548 	80.056229 	15.811388 	20.099751 	14.317822 	72.945183 	11.401754 	44.102154 	16.492422 	39.319206 	49.497475 	78.032043 	85.088188 	64.350601 	45.541191 	12.041595 	53.823788 	11.045361 	43.737854 	33.541019 	8.602325 	55.803226 	43.931767 	51.400391 	49.203659 	25.495098 	87.982956 	109.567329 	108.673820 	59.203041 	57.489128 	50.328918 	9.219544 	40.311287 	63.890530 	66.068146 	104.446159 	60.207973 	45.254833 	55.901699 	28.231188 	104.957130 	46.818798 	999.000000 	93.477272 	38.078865 	55.973209 	81.215759 	26.627054 	106.531685 	97.652443 	3.000000 	30.016663 	84.646324 	60.745369 	107.912003 	98.229324 	
75.432091 	90.271812 	93.085983 	118.810776 	53.740116 	58.000000 	75.690155 	53.814495 	18.681541 	84.899940 	76.485291 	87.045967 	22.203604 	86.556343 	49.406479 	78.243210 	123.239601 	132.136292 	16.401220 	11.401754 	29.206163 	129.073624 	83.240616 	39.661064 	84.023804 	128.222458 	119.519875 	93.723000 	37.735924 	128.887543 	42.190044 	44.418465 	113.172432 	7.280110 	21.377558 	20.396078 	34.481880 	141.354172 	43.829212 	100.424103 	54.120235 	30.463093 	28.231188 	13.000000 	34.539833 	49.658836 	39.000000 	118.258194 	13.038404 	134.380051 	93.477272 	999.000000 	127.310646 	142.341141 	13.341664 	69.318108 	13.601471 	4.242640 	95.963531 	121.264175 	11.000000 	147.322769 	14.866069 	5.000000 	
53.535034 	39.357338 	36.674240 	23.409399 	73.593475 	69.310890 	51.623638 	73.539108 	111.664673 	42.426407 	50.931328 	40.311287 	105.550934 	41.231056 	78.644768 	49.819675 	10.770329 	16.124516 	111.126053 	117.686020 	98.290382 	12.806249 	45.000000 	88.526833 	44.407207 	10.630146 	9.219544 	34.409302 	90.686272 	10.000000 	86.556343 	84.504440 	14.142136 	121.082619 	140.801285 	140.000000 	94.260277 	21.095022 	86.214851 	29.068884 	76.843994 	99.357941 	101.414986 	137.000000 	96.046867 	81.841309 	92.005432 	9.848858 	137.644470 	9.055386 	38.078865 	127.310646 	999.000000 	18.248287 	116.043098 	64.412735 	139.603012 	131.552277 	37.000000 	9.000000 	119.603508 	22.803509 	141.014191 	132.245987 	
67.178864 	52.345009 	49.517673 	26.925823 	88.729927 	84.646324 	67.201187 	89.022469 	125.872955 	58.249462 	66.850578 	56.302753 	120.282997 	57.801384 	94.625580 	66.370171 	19.104973 	11.704700 	125.992065 	132.245987 	113.701363 	13.601471 	61.773781 	104.403069 	61.294373 	14.142136 	23.323807 	51.429562 	106.606750 	13.453624 	102.649887 	100.687637 	30.870699 	135.830780 	154.466827 	153.717270 	110.208893 	5.830952 	102.625534 	46.818798 	93.648277 	115.433968 	117.413795 	151.327454 	112.329872 	98.615417 	108.452751 	27.892651 	152.029602 	9.219544 	55.973209 	142.341141 	18.248287 	999.000000 	131.654846 	81.939003 	154.155762 	146.577621 	55.081757 	27.166155 	135.247925 	5.000000 	155.569916 	147.322769 	
65.513359 	80.156097 	82.927681 	109.077957 	43.011627 	47.010635 	64.536812 	42.638012 	17.000000 	73.661385 	65.115280 	75.742989 	15.000000 	74.953316 	37.483330 	66.483078 	112.614388 	121.827744 	10.440307 	12.806249 	18.027756 	118.600166 	71.449280 	27.586229 	72.180328 	117.613777 	108.577164 	82.036575 	25.495098 	118.228592 	29.832869 	32.015621 	101.911728 	11.704700 	34.014702 	33.015148 	22.022715 	131.015259 	31.064449 	88.526833 	41.340054 	17.492855 	15.264338 	26.172504 	21.470911 	36.715118 	25.942244 	106.775467 	26.305893 	123.434196 	81.215759 	13.341664 	116.043098 	131.654846 	999.000000 	56.435802 	26.925823 	17.088007 	83.600243 	109.622078 	3.605551 	136.652847 	28.160255 	17.464249 	
31.764761 	39.319206 	41.109608 	65.490456 	25.000000 	21.931713 	22.135944 	22.561028 	58.463665 	27.000000 	20.615528 	28.071337 	50.695168 	25.317978 	22.090721 	18.027756 	64.195015 	74.330345 	55.027267 	62.297672 	41.109608 	70.519501 	21.213203 	30.364452 	21.377558 	68.949257 	58.872746 	30.675724 	31.953091 	69.289246 	27.513634 	25.298222 	51.078373 	64.621979 	87.281158 	86.330757 	34.928497 	82.873398 	25.495098 	35.355339 	15.231546 	38.948685 	41.182522 	81.154175 	34.985710 	19.723083 	30.528675 	54.589375 	81.541397 	72.917763 	26.627054 	69.318108 	64.412735 	81.939003 	56.435802 	999.000000 	82.764725 	73.355301 	28.425341 	56.603886 	59.682495 	86.815895 	84.095184 	73.824112 	
