Total assets = 665
Number of asset nodes = 33

Distance:
999.000000 	84.581322 	85.615417 	93.914856 	87.664131 	44.643028 	36.359318 	90.824005 	110.136276 	54.744862 	28.017851 	90.138779 	120.208153 	57.489128 	51.478149 	62.968246 	35.846897 	37.589893 	45.453274 	112.805145 	59.093147 	40.447498 	102.615791 	111.789978 	75.538071 	122.588745 	81.098709 	99.824844 	131.369705 	67.779053 	101.434708 	69.892776 	57.801384 	115.767006 	122.249741 	114.791115 	61.032780 	55.317268 	73.389374 	58.694122 	51.244511 	112.058022 	125.924583 	
84.581322 	999.000000 	2.828427 	9.899495 	6.403124 	58.008621 	70.936592 	8.544003 	28.844410 	49.648766 	98.716766 	12.041595 	41.182522 	52.392746 	63.529522 	48.383881 	92.698433 	90.027771 	76.550636 	28.231188 	63.324562 	103.276329 	23.409399 	27.658634 	44.045429 	38.600517 	39.204590 	26.400757 	48.166378 	61.611687 	29.206163 	59.033890 	76.557167 	32.249031 	37.696156 	32.015621 	75.026665 	87.235313 	60.530983 	83.671982 	104.403069 	33.241539 	41.436699 	
85.615417 	2.828427 	999.000000 	10.295630 	3.605551 	57.628117 	70.767227 	6.082763 	29.529646 	48.877399 	99.020203 	9.219544 	42.047592 	51.429562 	62.769421 	47.169907 	92.633690 	89.872131 	76.026314 	27.294687 	62.241467 	103.237587 	20.880613 	26.248810 	42.190044 	38.288380 	37.054016 	23.600847 	48.083260 	60.166435 	26.400757 	57.489128 	75.584389 	30.594116 	36.674240 	30.149628 	73.925636 	86.452301 	58.855755 	82.734512 	104.019226 	30.805843 	40.311287 	
93.914856 	9.899495 	10.295630 	999.000000 	11.180340 	67.801178 	80.808418 	10.049875 	19.235384 	59.169250 	108.577164 	15.132746 	31.780497 	61.717098 	73.061615 	57.384666 	102.591423 	99.904953 	86.267029 	19.416489 	72.498276 	113.172432 	21.213203 	20.024984 	51.788029 	28.844410 	46.097721 	26.925823 	38.288380 	70.213959 	29.681644 	67.446274 	85.866173 	25.179358 	28.861740 	25.709921 	84.172440 	96.747093 	68.658577 	93.021500 	114.201576 	29.681644 	32.756680 	
87.664131 	6.403124 	3.605551 	11.180340 	999.000000 	58.051701 	71.421288 	3.162278 	30.083218 	48.826221 	100.209778 	5.656854 	42.720020 	51.107731 	62.681736 	46.518814 	93.380943 	90.509666 	76.216797 	25.806976 	61.717098 	104.004807 	17.464249 	24.166092 	40.607880 	37.483330 	35.014282 	20.000000 	47.507893 	59.135437 	22.803509 	56.320511 	75.179787 	28.160255 	34.985710 	27.459061 	73.348480 	86.284416 	57.489128 	82.365044 	104.350372 	27.459061 	38.470768 	
44.643028 	58.008621 	57.628117 	67.801178 	58.051701 	999.000000 	13.892444 	60.827625 	86.838928 	11.401754 	44.944408 	58.051701 	99.020203 	13.038404 	9.848858 	19.026299 	35.805027 	32.649654 	18.788294 	83.450584 	16.278820 	46.400433 	68.242218 	80.808418 	32.140316 	95.524864 	38.832977 	63.134777 	105.550934 	23.853722 	63.953106 	25.495098 	23.194826 	83.408630 	92.097771 	81.608826 	24.041630 	30.805843 	29.068884 	29.017237 	46.400433 	76.157730 	95.131485 	
36.359318 	70.936592 	70.767227 	80.808418 	71.421288 	13.892444 	999.000000 	74.276512 	99.639351 	25.079872 	31.320919 	71.700768 	111.606453 	25.709921 	16.124516 	32.015621 	22.022715 	19.104973 	10.770329 	97.000000 	23.537205 	32.649654 	82.097504 	94.493385 	45.122055 	108.894447 	52.201534 	77.025970 	118.827606 	32.557640 	77.826729 	35.227829 	21.931713 	97.200821 	105.759163 	95.441078 	24.839485 	23.537205 	38.470768 	24.596748 	34.000000 	90.049988 	108.853111 	
90.824005 	8.544003 	6.082763 	10.049875 	3.162278 	60.827625 	74.276512 	999.000000 	28.160255 	51.400391 	103.227905 	5.099020 	40.804413 	53.535034 	65.215027 	48.764740 	96.260063 	93.348808 	78.873314 	22.803509 	64.007812 	106.887794 	14.866069 	21.023796 	42.201897 	34.713108 	36.221542 	18.384777 	44.821869 	61.098282 	21.213203 	58.189346 	77.524193 	25.000000 	31.906113 	24.331051 	75.591003 	88.752464 	59.203041 	84.723076 	107.056061 	24.738634 	35.355339 	
110.136276 	28.844410 	29.529646 	19.235384 	30.083218 	86.838928 	99.639351 	28.160255 	999.000000 	78.390053 	126.621483 	32.756680 	12.649111 	80.950600 	92.282173 	76.557167 	121.264175 	118.697090 	105.394501 	16.401220 	91.706055 	131.795303 	32.557640 	21.095022 	70.342018 	15.033297 	64.132675 	40.311287 	21.540659 	89.196411 	42.579338 	86.330757 	105.095192 	25.612497 	21.470911 	28.017851 	103.368271 	115.974136 	87.361320 	112.254173 	133.221619 	36.674240 	25.079872 	
54.744862 	49.648766 	48.877399 	59.169250 	48.826221 	11.401754 	25.079872 	51.400391 	78.390053 	999.000000 	56.302753 	48.166378 	90.824005 	4.472136 	13.892444 	8.246211 	46.647614 	43.266617 	27.586229 	73.661385 	15.000000 	57.140179 	57.628117 	70.710678 	21.000000 	86.052307 	27.459061 	52.153618 	96.213303 	18.357559 	52.839378 	18.439089 	27.202942 	73.000000 	82.024384 	71.063354 	26.305893 	37.589893 	21.931713 	34.176014 	55.865910 	65.192024 	84.899940 	
28.017851 	98.716766 	99.020203 	108.577164 	100.209778 	44.944408 	31.320919 	103.227905 	126.621483 	56.302753 	999.000000 	101.242287 	137.902145 	57.008770 	46.529560 	63.324562 	13.928389 	17.720045 	34.014702 	126.015869 	53.150730 	13.000000 	112.378822 	123.975807 	76.400261 	137.277100 	83.522453 	107.786827 	146.863876 	62.072536 	108.747414 	65.192024 	45.541191 	127.094452 	135.092560 	125.538841 	49.497475 	37.696156 	68.066147 	43.011627 	25.238859 	120.747673 	138.397980 	
90.138779 	12.041595 	9.219544 	15.132746 	5.656854 	58.051701 	71.700768 	5.099020 	32.756680 	48.166378 	101.242287 	999.000000 	45.354160 	50.000000 	61.846584 	44.944408 	93.723000 	90.686272 	75.742989 	25.495098 	60.207973 	104.350372 	13.000000 	22.803509 	37.643059 	38.013157 	31.400637 	14.422205 	48.259712 	56.859474 	17.204651 	53.851646 	73.783470 	25.942244 	34.058773 	24.698177 	71.693794 	85.211502 	54.708317 	80.993828 	104.004807 	23.021729 	37.202152 	
120.208153 	41.182522 	42.047592 	31.780497 	42.720020 	99.020203 	111.606453 	40.804413 	12.649111 	90.824005 	137.902145 	45.354160 	999.000000 	93.471924 	104.709122 	89.157166 	133.060135 	130.602448 	117.660530 	25.709921 	104.278473 	143.533966 	44.045429 	30.805843 	82.969872 	17.029387 	76.687675 	52.009613 	16.492422 	101.843018 	54.083271 	98.979797 	117.630775 	34.176014 	26.627054 	37.000000 	115.952576 	128.413391 	100.000000 	124.775803 	145.340973 	46.572525 	29.068884 	
57.489128 	52.392746 	51.429562 	61.717098 	51.107731 	13.038404 	25.709921 	53.535034 	80.950600 	4.472136 	57.008770 	50.000000 	93.471924 	999.000000 	12.041595 	6.324555 	46.518814 	42.941822 	26.400757 	75.432091 	11.180340 	56.824291 	58.728188 	72.249565 	19.416489 	88.005684 	26.570660 	52.801514 	98.229324 	13.892444 	53.254108 	14.142136 	24.166092 	74.249580 	83.546394 	72.180328 	22.803509 	35.227829 	17.691807 	31.304953 	54.561890 	65.802734 	86.278618 	
51.478149 	63.529522 	62.769421 	73.061615 	62.681736 	9.848858 	16.124516 	65.215027 	92.282173 	13.892444 	46.529560 	61.846584 	104.709122 	12.041595 	999.000000 	18.027756 	35.114101 	31.384710 	14.422205 	87.321243 	7.615773 	45.188496 	70.767227 	84.219948 	30.463093 	99.809822 	38.013157 	64.815125 	110.000000 	16.492422 	65.215027 	19.104973 	14.035668 	86.278618 	95.524864 	84.219948 	14.317822 	23.706539 	22.360680 	20.615528 	42.520584 	77.801025 	98.290382 	
62.968246 	48.383881 	47.169907 	57.384666 	46.518814 	19.026299 	32.015621 	48.764740 	76.557167 	8.246211 	63.324562 	44.944408 	89.157166 	6.324555 	18.027756 	999.000000 	52.801514 	49.193497 	32.449963 	70.213959 	15.264338 	63.063461 	53.037724 	66.843102 	13.152946 	82.927681 	20.248457 	46.861500 	93.193344 	14.035668 	47.201694 	12.649111 	28.844410 	68.622154 	78.102493 	66.468040 	26.832815 	40.459858 	15.652476 	36.055511 	60.440052 	59.816387 	80.721741 	
35.846897 	92.698433 	92.633690 	102.591423 	93.380943 	35.805027 	22.022715 	96.260063 	121.264175 	46.647614 	13.928389 	93.723000 	133.060135 	46.518814 	35.114101 	52.801514 	999.000000 	4.000000 	21.377558 	119.004204 	41.000000 	10.630146 	104.043259 	116.516090 	65.551506 	130.831955 	73.006851 	98.792709 	140.716019 	49.648766 	99.478638 	52.952808 	32.062439 	119.201508 	127.781059 	117.413795 	36.055511 	23.769728 	55.578773 	29.120440 	16.031219 	111.830231 	130.873978 	
37.589893 	90.027771 	89.872131 	99.904953 	90.509666 	32.649654 	19.104973 	93.348808 	118.697090 	43.266617 	17.720045 	90.686272 	130.602448 	42.941822 	31.384710 	49.193497 	4.000000 	999.000000 	17.464249 	116.043098 	37.107952 	13.892444 	100.801788 	113.454834 	61.846584 	127.988281 	69.354164 	95.414886 	137.931137 	45.705578 	96.041656 	49.030602 	28.071337 	116.038788 	124.739731 	114.201576 	32.062439 	20.124611 	51.623638 	25.298222 	16.278820 	108.452751 	127.781059 	
45.453274 	76.550636 	76.026314 	86.267029 	76.216797 	18.788294 	10.770329 	78.873314 	105.394501 	27.586229 	34.014702 	75.742989 	117.660530 	26.400757 	14.422205 	32.449963 	21.377558 	17.464249 	999.000000 	101.237343 	19.646883 	31.016125 	85.041168 	98.290382 	44.721359 	113.569359 	52.354561 	79.202271 	123.693169 	28.284271 	79.630394 	31.575306 	12.529964 	100.498756 	109.603828 	98.493652 	16.155495 	13.038404 	34.234486 	13.892444 	28.284271 	92.200867 	112.449989 	
112.805145 	28.231188 	27.294687 	19.416489 	25.806976 	83.450584 	97.000000 	22.803509 	16.401220 	73.661385 	126.015869 	25.495098 	25.709921 	75.432091 	87.321243 	70.213959 	119.004204 	116.043098 	101.237343 	999.000000 	85.445892 	129.634094 	19.416489 	5.099020 	61.717098 	13.000000 	54.625999 	27.459061 	23.259407 	81.492332 	29.154760 	78.294319 	99.045441 	9.219544 	9.486833 	11.661903 	96.798759 	110.602890 	78.721024 	106.254410 	129.495178 	20.880613 	13.341664 	
59.093147 	63.324562 	62.241467 	72.498276 	61.717098 	16.278820 	23.537205 	64.007812 	91.706055 	15.000000 	53.150730 	60.207973 	104.278473 	11.180340 	7.615773 	15.264338 	41.000000 	37.107952 	19.646883 	85.445892 	999.000000 	50.596443 	68.014702 	82.006096 	25.806976 	98.183502 	33.600594 	61.522354 	108.452751 	9.055386 	61.619801 	12.041595 	13.601471 	83.630135 	93.236259 	81.394104 	11.704700 	25.455845 	15.033297 	20.808653 	46.324940 	74.330345 	95.775780 	
40.447498 	103.276329 	103.237587 	113.172432 	104.004807 	46.400433 	32.649654 	106.887794 	131.795303 	57.140179 	13.000000 	104.350372 	143.533966 	56.824291 	45.188496 	63.063461 	10.630146 	13.892444 	31.016125 	129.634094 	50.596443 	999.000000 	114.621117 	127.141655 	75.643906 	141.449631 	83.192551 	109.293182 	151.320847 	58.940647 	109.931801 	62.361847 	40.311287 	129.807556 	138.408813 	128.003906 	44.283180 	30.066593 	64.761101 	36.013885 	12.727922 	122.331520 	141.495590 	
102.615791 	23.409399 	20.880613 	21.213203 	17.464249 	68.242218 	82.097504 	14.866069 	32.557640 	57.628117 	112.378822 	13.000000 	44.045429 	58.728188 	70.767227 	53.037724 	104.043259 	100.801788 	85.041168 	19.416489 	68.014702 	114.621117 	999.000000 	14.866069 	43.266617 	32.280025 	35.846897 	8.062258 	42.379242 	63.245552 	10.049875 	59.908264 	81.565926 	15.620500 	25.553865 	13.453624 	79.025314 	93.434471 	60.033325 	88.729927 	113.278419 	10.049875 	27.802877 	
111.789978 	27.658634 	26.248810 	20.024984 	24.166092 	80.808418 	94.493385 	21.023796 	21.095022 	70.710678 	123.975807 	22.803509 	30.805843 	72.249565 	84.219948 	66.843102 	116.516090 	113.454834 	98.290382 	5.099020 	82.006096 	127.141655 	14.866069 	999.000000 	57.801384 	17.464249 	50.537113 	22.803509 	27.513634 	77.698135 	24.331051 	74.431175 	95.603348 	5.385165 	11.313708 	7.071068 	93.230896 	107.298645 	74.706093 	102.800781 	126.574089 	15.811388 	14.422205 	
75.538071 	44.045429 	42.190044 	51.788029 	40.607880 	32.140316 	45.122055 	42.201897 	70.342018 	21.000000 	76.400261 	37.643059 	82.969872 	19.416489 	30.463093 	13.152946 	65.551506 	61.846584 	44.721359 	61.717098 	25.806976 	75.643906 	43.266617 	57.801384 	999.000000 	74.686012 	7.810250 	36.235340 	84.970581 	20.000000 	36.069378 	16.643316 	38.948685 	58.821766 	68.796799 	56.400356 	36.069378 	51.088158 	17.088007 	45.967381 	72.111023 	48.795490 	71.028160 	
122.588745 	38.600517 	38.288380 	28.844410 	37.483330 	95.524864 	108.894447 	34.713108 	15.033297 	86.052307 	137.277100 	38.013157 	17.029387 	88.005684 	99.809822 	82.927681 	130.831955 	127.988281 	113.569359 	13.000000 	98.183502 	141.449631 	32.280025 	17.464249 	74.686012 	999.000000 	67.623962 	40.261642 	10.295630 	94.413979 	41.773197 	91.241440 	111.772087 	19.026299 	9.848858 	22.022715 	109.603828 	123.223373 	91.706055 	118.983192 	141.767410 	32.015621 	12.041595 	
81.098709 	39.204590 	37.054016 	46.097721 	35.014282 	38.832977 	52.201534 	36.221542 	64.132675 	27.459061 	83.522453 	31.400637 	76.687675 	26.570660 	38.013157 	20.248457 	73.006851 	69.354164 	52.354561 	54.625999 	33.600594 	83.192551 	35.846897 	50.537113 	7.810250 	67.623962 	999.000000 	28.600698 	77.878113 	27.658634 	28.319605 	24.207438 	46.754681 	51.312767 	61.400326 	48.826221 	43.840622 	58.898216 	24.186773 	53.758720 	79.881165 	41.036568 	63.513779 	
99.824844 	26.400757 	23.600847 	26.925823 	20.000000 	63.134777 	77.025970 	18.384777 	40.311287 	52.153618 	107.786827 	14.422205 	52.009613 	52.801514 	64.815125 	46.861500 	98.792709 	95.414886 	79.202271 	27.459061 	61.522354 	109.293182 	8.062258 	22.803509 	36.235340 	40.261642 	28.600698 	999.000000 	50.289165 	56.222771 	2.828427 	52.801514 	74.966660 	22.825424 	33.105892 	20.248457 	72.249565 	86.977005 	52.697250 	82.073135 	107.298645 	13.038404 	34.985710 	
131.369705 	48.166378 	48.083260 	38.288380 	47.507893 	105.550934 	118.827606 	44.821869 	21.540659 	96.213303 	146.863876 	48.259712 	16.492422 	98.229324 	110.000000 	93.193344 	140.716019 	137.931137 	123.693169 	23.259407 	108.452751 	151.320847 	42.379242 	27.513634 	84.970581 	10.295630 	77.878113 	50.289165 	999.000000 	104.709122 	51.662365 	101.533249 	122.036880 	28.284271 	18.027756 	31.257000 	119.887444 	133.454117 	101.980392 	129.247818 	151.855194 	41.194660 	18.248287 	
67.779053 	61.611687 	60.166435 	70.213959 	59.135437 	23.853722 	32.557640 	61.098282 	89.196411 	18.357559 	62.072536 	56.859474 	101.843018 	13.892444 	16.492422 	14.035668 	49.648766 	45.705578 	28.284271 	81.492332 	9.055386 	58.940647 	63.245552 	77.698135 	20.000000 	94.413979 	27.658634 	56.222771 	104.709122 	999.000000 	55.973209 	3.605551 	19.723083 	78.816238 	88.752464 	76.400261 	16.401220 	31.906113 	6.000000 	26.400757 	53.665630 	68.680420 	91.021973 	
101.434708 	29.206163 	26.400757 	29.681644 	22.803509 	63.953106 	77.826729 	21.213203 	42.579338 	52.839378 	108.747414 	17.204651 	54.083271 	53.254108 	65.215027 	47.201694 	99.478638 	96.041656 	79.630394 	29.154760 	61.619801 	109.931801 	10.049875 	24.331051 	36.069378 	41.773197 	28.319605 	2.828427 	51.662365 	55.973209 	999.000000 	52.497620 	74.966660 	23.769728 	34.176014 	21.023796 	72.138756 	87.045967 	52.201534 	82.024384 	107.615051 	12.727922 	35.777088 	
69.892776 	59.033890 	57.489128 	67.446274 	56.320511 	25.495098 	35.227829 	58.189346 	86.330757 	18.439089 	65.192024 	53.851646 	98.979797 	14.142136 	19.104973 	12.649111 	52.952808 	49.030602 	31.575306 	78.294319 	12.041595 	62.361847 	59.908264 	74.431175 	16.643316 	91.241440 	24.207438 	52.801514 	101.533249 	3.605551 	52.497620 	999.000000 	23.323807 	75.451973 	85.440041 	73.006851 	20.000000 	35.510563 	3.605551 	30.000000 	57.245087 	65.192024 	87.658424 	
57.801384 	76.557167 	75.584389 	85.866173 	75.179787 	23.194826 	21.931713 	77.524193 	105.095192 	27.202942 	45.541191 	73.783470 	117.630775 	24.166092 	14.035668 	28.844410 	32.062439 	28.071337 	12.529964 	99.045441 	13.601471 	40.311287 	81.565926 	95.603348 	38.948685 	111.772087 	46.754681 	74.966660 	122.036880 	19.723083 	74.966660 	23.323807 	999.000000 	97.185387 	106.826965 	94.921021 	4.000000 	12.206555 	25.079872 	7.211102 	34.014702 	87.692642 	109.343498 	
115.767006 	32.249031 	30.594116 	25.179358 	28.160255 	83.408630 	97.200821 	25.000000 	25.612497 	73.000000 	127.094452 	25.942244 	34.176014 	74.249580 	86.278618 	68.622154 	119.201508 	116.038788 	100.498756 	9.219544 	83.630135 	129.807556 	15.620500 	5.385165 	58.821766 	19.026299 	51.312767 	22.825424 	28.284271 	78.816238 	23.769728 	75.451973 	97.185387 	999.000000 	10.440307 	3.000000 	94.641426 	109.041275 	75.471848 	104.350372 	128.763351 	13.000000 	12.206555 	
122.249741 	37.696156 	36.674240 	28.861740 	34.985710 	92.097771 	105.759163 	31.906113 	21.470911 	82.024384 	135.092560 	34.058773 	26.627054 	83.546394 	95.524864 	78.102493 	127.781059 	124.739731 	109.603828 	9.486833 	93.236259 	138.408813 	25.553865 	11.313708 	68.796799 	9.848858 	61.400326 	33.105892 	18.027756 	88.752464 	34.176014 	85.440041 	106.826965 	10.440307 	999.000000 	13.341664 	104.403069 	118.562218 	85.586212 	114.017540 	137.887634 	23.194826 	4.000000 	
114.791115 	32.015621 	30.149628 	25.709921 	27.459061 	81.608826 	95.441078 	24.331051 	28.017851 	71.063354 	125.538841 	24.698177 	37.000000 	72.180328 	84.219948 	66.468040 	117.413795 	114.201576 	98.493652 	11.661903 	81.394104 	128.003906 	13.453624 	7.071068 	56.400356 	22.022715 	48.826221 	20.248457 	31.257000 	76.400261 	21.023796 	73.006851 	94.921021 	3.000000 	13.341664 	999.000000 	92.314682 	106.831642 	72.945183 	102.068604 	126.732002 	10.000000 	14.764823 	
61.032780 	75.026665 	73.925636 	84.172440 	73.348480 	24.041630 	24.839485 	75.591003 	103.368271 	26.305893 	49.497475 	71.693794 	115.952576 	22.803509 	14.317822 	26.832815 	36.055511 	32.062439 	16.155495 	96.798759 	11.704700 	44.283180 	79.025314 	93.230896 	36.069378 	109.603828 	43.840622 	72.249565 	119.887444 	16.401220 	72.138756 	20.000000 	4.000000 	94.641426 	104.403069 	92.314682 	999.000000 	15.652476 	21.470911 	10.000000 	37.696156 	84.864601 	106.826965 	
55.317268 	87.235313 	86.452301 	96.747093 	86.284416 	30.805843 	23.537205 	88.752464 	115.974136 	37.589893 	37.696156 	85.211502 	128.413391 	35.227829 	23.706539 	40.459858 	23.769728 	20.124611 	13.038404 	110.602890 	25.455845 	30.066593 	93.434471 	107.298645 	51.088158 	123.223373 	58.898216 	86.977005 	133.454117 	31.906113 	87.045967 	35.510563 	12.206555 	109.041275 	118.562218 	106.831642 	15.652476 	999.000000 	37.121422 	6.082763 	22.135944 	99.764725 	121.165176 	
73.389374 	60.530983 	58.855755 	68.658577 	57.489128 	29.068884 	38.470768 	59.203041 	87.361320 	21.931713 	68.066147 	54.708317 	100.000000 	17.691807 	22.360680 	15.652476 	55.578773 	51.623638 	34.234486 	78.721024 	15.033297 	64.761101 	60.033325 	74.706093 	17.088007 	91.706055 	24.186773 	52.697250 	101.980392 	6.000000 	52.201534 	3.605551 	25.079872 	75.471848 	85.586212 	72.945183 	21.470911 	37.121422 	999.000000 	31.384710 	59.093147 	64.815125 	87.664131 	
58.694122 	83.671982 	82.734512 	93.021500 	82.365044 	29.017237 	24.596748 	84.723076 	112.254173 	34.176014 	43.011627 	80.993828 	124.775803 	31.304953 	20.615528 	36.055511 	29.120440 	25.298222 	13.892444 	106.254410 	20.808653 	36.013885 	88.729927 	102.800781 	45.967381 	118.983192 	53.758720 	82.073135 	129.247818 	26.400757 	82.024384 	30.000000 	7.211102 	104.350372 	114.017540 	102.068604 	10.000000 	6.082763 	31.384710 	999.000000 	28.160255 	94.752312 	116.516090 	
51.244511 	104.403069 	104.019226 	114.201576 	104.350372 	46.400433 	34.000000 	107.056061 	133.221619 	55.865910 	25.238859 	104.004807 	145.340973 	54.561890 	42.520584 	60.440052 	16.031219 	16.278820 	28.284271 	129.495178 	46.324940 	12.727922 	113.278419 	126.574089 	72.111023 	141.767410 	79.881165 	107.298645 	151.855194 	53.665630 	107.615051 	57.245087 	34.014702 	128.763351 	137.887634 	126.732002 	37.696156 	22.135944 	59.093147 	28.160255 	999.000000 	120.253899 	140.730240 	
112.058022 	33.241539 	30.805843 	29.681644 	27.459061 	76.157730 	90.049988 	24.738634 	36.674240 	65.192024 	120.747673 	23.021729 	46.572525 	65.802734 	77.801025 	59.816387 	111.830231 	108.452751 	92.200867 	20.880613 	74.330345 	122.331520 	10.049875 	15.811388 	48.795490 	32.015621 	41.036568 	13.038404 	41.194660 	68.680420 	12.727922 	65.192024 	87.692642 	13.000000 	23.194826 	10.000000 	84.864601 	99.764725 	64.815125 	94.752312 	120.253899 	999.000000 	24.041630 	
125.924583 	41.436699 	40.311287 	32.756680 	38.470768 	95.131485 	108.853111 	35.355339 	25.079872 	84.899940 	138.397980 	37.202152 	29.068884 	86.278618 	98.290382 	80.721741 	130.873978 	127.781059 	112.449989 	13.341664 	95.775780 	141.495590 	27.802877 	14.422205 	71.028160 	12.041595 	63.513779 	34.985710 	18.248287 	91.021973 	35.777088 	87.658424 	109.343498 	12.206555 	4.000000 	14.764823 	106.826965 	121.165176 	87.664131 	116.516090 	140.730240 	24.041630 	999.000000 	

Travel time:
9.000000 	2.114533 	2.140385 	2.347871 	2.191603 	1.116076 	0.908983 	2.270600 	2.753407 	1.368622 	0.700446 	2.253469 	3.005204 	1.437228 	1.286954 	1.574206 	0.896172 	0.939747 	1.136332 	2.820129 	1.477329 	1.011187 	2.565395 	2.794749 	1.888452 	3.064719 	2.027468 	2.495621 	3.284243 	1.694476 	2.535868 	1.747319 	1.445035 	2.894175 	3.056243 	2.869778 	1.525820 	1.382932 	1.834734 	1.467353 	1.281113 	2.801450 	3.148115 	
2.114533 	9.000000 	0.070711 	0.247487 	0.160078 	1.450216 	1.773415 	0.213600 	0.721110 	1.241219 	2.467919 	0.301040 	1.029563 	1.309819 	1.588238 	1.209597 	2.317461 	2.250694 	1.913766 	0.705780 	1.583114 	2.581908 	0.585235 	0.691466 	1.101136 	0.965013 	0.980115 	0.660019 	1.204159 	1.540292 	0.730154 	1.475847 	1.913929 	0.806226 	0.942404 	0.800391 	1.875667 	2.180883 	1.513275 	2.091799 	2.610077 	0.831038 	1.035918 	
2.140385 	0.070711 	9.000000 	0.257391 	0.090139 	1.440703 	1.769181 	0.152069 	0.738241 	1.221935 	2.475505 	0.230489 	1.051190 	1.285739 	1.569236 	1.179248 	2.315842 	2.246803 	1.900658 	0.682367 	1.556037 	2.580940 	0.522015 	0.656220 	1.054751 	0.957209 	0.926350 	0.590021 	1.202081 	1.504161 	0.660019 	1.437228 	1.889610 	0.764853 	0.916856 	0.753741 	1.848141 	2.161308 	1.471394 	2.068363 	2.600481 	0.770146 	1.007782 	
2.347871 	0.247487 	0.257391 	9.000000 	0.279509 	1.695029 	2.020211 	0.251247 	0.480885 	1.479231 	2.714429 	0.378319 	0.794512 	1.542928 	1.826540 	1.434617 	2.564785 	2.497624 	2.156676 	0.485412 	1.812457 	2.829311 	0.530330 	0.500625 	1.294701 	0.721110 	1.152443 	0.673146 	0.957209 	1.755349 	0.742041 	1.686157 	2.146654 	0.629484 	0.721543 	0.642748 	2.104311 	2.418677 	1.716464 	2.325537 	2.855039 	0.742041 	0.818917 	
2.191603 	0.160078 	0.090139 	0.279509 	9.000000 	1.451293 	1.785532 	0.079057 	0.752080 	1.220656 	2.505244 	0.141421 	1.068001 	1.277693 	1.567043 	1.162970 	2.334524 	2.262742 	1.905420 	0.645174 	1.542928 	2.600120 	0.436606 	0.604152 	1.015197 	0.937083 	0.875357 	0.500000 	1.187697 	1.478386 	0.570088 	1.408013 	1.879495 	0.704006 	0.874643 	0.686477 	1.833712 	2.157110 	1.437228 	2.059126 	2.608759 	0.686477 	0.961769 	
1.116076 	1.450216 	1.440703 	1.695029 	1.451293 	9.000000 	0.347311 	1.520691 	2.170973 	0.285044 	1.123610 	1.451293 	2.475505 	0.325960 	0.246221 	0.475657 	0.895126 	0.816241 	0.469707 	2.086265 	0.406971 	1.160011 	1.706055 	2.020211 	0.803508 	2.388122 	0.970824 	1.578369 	2.638773 	0.596343 	1.598828 	0.637377 	0.579871 	2.085216 	2.302444 	2.040221 	0.601041 	0.770146 	0.726722 	0.725431 	1.160011 	1.903943 	2.378287 	
0.908983 	1.773415 	1.769181 	2.020211 	1.785532 	0.347311 	9.000000 	1.856913 	2.490984 	0.626997 	0.783023 	1.792519 	2.790161 	0.642748 	0.403113 	0.800391 	0.550568 	0.477624 	0.269258 	2.425000 	0.588430 	0.816241 	2.052438 	2.362335 	1.128051 	2.722361 	1.305038 	1.925649 	2.970690 	0.813941 	1.945668 	0.880696 	0.548293 	2.430021 	2.643979 	2.386027 	0.620987 	0.588430 	0.961769 	0.614919 	0.850000 	2.251250 	2.721328 	
2.270600 	0.213600 	0.152069 	0.251247 	0.079057 	1.520691 	1.856913 	9.000000 	0.704006 	1.285010 	2.580698 	0.127475 	1.020110 	1.338376 	1.630376 	1.219118 	2.406502 	2.333720 	1.971833 	0.570088 	1.600195 	2.672195 	0.371652 	0.525595 	1.055047 	0.867828 	0.905539 	0.459619 	1.120547 	1.527457 	0.530330 	1.454734 	1.938105 	0.625000 	0.797653 	0.608276 	1.889775 	2.218812 	1.480076 	2.118077 	2.676402 	0.618466 	0.883883 	
2.753407 	0.721110 	0.738241 	0.480885 	0.752080 	2.170973 	2.490984 	0.704006 	9.000000 	1.959751 	3.165537 	0.818917 	0.316228 	2.023765 	2.307054 	1.913929 	3.031604 	2.967427 	2.634862 	0.410031 	2.292651 	3.294883 	0.813941 	0.527376 	1.758550 	0.375832 	1.603317 	1.007782 	0.538516 	2.229910 	1.064483 	2.158269 	2.627380 	0.640312 	0.536773 	0.700446 	2.584207 	2.899354 	2.184033 	2.806354 	3.330540 	0.916856 	0.626997 	
1.368622 	1.241219 	1.221935 	1.479231 	1.220656 	0.285044 	0.626997 	1.285010 	1.959751 	9.000000 	1.407569 	1.204159 	2.270600 	0.111803 	0.347311 	0.206155 	1.166190 	1.081665 	0.689656 	1.841535 	0.375000 	1.428504 	1.440703 	1.767767 	0.525000 	2.151308 	0.686477 	1.303840 	2.405333 	0.458939 	1.320984 	0.460977 	0.680074 	1.825000 	2.050610 	1.776584 	0.657647 	0.939747 	0.548293 	0.854400 	1.396648 	1.629801 	2.122499 	
0.700446 	2.467919 	2.475505 	2.714429 	2.505244 	1.123610 	0.783023 	2.580698 	3.165537 	1.407569 	9.000000 	2.531057 	3.447554 	1.425219 	1.163239 	1.583114 	0.348210 	0.443001 	0.850368 	3.150397 	1.328768 	0.325000 	2.809471 	3.099395 	1.910007 	3.431927 	2.088061 	2.694671 	3.671597 	1.551813 	2.718685 	1.629801 	1.138530 	3.177361 	3.377314 	3.138471 	1.237437 	0.942404 	1.701654 	1.075291 	0.630971 	3.018692 	3.459949 	
2.253469 	0.301040 	0.230489 	0.378319 	0.141421 	1.451293 	1.792519 	0.127475 	0.818917 	1.204159 	2.531057 	9.000000 	1.133854 	1.250000 	1.546165 	1.123610 	2.343075 	2.267157 	1.893575 	0.637377 	1.505199 	2.608759 	0.325000 	0.570088 	0.941076 	0.950329 	0.785016 	0.360555 	1.206493 	1.421487 	0.430116 	1.346291 	1.844587 	0.648556 	0.851469 	0.617454 	1.792345 	2.130288 	1.367708 	2.024846 	2.600120 	0.575543 	0.930054 	
3.005204 	1.029563 	1.051190 	0.794512 	1.068001 	2.475505 	2.790161 	1.020110 	0.316228 	2.270600 	3.447554 	1.133854 	9.000000 	2.336798 	2.617728 	2.228929 	3.326503 	3.265061 	2.941513 	0.642748 	2.606962 	3.588349 	1.101136 	0.770146 	2.074247 	0.425735 	1.917192 	1.300240 	0.412311 	2.546075 	1.352082 	2.474495 	2.940769 	0.854400 	0.665676 	0.925000 	2.898814 	3.210335 	2.500000 	3.119395 	3.633524 	1.164313 	0.726722 	
1.437228 	1.309819 	1.285739 	1.542928 	1.277693 	0.325960 	0.642748 	1.338376 	2.023765 	0.111803 	1.425219 	1.250000 	2.336798 	9.000000 	0.301040 	0.158114 	1.162970 	1.073546 	0.660019 	1.885802 	0.279509 	1.420607 	1.468205 	1.806239 	0.485412 	2.200142 	0.664266 	1.320038 	2.455733 	0.347311 	1.331353 	0.353553 	0.604152 	1.856240 	2.088660 	1.804508 	0.570088 	0.880696 	0.442295 	0.782624 	1.364047 	1.645068 	2.156965 	
1.286954 	1.588238 	1.569236 	1.826540 	1.567043 	0.246221 	0.403113 	1.630376 	2.307054 	0.347311 	1.163239 	1.546165 	2.617728 	0.301040 	9.000000 	0.450694 	0.877853 	0.784618 	0.360555 	2.183031 	0.190394 	1.129712 	1.769181 	2.105499 	0.761577 	2.495245 	0.950329 	1.620378 	2.750000 	0.412311 	1.630376 	0.477624 	0.350892 	2.156965 	2.388122 	2.105499 	0.357946 	0.592663 	0.559017 	0.515388 	1.063015 	1.945026 	2.457260 	
1.574206 	1.209597 	1.179248 	1.434617 	1.162970 	0.475657 	0.800391 	1.219118 	1.913929 	0.206155 	1.583114 	1.123610 	2.228929 	0.158114 	0.450694 	9.000000 	1.320038 	1.229837 	0.811249 	1.755349 	0.381608 	1.576586 	1.325943 	1.671077 	0.328824 	2.073192 	0.506211 	1.171538 	2.329834 	0.350892 	1.180042 	0.316228 	0.721110 	1.715554 	1.952562 	1.661701 	0.670820 	1.011496 	0.391312 	0.901388 	1.511001 	1.495410 	2.018044 	
0.896172 	2.317461 	2.315842 	2.564785 	2.334524 	0.895126 	0.550568 	2.406502 	3.031604 	1.166190 	0.348210 	2.343075 	3.326503 	1.162970 	0.877853 	1.320038 	9.000000 	0.100000 	0.534439 	2.975105 	1.025000 	0.265754 	2.601081 	2.912902 	1.638788 	3.270799 	1.825171 	2.469818 	3.517900 	1.241219 	2.486966 	1.323820 	0.801561 	2.980038 	3.194526 	2.935345 	0.901388 	0.594243 	1.389469 	0.728011 	0.400780 	2.795756 	3.271849 	
0.939747 	2.250694 	2.246803 	2.497624 	2.262742 	0.816241 	0.477624 	2.333720 	2.967427 	1.081665 	0.443001 	2.267157 	3.265061 	1.073546 	0.784618 	1.229837 	0.100000 	9.000000 	0.436606 	2.901078 	0.927699 	0.347311 	2.520045 	2.836371 	1.546165 	3.199707 	1.733854 	2.385372 	3.448278 	1.142639 	2.401042 	1.225765 	0.701783 	2.900970 	3.118493 	2.855039 	0.801561 	0.503115 	1.290591 	0.632456 	0.406971 	2.711319 	3.194526 	
1.136332 	1.913766 	1.900658 	2.156676 	1.905420 	0.469707 	0.269258 	1.971833 	2.634862 	0.689656 	0.850368 	1.893575 	2.941513 	0.660019 	0.360555 	0.811249 	0.534439 	0.436606 	9.000000 	2.530934 	0.491172 	0.775403 	2.126029 	2.457260 	1.118034 	2.839234 	1.308864 	1.980057 	3.092329 	0.707107 	1.990760 	0.789383 	0.313249 	2.512469 	2.740096 	2.462341 	0.403887 	0.325960 	0.855862 	0.347311 	0.707107 	2.305022 	2.811250 	
2.820129 	0.705780 	0.682367 	0.485412 	0.645174 	2.086265 	2.425000 	0.570088 	0.410031 	1.841535 	3.150397 	0.637377 	0.642748 	1.885802 	2.183031 	1.755349 	2.975105 	2.901078 	2.530934 	9.000000 	2.136147 	3.240852 	0.485412 	0.127475 	1.542928 	0.325000 	1.365650 	0.686477 	0.581485 	2.037308 	0.728869 	1.957358 	2.476136 	0.230489 	0.237171 	0.291548 	2.419969 	2.765072 	1.968026 	2.656360 	3.237380 	0.522015 	0.333542 	
1.477329 	1.583114 	1.556037 	1.812457 	1.542928 	0.406971 	0.588430 	1.600195 	2.292651 	0.375000 	1.328768 	1.505199 	2.606962 	0.279509 	0.190394 	0.381608 	1.025000 	0.927699 	0.491172 	2.136147 	9.000000 	1.264911 	1.700368 	2.050152 	0.645174 	2.454587 	0.840015 	1.538059 	2.711319 	0.226385 	1.540495 	0.301040 	0.340037 	2.090753 	2.330906 	2.034853 	0.292617 	0.636396 	0.375832 	0.520216 	1.158123 	1.858259 	2.394394 	
1.011187 	2.581908 	2.580940 	2.829311 	2.600120 	1.160011 	0.816241 	2.672195 	3.294883 	1.428504 	0.325000 	2.608759 	3.588349 	1.420607 	1.129712 	1.576586 	0.265754 	0.347311 	0.775403 	3.240852 	1.264911 	9.000000 	2.865528 	3.178541 	1.891098 	3.536241 	2.079814 	2.732330 	3.783021 	1.473516 	2.748295 	1.559046 	1.007782 	3.245189 	3.460220 	3.200098 	1.107080 	0.751665 	1.619027 	0.900347 	0.318198 	3.058288 	3.537390 	
2.565395 	0.585235 	0.522015 	0.530330 	0.436606 	1.706055 	2.052438 	0.371652 	0.813941 	1.440703 	2.809471 	0.325000 	1.101136 	1.468205 	1.769181 	1.325943 	2.601081 	2.520045 	2.126029 	0.485412 	1.700368 	2.865528 	9.000000 	0.371652 	1.081665 	0.807001 	0.896172 	0.201556 	1.059481 	1.581139 	0.251247 	1.497707 	2.039148 	0.390512 	0.638847 	0.336341 	1.975633 	2.335862 	1.500833 	2.218248 	2.831960 	0.251247 	0.695072 	
2.794749 	0.691466 	0.656220 	0.500625 	0.604152 	2.020211 	2.362335 	0.525595 	0.527376 	1.767767 	3.099395 	0.570088 	0.770146 	1.806239 	2.105499 	1.671077 	2.912902 	2.836371 	2.457260 	0.127475 	2.050152 	3.178541 	0.371652 	9.000000 	1.445035 	0.436606 	1.263428 	0.570088 	0.687841 	1.942453 	0.608276 	1.860779 	2.390084 	0.134629 	0.282843 	0.176777 	2.330772 	2.682466 	1.867652 	2.570019 	3.164352 	0.395285 	0.360555 	
1.888452 	1.101136 	1.054751 	1.294701 	1.015197 	0.803508 	1.128051 	1.055047 	1.758550 	0.525000 	1.910007 	0.941076 	2.074247 	0.485412 	0.761577 	0.328824 	1.638788 	1.546165 	1.118034 	1.542928 	0.645174 	1.891098 	1.081665 	1.445035 	9.000000 	1.867150 	0.195256 	0.905883 	2.124264 	0.500000 	0.901734 	0.416083 	0.973717 	1.470544 	1.719920 	1.410009 	0.901734 	1.277204 	0.427200 	1.149184 	1.802776 	1.219887 	1.775704 	
3.064719 	0.965013 	0.957209 	0.721110 	0.937083 	2.388122 	2.722361 	0.867828 	0.375832 	2.151308 	3.431927 	0.950329 	0.425735 	2.200142 	2.495245 	2.073192 	3.270799 	3.199707 	2.839234 	0.325000 	2.454587 	3.536241 	0.807001 	0.436606 	1.867150 	9.000000 	1.690599 	1.006541 	0.257391 	2.360349 	1.044330 	2.281036 	2.794302 	0.475657 	0.246221 	0.550568 	2.740096 	3.080584 	2.292651 	2.974580 	3.544185 	0.800391 	0.301040 	
2.027468 	0.980115 	0.926350 	1.152443 	0.875357 	0.970824 	1.305038 	0.905539 	1.603317 	0.686477 	2.088061 	0.785016 	1.917192 	0.664266 	0.950329 	0.506211 	1.825171 	1.733854 	1.308864 	1.365650 	0.840015 	2.079814 	0.896172 	1.263428 	0.195256 	1.690599 	9.000000 	0.715017 	1.946953 	0.691466 	0.707990 	0.605186 	1.168867 	1.282819 	1.535008 	1.220656 	1.096016 	1.472455 	0.604669 	1.343968 	1.997029 	1.025914 	1.587844 	
2.495621 	0.660019 	0.590021 	0.673146 	0.500000 	1.578369 	1.925649 	0.459619 	1.007782 	1.303840 	2.694671 	0.360555 	1.300240 	1.320038 	1.620378 	1.171538 	2.469818 	2.385372 	1.980057 	0.686477 	1.538059 	2.732330 	0.201556 	0.570088 	0.905883 	1.006541 	0.715017 	9.000000 	1.257229 	1.405569 	0.070711 	1.320038 	1.874166 	0.570636 	0.827647 	0.506211 	1.806239 	2.174425 	1.317431 	2.051828 	2.682466 	0.325960 	0.874643 	
3.284243 	1.204159 	1.202081 	0.957209 	1.187697 	2.638773 	2.970690 	1.120547 	0.538516 	2.405333 	3.671597 	1.206493 	0.412311 	2.455733 	2.750000 	2.329834 	3.517900 	3.448278 	3.092329 	0.581485 	2.711319 	3.783021 	1.059481 	0.687841 	2.124264 	0.257391 	1.946953 	1.257229 	9.000000 	2.617728 	1.291559 	2.538331 	3.050922 	0.707107 	0.450694 	0.781425 	2.997186 	3.336353 	2.549510 	3.231195 	3.796380 	1.029866 	0.456207 	
1.694476 	1.540292 	1.504161 	1.755349 	1.478386 	0.596343 	0.813941 	1.527457 	2.229910 	0.458939 	1.551813 	1.421487 	2.546075 	0.347311 	0.412311 	0.350892 	1.241219 	1.142639 	0.707107 	2.037308 	0.226385 	1.473516 	1.581139 	1.942453 	0.500000 	2.360349 	0.691466 	1.405569 	2.617728 	9.000000 	1.399330 	0.090139 	0.493077 	1.970406 	2.218812 	1.910007 	0.410031 	0.797653 	0.150000 	0.660019 	1.341641 	1.717010 	2.275549 	
2.535868 	0.730154 	0.660019 	0.742041 	0.570088 	1.598828 	1.945668 	0.530330 	1.064483 	1.320984 	2.718685 	0.430116 	1.352082 	1.331353 	1.630376 	1.180042 	2.486966 	2.401042 	1.990760 	0.728869 	1.540495 	2.748295 	0.251247 	0.608276 	0.901734 	1.044330 	0.707990 	0.070711 	1.291559 	1.399330 	9.000000 	1.312441 	1.874166 	0.594243 	0.854400 	0.525595 	1.803469 	2.176149 	1.305038 	2.050610 	2.690376 	0.318198 	0.894427 	
1.747319 	1.475847 	1.437228 	1.686157 	1.408013 	0.637377 	0.880696 	1.454734 	2.158269 	0.460977 	1.629801 	1.346291 	2.474495 	0.353553 	0.477624 	0.316228 	1.323820 	1.225765 	0.789383 	1.957358 	0.301040 	1.559046 	1.497707 	1.860779 	0.416083 	2.281036 	0.605186 	1.320038 	2.538331 	0.090139 	1.312441 	9.000000 	0.583095 	1.886299 	2.136001 	1.825171 	0.500000 	0.887764 	0.090139 	0.750000 	1.431127 	1.629801 	2.191461 	
1.445035 	1.913929 	1.889610 	2.146654 	1.879495 	0.579871 	0.548293 	1.938105 	2.627380 	0.680074 	1.138530 	1.844587 	2.940769 	0.604152 	0.350892 	0.721110 	0.801561 	0.701783 	0.313249 	2.476136 	0.340037 	1.007782 	2.039148 	2.390084 	0.973717 	2.794302 	1.168867 	1.874166 	3.050922 	0.493077 	1.874166 	0.583095 	9.000000 	2.429635 	2.670674 	2.373025 	0.100000 	0.305164 	0.626997 	0.180278 	0.850368 	2.192316 	2.733588 	
2.894175 	0.806226 	0.764853 	0.629484 	0.704006 	2.085216 	2.430021 	0.625000 	0.640312 	1.825000 	3.177361 	0.648556 	0.854400 	1.856240 	2.156965 	1.715554 	2.980038 	2.900970 	2.512469 	0.230489 	2.090753 	3.245189 	0.390512 	0.134629 	1.470544 	0.475657 	1.282819 	0.570636 	0.707107 	1.970406 	0.594243 	1.886299 	2.429635 	9.000000 	0.261008 	0.075000 	2.366036 	2.726032 	1.886796 	2.608759 	3.219084 	0.325000 	0.305164 	
3.056243 	0.942404 	0.916856 	0.721543 	0.874643 	2.302444 	2.643979 	0.797653 	0.536773 	2.050610 	3.377314 	0.851469 	0.665676 	2.088660 	2.388122 	1.952562 	3.194526 	3.118493 	2.740096 	0.237171 	2.330906 	3.460220 	0.638847 	0.282843 	1.719920 	0.246221 	1.535008 	0.827647 	0.450694 	2.218812 	0.854400 	2.136001 	2.670674 	0.261008 	9.000000 	0.333542 	2.610077 	2.964056 	2.139655 	2.850439 	3.447191 	0.579871 	0.100000 	
2.869778 	0.800391 	0.753741 	0.642748 	0.686477 	2.040221 	2.386027 	0.608276 	0.700446 	1.776584 	3.138471 	0.617454 	0.925000 	1.804508 	2.105499 	1.661701 	2.935345 	2.855039 	2.462341 	0.291548 	2.034853 	3.200098 	0.336341 	0.176777 	1.410009 	0.550568 	1.220656 	0.506211 	0.781425 	1.910007 	0.525595 	1.825171 	2.373025 	0.075000 	0.333542 	9.000000 	2.307867 	2.670791 	1.823630 	2.551715 	3.168300 	0.250000 	0.369121 	
1.525820 	1.875667 	1.848141 	2.104311 	1.833712 	0.601041 	0.620987 	1.889775 	2.584207 	0.657647 	1.237437 	1.792345 	2.898814 	0.570088 	0.357946 	0.670820 	0.901388 	0.801561 	0.403887 	2.419969 	0.292617 	1.107080 	1.975633 	2.330772 	0.901734 	2.740096 	1.096016 	1.806239 	2.997186 	0.410031 	1.803469 	0.500000 	0.100000 	2.366036 	2.610077 	2.307867 	9.000000 	0.391312 	0.536773 	0.250000 	0.942404 	2.121615 	2.670674 	
1.382932 	2.180883 	2.161308 	2.418677 	2.157110 	0.770146 	0.588430 	2.218812 	2.899354 	0.939747 	0.942404 	2.130288 	3.210335 	0.880696 	0.592663 	1.011496 	0.594243 	0.503115 	0.325960 	2.765072 	0.636396 	0.751665 	2.335862 	2.682466 	1.277204 	3.080584 	1.472455 	2.174425 	3.336353 	0.797653 	2.176149 	0.887764 	0.305164 	2.726032 	2.964056 	2.670791 	0.391312 	9.000000 	0.928036 	0.152069 	0.553399 	2.494118 	3.029130 	
1.834734 	1.513275 	1.471394 	1.716464 	1.437228 	0.726722 	0.961769 	1.480076 	2.184033 	0.548293 	1.701654 	1.367708 	2.500000 	0.442295 	0.559017 	0.391312 	1.389469 	1.290591 	0.855862 	1.968026 	0.375832 	1.619027 	1.500833 	1.867652 	0.427200 	2.292651 	0.604669 	1.317431 	2.549510 	0.150000 	1.305038 	0.090139 	0.626997 	1.886796 	2.139655 	1.823630 	0.536773 	0.928036 	9.000000 	0.784618 	1.477329 	1.620378 	2.191603 	
1.467353 	2.091799 	2.068363 	2.325537 	2.059126 	0.725431 	0.614919 	2.118077 	2.806354 	0.854400 	1.075291 	2.024846 	3.119395 	0.782624 	0.515388 	0.901388 	0.728011 	0.632456 	0.347311 	2.656360 	0.520216 	0.900347 	2.218248 	2.570019 	1.149184 	2.974580 	1.343968 	2.051828 	3.231195 	0.660019 	2.050610 	0.750000 	0.180278 	2.608759 	2.850439 	2.551715 	0.250000 	0.152069 	0.784618 	9.000000 	0.704006 	2.368808 	2.912902 	
1.281113 	2.610077 	2.600481 	2.855039 	2.608759 	1.160011 	0.850000 	2.676402 	3.330540 	1.396648 	0.630971 	2.600120 	3.633524 	1.364047 	1.063015 	1.511001 	0.400780 	0.406971 	0.707107 	3.237380 	1.158123 	0.318198 	2.831960 	3.164352 	1.802776 	3.544185 	1.997029 	2.682466 	3.796380 	1.341641 	2.690376 	1.431127 	0.850368 	3.219084 	3.447191 	3.168300 	0.942404 	0.553399 	1.477329 	0.704006 	9.000000 	3.006347 	3.518256 	
2.801450 	0.831038 	0.770146 	0.742041 	0.686477 	1.903943 	2.251250 	0.618466 	0.916856 	1.629801 	3.018692 	0.575543 	1.164313 	1.645068 	1.945026 	1.495410 	2.795756 	2.711319 	2.305022 	0.522015 	1.858259 	3.058288 	0.251247 	0.395285 	1.219887 	0.800391 	1.025914 	0.325960 	1.029866 	1.717010 	0.318198 	1.629801 	2.192316 	0.325000 	0.579871 	0.250000 	2.121615 	2.494118 	1.620378 	2.368808 	3.006347 	9.000000 	0.601041 	
3.148115 	1.035918 	1.007782 	0.818917 	0.961769 	2.378287 	2.721328 	0.883883 	0.626997 	2.122499 	3.459949 	0.930054 	0.726722 	2.156965 	2.457260 	2.018044 	3.271849 	3.194526 	2.811250 	0.333542 	2.394394 	3.537390 	0.695072 	0.360555 	1.775704 	0.301040 	1.587844 	0.874643 	0.456207 	2.275549 	0.894427 	2.191461 	2.733588 	0.305164 	0.100000 	0.369121 	2.670674 	3.029130 	2.191603 	2.912902 	3.518256 	0.601041 	9.000000 	

Feasibility v1:
0 	0 	0 	0 	0 	0 	0 	0 	0 	0 	0 	0 	0 	0 	0 	0 	0 	0 	0 	0 	0 	0 	0 	0 	0 	0 	0 	0 	0 	0 	0 	0 	0 	0 	0 	0 	0 	0 	0 	0 	0 	0 	0 	
0 	0 	0 	0 	0 	0 	0 	0 	0 	0 	0 	0 	0 	0 	0 	0 	0 	0 	0 	0 	0 	0 	0 	0 	0 	0 	0 	0 	0 	0 	0 	0 	0 	0 	0 	0 	0 	0 	0 	0 	0 	0 	0 	
0 	0 	0 	0 	0 	0 	0 	0 	0 	0 	0 	0 	0 	0 	0 	0 	0 	0 	0 	0 	0 	0 	1 	1 	1 	1 	1 	1 	1 	1 	1 	0 	0 	0 	0 	1 	0 	1 	1 	1 	0 	1 	0 	
0 	0 	0 	0 	0 	0 	0 	0 	0 	0 	0 	0 	0 	0 	0 	0 	0 	0 	0 	0 	0 	0 	0 	0 	0 	0 	0 	0 	0 	0 	0 	0 	0 	0 	0 	0 	0 	0 	0 	0 	0 	0 	0 	
0 	0 	0 	0 	0 	0 	0 	0 	0 	0 	0 	0 	0 	0 	0 	0 	0 	0 	0 	0 	0 	0 	0 	0 	0 	0 	0 	0 	0 	0 	0 	0 	0 	0 	0 	0 	0 	0 	0 	0 	0 	0 	0 	
