Total assets = 498
Number of asset nodes = 33

Distance:
999.000000 	103.947105 	106.066017 	26.000000 	13.416408 	28.160255 	79.605278 	17.000000 	45.044422 	59.228371 	51.244511 	21.633308 	75.584389 	27.202942 	24.166092 	112.645462 	110.385689 	23.086792 	60.133186 	98.386993 	107.703293 	72.180328 	29.000000 	27.294687 	123.004066 	37.735924 	63.031738 	44.283180 	85.510231 	46.957428 	99.624290 	36.055511 	68.066147 	98.371742 	84.593147 	37.054016 	106.625511 	116.297035 	76.006577 	38.327538 	111.072052 	64.513565 	118.848640 	
103.947105 	999.000000 	2.236068 	87.367043 	100.424103 	88.836929 	37.121422 	120.282997 	76.694199 	63.063461 	71.784401 	125.207825 	50.039986 	103.077644 	126.810883 	19.697716 	21.633308 	122.441826 	70.405968 	32.202484 	24.758837 	60.074955 	108.406639 	114.586212 	25.000000 	102.044106 	75.802376 	98.081596 	57.870544 	99.297531 	44.721359 	116.297035 	76.236473 	48.332184 	63.788715 	131.468628 	44.407207 	38.600517 	74.027023 	127.263504 	45.343136 	94.894676 	45.607018 	
106.066017 	2.236068 	999.000000 	89.587944 	102.615791 	91.065910 	39.204590 	122.429573 	78.924011 	65.253349 	74.000000 	127.349915 	52.086468 	105.309067 	128.972870 	19.723083 	22.022715 	124.631454 	72.567207 	33.615471 	25.495098 	62.128899 	110.639053 	116.811813 	24.083189 	104.278473 	77.929459 	100.304535 	59.682495 	101.513542 	46.097721 	118.532700 	78.313469 	49.769470 	65.620117 	133.689941 	45.486263 	39.051247 	76.006577 	129.495178 	46.227695 	97.015465 	46.097721 	
26.000000 	87.367043 	89.587944 	999.000000 	15.231546 	3.605551 	57.628117 	37.161808 	19.104973 	34.176014 	25.495098 	42.047592 	51.429562 	16.492422 	42.190044 	92.633690 	89.872131 	36.235340 	34.234486 	76.026314 	86.556343 	46.840153 	21.840330 	27.294687 	103.237587 	20.880613 	37.054016 	23.600847 	60.166435 	26.400757 	75.584389 	30.594116 	42.107006 	73.925636 	58.855755 	44.102154 	82.734512 	93.493317 	50.009998 	40.311287 	87.206650 	40.816662 	95.294281 	
13.416408 	100.424103 	102.615791 	15.231546 	999.000000 	16.278820 	72.422371 	21.931713 	33.955853 	49.396355 	40.521599 	26.832815 	66.640831 	14.142136 	27.202942 	106.962608 	104.350372 	22.022715 	49.030602 	90.972527 	101.212646 	61.983868 	17.000000 	18.027756 	117.515953 	24.413111 	51.156624 	30.870699 	75.286118 	33.541019 	90.801979 	25.298222 	56.080299 	89.157166 	73.756355 	32.572994 	97.943863 	108.558739 	64.195015 	31.064449 	102.415817 	51.244511 	110.476242 	
28.160255 	88.836929 	91.065910 	3.605551 	16.278820 	999.000000 	58.051701 	37.947330 	17.720045 	33.541019 	24.351591 	42.720020 	51.107731 	14.317822 	42.485291 	93.380943 	90.509666 	36.055511 	32.756680 	76.216797 	87.045967 	45.880280 	19.697716 	25.806976 	104.004807 	17.464249 	35.014282 	20.000000 	59.135437 	22.803509 	75.179787 	28.160255 	40.000000 	73.348480 	57.489128 	42.801868 	82.365044 	93.477272 	48.041649 	38.470768 	86.833176 	37.589893 	95.015785 	
79.605278 	37.121422 	39.204590 	57.628117 	72.422371 	58.051701 	999.000000 	94.031906 	42.801868 	27.294687 	36.891735 	99.020203 	13.038404 	71.449280 	99.624290 	35.805027 	32.649654 	93.861603 	33.837849 	18.788294 	29.000000 	23.000000 	76.485291 	83.450584 	46.400433 	68.242218 	38.832977 	63.134777 	23.853722 	63.953106 	23.194826 	83.408630 	39.115215 	24.041630 	29.068884 	100.448990 	29.017237 	36.769554 	37.336308 	95.131485 	33.136082 	57.870544 	40.024994 	
17.000000 	120.282997 	122.429573 	37.161808 	21.931713 	37.947330 	94.031906 	999.000000 	55.659679 	71.309189 	62.297672 	5.000000 	88.566360 	30.016663 	7.280110 	128.062485 	125.602547 	10.000000 	70.604530 	112.680969 	122.641754 	83.815269 	28.635643 	22.847319 	138.538803 	40.311287 	72.180328 	48.166378 	97.082436 	50.358715 	112.729767 	31.764761 	76.941536 	111.085556 	95.336250 	24.166092 	119.866592 	130.361038 	85.158676 	28.425341 	124.338249 	69.260376 	132.378250 	
45.044422 	76.694199 	78.924011 	19.104973 	33.955853 	17.720045 	42.801868 	55.659679 	999.000000 	16.401220 	6.708204 	60.406952 	34.205261 	29.206163 	60.008331 	78.600258 	75.432091 	53.235325 	15.132746 	60.108234 	71.589104 	28.231188 	33.970577 	41.231056 	89.202019 	25.553865 	18.439089 	21.587032 	41.436699 	23.194826 	57.982758 	40.607880 	23.537205 	55.946404 	39.812057 	58.051701 	65.192024 	76.837494 	31.144823 	52.402290 	69.641945 	28.017851 	77.935867 	
59.228371 	63.063461 	65.253349 	34.176014 	49.396355 	33.541019 	27.294687 	71.309189 	16.401220 	999.000000 	9.899495 	76.157730 	17.804493 	45.607018 	76.026314 	62.968246 	59.640591 	69.462219 	8.246211 	43.863426 	55.605755 	13.038404 	50.328918 	57.628117 	73.498299 	41.231056 	14.866069 	35.846897 	26.305893 	36.674240 	41.677334 	56.639210 	18.027756 	39.812057 	26.076809 	74.411018 	48.877399 	60.440052 	22.203604 	68.593002 	53.338543 	33.136082 	61.587337 	
51.244511 	71.784401 	74.000000 	25.495098 	40.521599 	24.351591 	36.891735 	62.297672 	6.708204 	9.899495 	999.000000 	67.067131 	27.658634 	35.805027 	66.708321 	72.670486 	69.404610 	59.941639 	9.055386 	53.758720 	65.436989 	21.540659 	40.459858 	47.801674 	83.234612 	31.400637 	13.892444 	26.400757 	34.785053 	27.513634 	51.312767 	46.754681 	18.788294 	49.244289 	33.376640 	64.536812 	58.523499 	70.292244 	25.709921 	58.694122 	62.968246 	27.856777 	71.281136 	
21.633308 	125.207825 	127.349915 	42.047592 	26.832815 	42.720020 	99.020203 	5.000000 	60.406952 	76.157730 	67.067131 	999.000000 	93.471924 	34.058773 	4.472136 	133.060135 	130.602448 	11.180340 	75.286118 	117.660530 	127.640121 	88.600227 	32.140316 	25.709921 	143.533966 	44.045429 	76.687675 	52.009613 	101.843018 	54.083271 	117.630775 	34.176014 	81.394104 	115.952576 	100.000000 	23.600847 	124.775803 	135.325531 	89.627007 	29.068884 	129.247818 	73.061615 	137.306229 	
75.584389 	50.039986 	52.086468 	51.429562 	66.640831 	51.107731 	13.038404 	88.566360 	34.205261 	17.804493 	27.658634 	93.471924 	999.000000 	63.411354 	93.536087 	46.518814 	42.941822 	87.132080 	22.472204 	26.400757 	38.587563 	10.049875 	68.117546 	75.432091 	56.824291 	58.728188 	26.570660 	52.801514 	13.892444 	53.254108 	24.166092 	74.249580 	26.305893 	22.803509 	17.691807 	92.195442 	31.304953 	42.638012 	24.331051 	86.278618 	35.777088 	45.354160 	43.908997 	
27.202942 	103.077644 	105.309067 	16.492422 	14.142136 	14.317822 	71.449280 	30.016663 	29.206163 	45.607018 	35.805027 	34.058773 	63.411354 	999.000000 	32.557640 	107.056061 	104.062485 	25.000000 	42.941822 	89.196411 	100.419121 	56.938564 	5.385165 	12.041595 	117.686020 	10.770329 	43.324360 	18.248287 	69.771057 	20.615528 	87.091904 	14.142136 	47.801674 	84.905830 	67.230942 	29.000000 	94.302704 	106.042442 	56.044624 	24.186773 	98.737022 	39.319206 	107.074738 	
24.166092 	126.810883 	128.972870 	42.190044 	27.202942 	42.485291 	99.624290 	7.280110 	60.008331 	76.026314 	66.708321 	4.472136 	93.536087 	32.557640 	999.000000 	134.063416 	131.502853 	8.062258 	74.672615 	118.152443 	128.405609 	88.238312 	30.016663 	23.086792 	144.589066 	42.047592 	75.690155 	50.089920 	101.390335 	52.009613 	117.647781 	31.048349 	80.280754 	115.831772 	99.297531 	19.209373 	124.823875 	135.679764 	88.526833 	25.000000 	129.294235 	71.007042 	137.437256 	
112.645462 	19.697716 	19.723083 	92.633690 	106.962608 	93.380943 	35.805027 	128.062485 	78.600258 	62.968246 	72.670486 	133.060135 	46.518814 	107.056061 	134.063416 	999.000000 	4.000000 	128.763351 	68.883957 	21.377558 	9.000000 	56.080299 	112.160599 	119.004204 	10.630146 	104.043259 	73.006851 	98.792709 	49.648766 	99.478638 	32.062439 	119.201508 	72.111023 	36.055511 	55.578773 	136.029404 	29.120440 	19.849434 	67.911705 	130.873978 	28.635643 	91.416626 	26.907248 	
110.385689 	21.633308 	22.022715 	89.872131 	104.350372 	90.509666 	32.649654 	125.602547 	75.432091 	59.640591 	69.404610 	130.602448 	42.941822 	104.062485 	131.502853 	4.000000 	999.000000 	126.063477 	65.368187 	17.464249 	5.000000 	52.392746 	109.123779 	116.043098 	13.892444 	100.801788 	69.354164 	95.414886 	45.705578 	96.041656 	28.071337 	116.038788 	68.352028 	32.062439 	51.623638 	133.056381 	25.298222 	17.029387 	64.031242 	127.781059 	25.059929 	87.664131 	24.083189 	
23.086792 	122.441826 	124.631454 	36.235340 	22.022715 	36.055511 	93.861603 	10.000000 	53.235325 	69.462219 	59.941639 	11.180340 	87.132080 	25.000000 	8.062258 	128.763351 	126.063477 	999.000000 	67.623962 	112.200714 	122.788437 	81.394104 	22.090721 	15.033297 	139.344894 	34.132095 	68.308128 	42.190044 	94.429871 	44.045429 	111.139549 	23.086792 	72.801102 	109.178749 	92.114059 	14.560220 	118.338501 	129.529922 	81.043198 	18.439089 	122.800652 	63.031738 	131.026718 	
60.133186 	70.405968 	72.567207 	34.234486 	49.030602 	32.756680 	33.837849 	70.604530 	15.132746 	8.246211 	9.055386 	75.286118 	22.472204 	42.941822 	74.672615 	68.883957 	65.368187 	67.623962 	999.000000 	48.826221 	61.057350 	14.212670 	47.169907 	54.708317 	79.259071 	36.878178 	6.708204 	30.479502 	26.832815 	30.805843 	44.687805 	52.497620 	10.630146 	42.201897 	24.738634 	71.028160 	51.855568 	64.350601 	16.763054 	64.660652 	56.222771 	25.019993 	64.660652 	
98.386993 	32.202484 	33.615471 	76.026314 	90.972527 	76.216797 	18.788294 	112.680969 	60.108234 	43.863426 	53.758720 	117.660530 	26.400757 	89.196411 	118.152443 	21.377558 	17.464249 	112.200714 	48.826221 	999.000000 	12.649111 	35.355339 	94.069122 	101.237343 	31.016125 	85.041168 	52.354561 	79.202271 	28.284271 	79.630394 	12.529964 	100.498756 	51.078373 	16.155495 	34.234486 	118.139748 	13.892444 	18.027756 	46.572525 	112.449989 	16.763054 	70.384659 	22.022715 	
107.703293 	24.758837 	25.495098 	86.556343 	101.212646 	87.045967 	29.000000 	122.641754 	71.589104 	55.605755 	65.436989 	127.640121 	38.587563 	100.419121 	128.405609 	9.000000 	5.000000 	122.788437 	61.057350 	12.649111 	999.000000 	47.853943 	105.418213 	112.432205 	18.384777 	96.829750 	64.845970 	91.263351 	40.792156 	91.809586 	23.086792 	112.160599 	63.694584 	27.073973 	46.690472 	129.417923 	20.615528 	14.317822 	59.203041 	123.987900 	20.808653 	83.006027 	21.095022 	
72.180328 	60.074955 	62.128899 	46.840153 	61.983868 	45.880280 	23.000000 	83.815269 	28.231188 	13.038404 	21.540659 	88.600227 	10.049875 	56.938564 	88.238312 	56.080299 	52.392746 	81.394104 	14.212670 	35.355339 	47.853943 	999.000000 	61.294373 	68.796799 	66.211784 	51.088158 	17.000000 	44.553337 	13.341664 	44.687805 	30.479502 	66.708321 	16.278820 	28.017851 	13.341664 	85.211502 	37.643059 	50.249378 	14.866069 	78.873314 	42.011902 	35.440090 	50.447994 	
29.000000 	108.406639 	110.639053 	21.840330 	17.000000 	19.697716 	76.485291 	28.635643 	33.970577 	50.328918 	40.459858 	32.140316 	68.117546 	5.385165 	30.016663 	112.160599 	109.123779 	22.090721 	47.169907 	94.069122 	105.418213 	61.294373 	999.000000 	7.615773 	122.788437 	12.041595 	47.010635 	20.099751 	73.925636 	22.000000 	91.607857 	9.000000 	51.264023 	89.308456 	71.112587 	24.083189 	98.812958 	110.751976 	59.464275 	18.867962 	103.227905 	41.000000 	111.606453 	
27.294687 	114.586212 	116.811813 	27.294687 	18.027756 	25.806976 	83.450584 	22.847319 	41.231056 	57.628117 	47.801674 	25.709921 	75.432091 	12.041595 	23.086792 	119.004204 	116.043098 	15.033297 	54.708317 	101.237343 	112.432205 	68.796799 	7.615773 	999.000000 	129.634094 	19.416489 	54.625999 	27.459061 	81.492332 	29.154760 	99.045441 	9.219544 	58.872746 	96.798759 	78.721024 	17.029387 	106.254410 	118.067780 	67.067131 	13.341664 	110.679718 	48.093658 	119.037811 	
123.004066 	25.000000 	24.083189 	103.237587 	117.515953 	104.004807 	46.400433 	138.538803 	89.202019 	73.498299 	83.234612 	143.533966 	56.824291 	117.686020 	144.589066 	10.630146 	13.892444 	139.344894 	79.259071 	31.016125 	18.384777 	66.211784 	122.788437 	129.634094 	999.000000 	114.621117 	83.192551 	109.293182 	58.940647 	109.931801 	40.311287 	129.807556 	82.079231 	44.283180 	64.761101 	146.659470 	36.013885 	23.769728 	77.491936 	141.495590 	34.365681 	101.390335 	30.083218 	
37.735924 	102.044106 	104.278473 	20.880613 	24.413111 	17.464249 	68.242218 	40.311287 	25.553865 	41.231056 	31.400637 	44.045429 	58.728188 	10.770329 	42.047592 	104.043259 	100.801788 	34.132095 	36.878178 	85.041168 	96.829750 	51.088158 	12.041595 	19.416489 	114.621117 	999.000000 	35.846897 	8.062258 	63.245552 	10.049875 	81.565926 	15.620500 	39.812057 	79.025314 	60.033325 	34.481880 	88.729927 	101.138519 	47.927029 	27.802877 	93.085983 	29.017237 	101.533249 	
63.031738 	75.802376 	77.929459 	37.054016 	51.156624 	35.014282 	38.832977 	72.180328 	18.439089 	14.866069 	13.892444 	76.687675 	26.570660 	43.324360 	75.690155 	73.006851 	69.354164 	68.308128 	6.708204 	52.354561 	64.845970 	17.000000 	47.010635 	54.625999 	83.192551 	35.846897 	999.000000 	28.600698 	27.658634 	28.319605 	46.754681 	51.312767 	5.099020 	43.840622 	24.186773 	70.327805 	53.758720 	66.843102 	13.038404 	63.513779 	57.982758 	19.104973 	66.468040 	
44.283180 	98.081596 	100.304535 	23.600847 	30.870699 	20.000000 	63.134777 	48.166378 	21.587032 	35.846897 	26.400757 	52.009613 	52.801514 	18.248287 	50.089920 	98.792709 	95.414886 	42.190044 	30.479502 	79.202271 	91.263351 	44.553337 	20.099751 	27.459061 	109.293182 	8.062258 	28.600698 	999.000000 	56.222771 	2.828427 	74.966660 	22.825424 	32.249031 	72.249565 	52.697250 	42.047592 	82.073135 	94.794518 	40.249222 	34.985710 	86.371292 	21.095022 	94.847244 	
85.510231 	57.870544 	59.682495 	60.166435 	75.286118 	59.135437 	23.853722 	97.082436 	41.436699 	26.305893 	34.785053 	101.843018 	13.892444 	69.771057 	101.390335 	49.648766 	45.705578 	94.429871 	26.832815 	28.284271 	40.792156 	13.341664 	73.925636 	81.492332 	58.940647 	63.245552 	27.658634 	56.222771 	999.000000 	55.973209 	19.723083 	78.816238 	24.839485 	16.401220 	6.000000 	97.637085 	26.400757 	39.962482 	18.788294 	91.021973 	30.479502 	43.566040 	38.948685 	
46.957428 	99.297531 	101.513542 	26.400757 	33.541019 	22.803509 	63.953106 	50.358715 	23.194826 	36.674240 	27.513634 	54.083271 	53.254108 	20.615528 	52.009613 	99.478638 	96.041656 	44.045429 	30.805843 	79.630394 	91.809586 	44.687805 	22.000000 	29.154760 	109.931801 	10.049875 	28.319605 	2.828427 	55.973209 	999.000000 	74.966660 	23.769728 	31.622776 	72.138756 	52.201534 	43.081318 	82.024384 	94.921021 	39.446167 	35.777088 	86.278618 	19.000000 	94.762863 	
99.624290 	44.721359 	46.097721 	75.584389 	90.801979 	75.179787 	23.194826 	112.729767 	57.982758 	41.677334 	51.312767 	117.630775 	24.166092 	87.091904 	117.647781 	32.062439 	28.071337 	111.139549 	44.687805 	12.529964 	23.086792 	30.479502 	91.607857 	99.045441 	40.311287 	81.565926 	46.754681 	74.966660 	19.723083 	74.966660 	999.000000 	97.185387 	44.407207 	4.000000 	25.079872 	115.602768 	7.211102 	20.248457 	38.470768 	109.343498 	11.661903 	63.285069 	20.000000 	
36.055511 	116.297035 	118.532700 	30.594116 	25.298222 	28.160255 	83.408630 	31.764761 	40.607880 	56.639210 	46.754681 	34.176014 	74.249580 	14.142136 	31.048349 	119.201508 	116.038788 	23.086792 	52.497620 	100.498756 	112.160599 	66.708321 	9.000000 	9.219544 	129.807556 	15.620500 	51.312767 	22.825424 	78.816238 	23.769728 	97.185387 	999.000000 	55.072678 	94.641426 	75.471848 	19.313208 	104.350372 	116.726173 	63.063461 	12.206555 	108.706024 	41.976185 	117.153748 	
68.066147 	76.236473 	78.313469 	42.107006 	56.080299 	40.000000 	39.115215 	76.941536 	23.537205 	18.027756 	18.788294 	81.394104 	26.305893 	47.801674 	80.280754 	72.111023 	68.352028 	72.801102 	10.630146 	51.078373 	63.694584 	16.278820 	51.264023 	58.872746 	82.079231 	39.812057 	5.099020 	32.249031 	24.839485 	31.622776 	44.407207 	55.072678 	999.000000 	41.231056 	20.615528 	74.242844 	51.224995 	64.637451 	8.246211 	67.230942 	55.317268 	19.313208 	63.780876 	
98.371742 	48.332184 	49.769470 	73.925636 	89.157166 	73.348480 	24.041630 	111.085556 	55.946404 	39.812057 	49.244289 	115.952576 	22.803509 	84.905830 	115.831772 	36.055511 	32.062439 	109.178749 	42.201897 	16.155495 	27.073973 	28.017851 	89.308456 	96.798759 	44.283180 	79.025314 	43.840622 	72.249565 	16.401220 	72.138756 	4.000000 	94.641426 	41.231056 	999.000000 	21.470911 	113.225441 	10.000000 	23.706539 	34.985710 	106.826965 	14.142136 	59.908264 	22.627417 	
84.593147 	63.788715 	65.620117 	58.855755 	73.756355 	57.489128 	29.068884 	95.336250 	39.812057 	26.076809 	33.376640 	100.000000 	17.691807 	67.230942 	99.297531 	55.578773 	51.623638 	92.114059 	24.738634 	34.234486 	46.690472 	13.341664 	71.112587 	78.721024 	64.761101 	60.033325 	24.186773 	52.697250 	6.000000 	52.201534 	25.079872 	75.471848 	20.615528 	21.470911 	999.000000 	94.514549 	31.384710 	45.177429 	13.601471 	87.664131 	35.227829 	38.600517 	43.600460 	
37.054016 	131.468628 	133.689941 	44.102154 	32.572994 	42.801868 	100.448990 	24.166092 	58.051701 	74.411018 	64.536812 	23.600847 	92.195442 	29.000000 	19.209373 	136.029404 	133.056381 	14.560220 	71.028160 	118.139748 	129.417923 	85.211502 	24.083189 	17.029387 	146.659470 	34.481880 	70.327805 	42.047592 	97.637085 	43.081318 	115.602768 	19.313208 	74.242844 	113.225441 	94.514549 	999.000000 	122.800652 	134.825821 	82.292160 	8.000000 	127.200630 	61.131008 	135.602356 	
106.625511 	44.407207 	45.486263 	82.734512 	97.943863 	82.365044 	29.017237 	119.866592 	65.192024 	48.877399 	58.523499 	124.775803 	31.304953 	94.302704 	124.823875 	29.120440 	25.298222 	118.338501 	51.855568 	13.892444 	20.615528 	37.643059 	98.812958 	106.254410 	36.013885 	88.729927 	53.758720 	82.073135 	26.400757 	82.024384 	7.211102 	104.350372 	51.224995 	10.000000 	31.384710 	122.800652 	999.000000 	13.928389 	44.944408 	116.516090 	4.472136 	69.892776 	12.806249 	
116.297035 	38.600517 	39.051247 	93.493317 	108.558739 	93.477272 	36.769554 	130.361038 	76.837494 	60.440052 	70.292244 	135.325531 	42.638012 	106.042442 	135.679764 	19.849434 	17.029387 	129.529922 	64.350601 	18.027756 	14.317822 	50.249378 	110.751976 	118.067780 	23.769728 	101.138519 	66.843102 	94.794518 	39.962482 	94.921021 	20.248457 	116.726173 	64.637451 	23.706539 	45.177429 	134.825821 	13.928389 	999.000000 	58.668560 	128.817703 	11.045361 	83.528435 	7.071068 	
76.006577 	74.027023 	76.006577 	50.009998 	64.195015 	48.041649 	37.336308 	85.158676 	31.144823 	22.203604 	25.709921 	89.627007 	24.331051 	56.044624 	88.526833 	67.911705 	64.031242 	81.043198 	16.763054 	46.572525 	59.203041 	14.866069 	59.464275 	67.067131 	77.491936 	47.927029 	13.038404 	40.249222 	18.788294 	39.446167 	38.470768 	63.063461 	8.246211 	34.985710 	13.601471 	82.292160 	44.944408 	58.668560 	999.000000 	75.179787 	48.826221 	25.000000 	57.201397 	
38.327538 	127.263504 	129.495178 	40.311287 	31.064449 	38.470768 	95.131485 	28.425341 	52.402290 	68.593002 	58.694122 	29.068884 	86.278618 	24.186773 	25.000000 	130.873978 	127.781059 	18.439089 	64.660652 	112.449989 	123.987900 	78.873314 	18.867962 	13.341664 	141.495590 	27.802877 	63.513779 	34.985710 	91.021973 	35.777088 	109.343498 	12.206555 	67.230942 	106.826965 	87.664131 	8.000000 	116.516090 	128.817703 	75.179787 	999.000000 	120.880104 	53.450912 	129.321304 	
111.072052 	45.343136 	46.227695 	87.206650 	102.415817 	86.833176 	33.136082 	124.338249 	69.641945 	53.338543 	62.968246 	129.247818 	35.777088 	98.737022 	129.294235 	28.635643 	25.059929 	122.800652 	56.222771 	16.763054 	20.808653 	42.011902 	103.227905 	110.679718 	34.365681 	93.085983 	57.982758 	86.371292 	30.479502 	86.278618 	11.661903 	108.706024 	55.317268 	14.142136 	35.227829 	127.200630 	4.472136 	11.045361 	48.826221 	120.880104 	999.000000 	73.817345 	8.485281 	
64.513565 	94.894676 	97.015465 	40.816662 	51.244511 	37.589893 	57.870544 	69.260376 	28.017851 	33.136082 	27.856777 	73.061615 	45.354160 	39.319206 	71.007042 	91.416626 	87.664131 	63.031738 	25.019993 	70.384659 	83.006027 	35.440090 	41.000000 	48.093658 	101.390335 	29.017237 	19.104973 	21.095022 	43.566040 	19.000000 	63.285069 	41.976185 	19.313208 	59.908264 	38.600517 	61.131008 	69.892776 	83.528435 	25.000000 	53.450912 	73.817345 	999.000000 	82.200974 	
118.848640 	45.607018 	46.097721 	95.294281 	110.476242 	95.015785 	40.024994 	132.378250 	77.935867 	61.587337 	71.281136 	137.306229 	43.908997 	107.074738 	137.437256 	26.907248 	24.083189 	131.026718 	64.660652 	22.022715 	21.095022 	50.447994 	111.606453 	119.037811 	30.083218 	101.533249 	66.468040 	94.847244 	38.948685 	94.762863 	20.000000 	117.153748 	63.780876 	22.627417 	43.600460 	135.602356 	12.806249 	7.071068 	57.201397 	129.321304 	8.485281 	82.200974 	999.000000 	

Travel time:
9.000000 	2.598678 	2.651650 	0.650000 	0.335410 	0.704006 	1.990132 	0.425000 	1.126111 	1.480709 	1.281113 	0.540833 	1.889610 	0.680074 	0.604152 	2.816137 	2.759642 	0.577170 	1.503330 	2.459675 	2.692582 	1.804508 	0.725000 	0.682367 	3.075102 	0.943398 	1.575794 	1.107080 	2.137756 	1.173936 	2.490607 	0.901388 	1.701654 	2.459294 	2.114829 	0.926350 	2.665638 	2.907426 	1.900164 	0.958188 	2.776801 	1.612839 	2.971216 	
2.598678 	9.000000 	0.055902 	2.184176 	2.510602 	2.220923 	0.928036 	3.007075 	1.917355 	1.576586 	1.794610 	3.130196 	1.251000 	2.576941 	3.170272 	0.492443 	0.540833 	3.061046 	1.760149 	0.805062 	0.618971 	1.501874 	2.710166 	2.864655 	0.625000 	2.551103 	1.895059 	2.452040 	1.446764 	2.482438 	1.118034 	2.907426 	1.905912 	1.208305 	1.594718 	3.286716 	1.110180 	0.965013 	1.850676 	3.181588 	1.133578 	2.372367 	1.140175 	
2.651650 	0.055902 	9.000000 	2.239699 	2.565395 	2.276648 	0.980115 	3.060739 	1.973100 	1.631334 	1.850000 	3.183748 	1.302162 	2.632727 	3.224322 	0.493077 	0.550568 	3.115786 	1.814180 	0.840387 	0.637377 	1.553222 	2.765976 	2.920295 	0.602080 	2.606962 	1.948236 	2.507613 	1.492062 	2.537838 	1.152443 	2.963317 	1.957837 	1.244237 	1.640503 	3.342248 	1.137157 	0.976281 	1.900164 	3.237380 	1.155692 	2.425387 	1.152443 	
0.650000 	2.184176 	2.239699 	9.000000 	0.380789 	0.090139 	1.440703 	0.929045 	0.477624 	0.854400 	0.637377 	1.051190 	1.285739 	0.412311 	1.054751 	2.315842 	2.246803 	0.905883 	0.855862 	1.900658 	2.163908 	1.171004 	0.546008 	0.682367 	2.580940 	0.522015 	0.926350 	0.590021 	1.504161 	0.660019 	1.889610 	0.764853 	1.052675 	1.848141 	1.471394 	1.102554 	2.068363 	2.337333 	1.250250 	1.007782 	2.180166 	1.020416 	2.382357 	
0.335410 	2.510602 	2.565395 	0.380789 	9.000000 	0.406971 	1.810559 	0.548293 	0.848896 	1.234909 	1.013040 	0.670820 	1.666021 	0.353553 	0.680074 	2.674065 	2.608759 	0.550568 	1.225765 	2.274313 	2.530316 	1.549597 	0.425000 	0.450694 	2.937899 	0.610328 	1.278916 	0.771767 	1.882153 	0.838525 	2.270050 	0.632456 	1.402007 	2.228929 	1.843909 	0.814325 	2.448596 	2.713969 	1.604875 	0.776611 	2.560395 	1.281113 	2.761906 	
0.704006 	2.220923 	2.276648 	0.090139 	0.406971 	9.000000 	1.451293 	0.948683 	0.443001 	0.838525 	0.608790 	1.068001 	1.277693 	0.357946 	1.062132 	2.334524 	2.262742 	0.901388 	0.818917 	1.905420 	2.176149 	1.147007 	0.492443 	0.645174 	2.600120 	0.436606 	0.875357 	0.500000 	1.478386 	0.570088 	1.879495 	0.704006 	1.000000 	1.833712 	1.437228 	1.070047 	2.059126 	2.336932 	1.201041 	0.961769 	2.170829 	0.939747 	2.375395 	
1.990132 	0.928036 	0.980115 	1.440703 	1.810559 	1.451293 	9.000000 	2.350798 	1.070047 	0.682367 	0.922293 	2.475505 	0.325960 	1.786232 	2.490607 	0.895126 	0.816241 	2.346540 	0.845946 	0.469707 	0.725000 	0.575000 	1.912132 	2.086265 	1.160011 	1.706055 	0.970824 	1.578369 	0.596343 	1.598828 	0.579871 	2.085216 	0.977880 	0.601041 	0.726722 	2.511225 	0.725431 	0.919239 	0.933408 	2.378287 	0.828402 	1.446764 	1.000625 	
0.425000 	3.007075 	3.060739 	0.929045 	0.548293 	0.948683 	2.350798 	9.000000 	1.391492 	1.782730 	1.557442 	0.125000 	2.214159 	0.750417 	0.182003 	3.201562 	3.140064 	0.250000 	1.765113 	2.817024 	3.066044 	2.095382 	0.715891 	0.571183 	3.463470 	1.007782 	1.804508 	1.204159 	2.427061 	1.258968 	2.818244 	0.794119 	1.923538 	2.777139 	2.383406 	0.604152 	2.996665 	3.259026 	2.128967 	0.710634 	3.108456 	1.731509 	3.309456 	
1.126111 	1.917355 	1.973100 	0.477624 	0.848896 	0.443001 	1.070047 	1.391492 	9.000000 	0.410031 	0.167705 	1.510174 	0.855132 	0.730154 	1.500208 	1.965006 	1.885802 	1.330883 	0.378319 	1.502706 	1.789728 	0.705780 	0.849264 	1.030776 	2.230051 	0.638847 	0.460977 	0.539676 	1.035918 	0.579871 	1.449569 	1.015197 	0.588430 	1.398660 	0.995301 	1.451293 	1.629801 	1.920937 	0.778621 	1.310057 	1.741049 	0.700446 	1.948397 	
1.480709 	1.576586 	1.631334 	0.854400 	1.234909 	0.838525 	0.682367 	1.782730 	0.410031 	9.000000 	0.247487 	1.903943 	0.445112 	1.140175 	1.900658 	1.574206 	1.491015 	1.736555 	0.206155 	1.096586 	1.390144 	0.325960 	1.258223 	1.440703 	1.837457 	1.030776 	0.371652 	0.896172 	0.657647 	0.916856 	1.041933 	1.415980 	0.450694 	0.995301 	0.651920 	1.860276 	1.221935 	1.511001 	0.555090 	1.714825 	1.333464 	0.828402 	1.539683 	
1.281113 	1.794610 	1.850000 	0.637377 	1.013040 	0.608790 	0.922293 	1.557442 	0.167705 	0.247487 	9.000000 	1.676678 	0.691466 	0.895126 	1.667708 	1.816762 	1.735115 	1.498541 	0.226385 	1.343968 	1.635925 	0.538516 	1.011496 	1.195042 	2.080865 	0.785016 	0.347311 	0.660019 	0.869626 	0.687841 	1.282819 	1.168867 	0.469707 	1.231107 	0.834416 	1.613420 	1.463087 	1.757306 	0.642748 	1.467353 	1.574206 	0.696419 	1.782028 	
0.540833 	3.130196 	3.183748 	1.051190 	0.670820 	1.068001 	2.475505 	0.125000 	1.510174 	1.903943 	1.676678 	9.000000 	2.336798 	0.851469 	0.111803 	3.326503 	3.265061 	0.279509 	1.882153 	2.941513 	3.191003 	2.215006 	0.803508 	0.642748 	3.588349 	1.101136 	1.917192 	1.300240 	2.546075 	1.352082 	2.940769 	0.854400 	2.034853 	2.898814 	2.500000 	0.590021 	3.119395 	3.383138 	2.240675 	0.726722 	3.231195 	1.826540 	3.432656 	
1.889610 	1.251000 	1.302162 	1.285739 	1.666021 	1.277693 	0.325960 	2.214159 	0.855132 	0.445112 	0.691466 	2.336798 	9.000000 	1.585284 	2.338402 	1.162970 	1.073546 	2.178302 	0.561805 	0.660019 	0.964689 	0.251247 	1.702939 	1.885802 	1.420607 	1.468205 	0.664266 	1.320038 	0.347311 	1.331353 	0.604152 	1.856240 	0.657647 	0.570088 	0.442295 	2.304886 	0.782624 	1.065950 	0.608276 	2.156965 	0.894427 	1.133854 	1.097725 	
0.680074 	2.576941 	2.632727 	0.412311 	0.353553 	0.357946 	1.786232 	0.750417 	0.730154 	1.140175 	0.895126 	0.851469 	1.585284 	9.000000 	0.813941 	2.676402 	2.601562 	0.625000 	1.073546 	2.229910 	2.510478 	1.423464 	0.134629 	0.301040 	2.942151 	0.269258 	1.083109 	0.456207 	1.744276 	0.515388 	2.177298 	0.353553 	1.195042 	2.122646 	1.680773 	0.725000 	2.357568 	2.651061 	1.401116 	0.604669 	2.468426 	0.982980 	2.676868 	
0.604152 	3.170272 	3.224322 	1.054751 	0.680074 	1.062132 	2.490607 	0.182003 	1.500208 	1.900658 	1.667708 	0.111803 	2.338402 	0.813941 	9.000000 	3.351585 	3.287571 	0.201556 	1.866815 	2.953811 	3.210140 	2.205958 	0.750417 	0.577170 	3.614727 	1.051190 	1.892254 	1.252248 	2.534758 	1.300240 	2.941195 	0.776209 	2.007019 	2.895794 	2.482438 	0.480234 	3.120597 	3.391994 	2.213171 	0.625000 	3.232356 	1.775176 	3.435931 	
2.816137 	0.492443 	0.493077 	2.315842 	2.674065 	2.334524 	0.895126 	3.201562 	1.965006 	1.574206 	1.816762 	3.326503 	1.162970 	2.676402 	3.351585 	9.000000 	0.100000 	3.219084 	1.722099 	0.534439 	0.225000 	1.402007 	2.804015 	2.975105 	0.265754 	2.601081 	1.825171 	2.469818 	1.241219 	2.486966 	0.801561 	2.980038 	1.802776 	0.901388 	1.389469 	3.400735 	0.728011 	0.496236 	1.697793 	3.271849 	0.715891 	2.285416 	0.672681 	
2.759642 	0.540833 	0.550568 	2.246803 	2.608759 	2.262742 	0.816241 	3.140064 	1.885802 	1.491015 	1.735115 	3.265061 	1.073546 	2.601562 	3.287571 	0.100000 	9.000000 	3.151587 	1.634205 	0.436606 	0.125000 	1.309819 	2.728095 	2.901078 	0.347311 	2.520045 	1.733854 	2.385372 	1.142639 	2.401042 	0.701783 	2.900970 	1.708801 	0.801561 	1.290591 	3.326410 	0.632456 	0.425735 	1.600781 	3.194526 	0.626498 	2.191603 	0.602080 	
0.577170 	3.061046 	3.115786 	0.905883 	0.550568 	0.901388 	2.346540 	0.250000 	1.330883 	1.736555 	1.498541 	0.279509 	2.178302 	0.625000 	0.201556 	3.219084 	3.151587 	9.000000 	1.690599 	2.805018 	3.069711 	2.034853 	0.552268 	0.375832 	3.483622 	0.853302 	1.707703 	1.054751 	2.360747 	1.101136 	2.778489 	0.577170 	1.820028 	2.729469 	2.302851 	0.364006 	2.958462 	3.238248 	2.026080 	0.460977 	3.070016 	1.575794 	3.275668 	
1.503330 	1.760149 	1.814180 	0.855862 	1.225765 	0.818917 	0.845946 	1.765113 	0.378319 	0.206155 	0.226385 	1.882153 	0.561805 	1.073546 	1.866815 	1.722099 	1.634205 	1.690599 	9.000000 	1.220656 	1.526434 	0.355317 	1.179248 	1.367708 	1.981477 	0.921954 	0.167705 	0.761988 	0.670820 	0.770146 	1.117195 	1.312441 	0.265754 	1.055047 	0.618466 	1.775704 	1.296389 	1.608765 	0.419076 	1.616516 	1.405569 	0.625500 	1.616516 	
2.459675 	0.805062 	0.840387 	1.900658 	2.274313 	1.905420 	0.469707 	2.817024 	1.502706 	1.096586 	1.343968 	2.941513 	0.660019 	2.229910 	2.953811 	0.534439 	0.436606 	2.805018 	1.220656 	9.000000 	0.316228 	0.883883 	2.351728 	2.530934 	0.775403 	2.126029 	1.308864 	1.980057 	0.707107 	1.990760 	0.313249 	2.512469 	1.276959 	0.403887 	0.855862 	2.953494 	0.347311 	0.450694 	1.164313 	2.811250 	0.419076 	1.759616 	0.550568 	
2.692582 	0.618971 	0.637377 	2.163908 	2.530316 	2.176149 	0.725000 	3.066044 	1.789728 	1.390144 	1.635925 	3.191003 	0.964689 	2.510478 	3.210140 	0.225000 	0.125000 	3.069711 	1.526434 	0.316228 	9.000000 	1.196349 	2.635455 	2.810805 	0.459619 	2.420744 	1.621149 	2.281584 	1.019804 	2.295240 	0.577170 	2.804015 	1.592365 	0.676849 	1.167262 	3.235448 	0.515388 	0.357946 	1.480076 	3.099698 	0.520216 	2.075151 	0.527376 	
1.804508 	1.501874 	1.553222 	1.171004 	1.549597 	1.147007 	0.575000 	2.095382 	0.705780 	0.325960 	0.538516 	2.215006 	0.251247 	1.423464 	2.205958 	1.402007 	1.309819 	2.034853 	0.355317 	0.883883 	1.196349 	9.000000 	1.532359 	1.719920 	1.655295 	1.277204 	0.425000 	1.113833 	0.333542 	1.117195 	0.761988 	1.667708 	0.406971 	0.700446 	0.333542 	2.130288 	0.941076 	1.256234 	0.371652 	1.971833 	1.050297 	0.886002 	1.261200 	
0.725000 	2.710166 	2.765976 	0.546008 	0.425000 	0.492443 	1.912132 	0.715891 	0.849264 	1.258223 	1.011496 	0.803508 	1.702939 	0.134629 	0.750417 	2.804015 	2.728095 	0.552268 	1.179248 	2.351728 	2.635455 	1.532359 	9.000000 	0.190394 	3.069711 	0.301040 	1.175266 	0.502494 	1.848141 	0.550000 	2.290196 	0.225000 	1.281601 	2.232711 	1.777815 	0.602080 	2.470324 	2.768799 	1.486607 	0.471699 	2.580698 	1.025000 	2.790161 	
0.682367 	2.864655 	2.920295 	0.682367 	0.450694 	0.645174 	2.086265 	0.571183 	1.030776 	1.440703 	1.195042 	0.642748 	1.885802 	0.301040 	0.577170 	2.975105 	2.901078 	0.375832 	1.367708 	2.530934 	2.810805 	1.719920 	0.190394 	9.000000 	3.240852 	0.485412 	1.365650 	0.686477 	2.037308 	0.728869 	2.476136 	0.230489 	1.471819 	2.419969 	1.968026 	0.425735 	2.656360 	2.951694 	1.676678 	0.333542 	2.766993 	1.202341 	2.975945 	
3.075102 	0.625000 	0.602080 	2.580940 	2.937899 	2.600120 	1.160011 	3.463470 	2.230051 	1.837457 	2.080865 	3.588349 	1.420607 	2.942151 	3.614727 	0.265754 	0.347311 	3.483622 	1.981477 	0.775403 	0.459619 	1.655295 	3.069711 	3.240852 	9.000000 	2.865528 	2.079814 	2.732330 	1.473516 	2.748295 	1.007782 	3.245189 	2.051981 	1.107080 	1.619027 	3.666487 	0.900347 	0.594243 	1.937298 	3.537390 	0.859142 	2.534758 	0.752080 	
0.943398 	2.551103 	2.606962 	0.522015 	0.610328 	0.436606 	1.706055 	1.007782 	0.638847 	1.030776 	0.785016 	1.101136 	1.468205 	0.269258 	1.051190 	2.601081 	2.520045 	0.853302 	0.921954 	2.126029 	2.420744 	1.277204 	0.301040 	0.485412 	2.865528 	9.000000 	0.896172 	0.201556 	1.581139 	0.251247 	2.039148 	0.390512 	0.995301 	1.975633 	1.500833 	0.862047 	2.218248 	2.528463 	1.198176 	0.695072 	2.327150 	0.725431 	2.538331 	
1.575794 	1.895059 	1.948236 	0.926350 	1.278916 	0.875357 	0.970824 	1.804508 	0.460977 	0.371652 	0.347311 	1.917192 	0.664266 	1.083109 	1.892254 	1.825171 	1.733854 	1.707703 	0.167705 	1.308864 	1.621149 	0.425000 	1.175266 	1.365650 	2.079814 	0.896172 	9.000000 	0.715017 	0.691466 	0.707990 	1.168867 	1.282819 	0.127475 	1.096016 	0.604669 	1.758195 	1.343968 	1.671077 	0.325960 	1.587844 	1.449569 	0.477624 	1.661701 	
1.107080 	2.452040 	2.507613 	0.590021 	0.771767 	0.500000 	1.578369 	1.204159 	0.539676 	0.896172 	0.660019 	1.300240 	1.320038 	0.456207 	1.252248 	2.469818 	2.385372 	1.054751 	0.761988 	1.980057 	2.281584 	1.113833 	0.502494 	0.686477 	2.732330 	0.201556 	0.715017 	9.000000 	1.405569 	0.070711 	1.874166 	0.570636 	0.806226 	1.806239 	1.317431 	1.051190 	2.051828 	2.369863 	1.006231 	0.874643 	2.159282 	0.527376 	2.371181 	
2.137756 	1.446764 	1.492062 	1.504161 	1.882153 	1.478386 	0.596343 	2.427061 	1.035918 	0.657647 	0.869626 	2.546075 	0.347311 	1.744276 	2.534758 	1.241219 	1.142639 	2.360747 	0.670820 	0.707107 	1.019804 	0.333542 	1.848141 	2.037308 	1.473516 	1.581139 	0.691466 	1.405569 	9.000000 	1.399330 	0.493077 	1.970406 	0.620987 	0.410031 	0.150000 	2.440927 	0.660019 	0.999062 	0.469707 	2.275549 	0.761988 	1.089151 	0.973717 	
1.173936 	2.482438 	2.537838 	0.660019 	0.838525 	0.570088 	1.598828 	1.258968 	0.579871 	0.916856 	0.687841 	1.352082 	1.331353 	0.515388 	1.300240 	2.486966 	2.401042 	1.101136 	0.770146 	1.990760 	2.295240 	1.117195 	0.550000 	0.728869 	2.748295 	0.251247 	0.707990 	0.070711 	1.399330 	9.000000 	1.874166 	0.594243 	0.790569 	1.803469 	1.305038 	1.077033 	2.050610 	2.373025 	0.986154 	0.894427 	2.156965 	0.475000 	2.369071 	
2.490607 	1.118034 	1.152443 	1.889610 	2.270050 	1.879495 	0.579871 	2.818244 	1.449569 	1.041933 	1.282819 	2.940769 	0.604152 	2.177298 	2.941195 	0.801561 	0.701783 	2.778489 	1.117195 	0.313249 	0.577170 	0.761988 	2.290196 	2.476136 	1.007782 	2.039148 	1.168867 	1.874166 	0.493077 	1.874166 	9.000000 	2.429635 	1.110180 	0.100000 	0.626997 	2.890069 	0.180278 	0.506211 	0.961769 	2.733588 	0.291548 	1.582127 	0.500000 	
0.901388 	2.907426 	2.963317 	0.764853 	0.632456 	0.704006 	2.085216 	0.794119 	1.015197 	1.415980 	1.168867 	0.854400 	1.856240 	0.353553 	0.776209 	2.980038 	2.900970 	0.577170 	1.312441 	2.512469 	2.804015 	1.667708 	0.225000 	0.230489 	3.245189 	0.390512 	1.282819 	0.570636 	1.970406 	0.594243 	2.429635 	9.000000 	1.376817 	2.366036 	1.886796 	0.482830 	2.608759 	2.918154 	1.576586 	0.305164 	2.717651 	1.049405 	2.928844 	
1.701654 	1.905912 	1.957837 	1.052675 	1.402007 	1.000000 	0.977880 	1.923538 	0.588430 	0.450694 	0.469707 	2.034853 	0.657647 	1.195042 	2.007019 	1.802776 	1.708801 	1.820028 	0.265754 	1.276959 	1.592365 	0.406971 	1.281601 	1.471819 	2.051981 	0.995301 	0.127475 	0.806226 	0.620987 	0.790569 	1.110180 	1.376817 	9.000000 	1.030776 	0.515388 	1.856071 	1.280625 	1.615936 	0.206155 	1.680773 	1.382932 	0.482830 	1.594522 	
2.459294 	1.208305 	1.244237 	1.848141 	2.228929 	1.833712 	0.601041 	2.777139 	1.398660 	0.995301 	1.231107 	2.898814 	0.570088 	2.122646 	2.895794 	0.901388 	0.801561 	2.729469 	1.055047 	0.403887 	0.676849 	0.700446 	2.232711 	2.419969 	1.107080 	1.975633 	1.096016 	1.806239 	0.410031 	1.803469 	0.100000 	2.366036 	1.030776 	9.000000 	0.536773 	2.830636 	0.250000 	0.592663 	0.874643 	2.670674 	0.353553 	1.497707 	0.565685 	
2.114829 	1.594718 	1.640503 	1.471394 	1.843909 	1.437228 	0.726722 	2.383406 	0.995301 	0.651920 	0.834416 	2.500000 	0.442295 	1.680773 	2.482438 	1.389469 	1.290591 	2.302851 	0.618466 	0.855862 	1.167262 	0.333542 	1.777815 	1.968026 	1.619027 	1.500833 	0.604669 	1.317431 	0.150000 	1.305038 	0.626997 	1.886796 	0.515388 	0.536773 	9.000000 	2.362864 	0.784618 	1.129436 	0.340037 	2.191603 	0.880696 	0.965013 	1.090011 	
0.926350 	3.286716 	3.342248 	1.102554 	0.814325 	1.070047 	2.511225 	0.604152 	1.451293 	1.860276 	1.613420 	0.590021 	2.304886 	0.725000 	0.480234 	3.400735 	3.326410 	0.364006 	1.775704 	2.953494 	3.235448 	2.130288 	0.602080 	0.425735 	3.666487 	0.862047 	1.758195 	1.051190 	2.440927 	1.077033 	2.890069 	0.482830 	1.856071 	2.830636 	2.362864 	9.000000 	3.070016 	3.370646 	2.057304 	0.200000 	3.180016 	1.528275 	3.390059 	
2.665638 	1.110180 	1.137157 	2.068363 	2.448596 	2.059126 	0.725431 	2.996665 	1.629801 	1.221935 	1.463087 	3.119395 	0.782624 	2.357568 	3.120597 	0.728011 	0.632456 	2.958462 	1.296389 	0.347311 	0.515388 	0.941076 	2.470324 	2.656360 	0.900347 	2.218248 	1.343968 	2.051828 	0.660019 	2.050610 	0.180278 	2.608759 	1.280625 	0.250000 	0.784618 	3.070016 	9.000000 	0.348210 	1.123610 	2.912902 	0.111803 	1.747319 	0.320156 	
2.907426 	0.965013 	0.976281 	2.337333 	2.713969 	2.336932 	0.919239 	3.259026 	1.920937 	1.511001 	1.757306 	3.383138 	1.065950 	2.651061 	3.391994 	0.496236 	0.425735 	3.238248 	1.608765 	0.450694 	0.357946 	1.256234 	2.768799 	2.951694 	0.594243 	2.528463 	1.671077 	2.369863 	0.999062 	2.373025 	0.506211 	2.918154 	1.615936 	0.592663 	1.129436 	3.370646 	0.348210 	9.000000 	1.466714 	3.220443 	0.276134 	2.088211 	0.176777 	
1.900164 	1.850676 	1.900164 	1.250250 	1.604875 	1.201041 	0.933408 	2.128967 	0.778621 	0.555090 	0.642748 	2.240675 	0.608276 	1.401116 	2.213171 	1.697793 	1.600781 	2.026080 	0.419076 	1.164313 	1.480076 	0.371652 	1.486607 	1.676678 	1.937298 	1.198176 	0.325960 	1.006231 	0.469707 	0.986154 	0.961769 	1.576586 	0.206155 	0.874643 	0.340037 	2.057304 	1.123610 	1.466714 	9.000000 	1.879495 	1.220656 	0.625000 	1.430035 	
0.958188 	3.181588 	3.237380 	1.007782 	0.776611 	0.961769 	2.378287 	0.710634 	1.310057 	1.714825 	1.467353 	0.726722 	2.156965 	0.604669 	0.625000 	3.271849 	3.194526 	0.460977 	1.616516 	2.811250 	3.099698 	1.971833 	0.471699 	0.333542 	3.537390 	0.695072 	1.587844 	0.874643 	2.275549 	0.894427 	2.733588 	0.305164 	1.680773 	2.670674 	2.191603 	0.200000 	2.912902 	3.220443 	1.879495 	9.000000 	3.022003 	1.336273 	3.233033 	
2.776801 	1.133578 	1.155692 	2.180166 	2.560395 	2.170829 	0.828402 	3.108456 	1.741049 	1.333464 	1.574206 	3.231195 	0.894427 	2.468426 	3.232356 	0.715891 	0.626498 	3.070016 	1.405569 	0.419076 	0.520216 	1.050297 	2.580698 	2.766993 	0.859142 	2.327150 	1.449569 	2.159282 	0.761988 	2.156965 	0.291548 	2.717651 	1.382932 	0.353553 	0.880696 	3.180016 	0.111803 	0.276134 	1.220656 	3.022003 	9.000000 	1.845434 	0.212132 	
1.612839 	2.372367 	2.425387 	1.020416 	1.281113 	0.939747 	1.446764 	1.731509 	0.700446 	0.828402 	0.696419 	1.826540 	1.133854 	0.982980 	1.775176 	2.285416 	2.191603 	1.575794 	0.625500 	1.759616 	2.075151 	0.886002 	1.025000 	1.202341 	2.534758 	0.725431 	0.477624 	0.527376 	1.089151 	0.475000 	1.582127 	1.049405 	0.482830 	1.497707 	0.965013 	1.528275 	1.747319 	2.088211 	0.625000 	1.336273 	1.845434 	9.000000 	2.055024 	
2.971216 	1.140175 	1.152443 	2.382357 	2.761906 	2.375395 	1.000625 	3.309456 	1.948397 	1.539683 	1.782028 	3.432656 	1.097725 	2.676868 	3.435931 	0.672681 	0.602080 	3.275668 	1.616516 	0.550568 	0.527376 	1.261200 	2.790161 	2.975945 	0.752080 	2.538331 	1.661701 	2.371181 	0.973717 	2.369071 	0.500000 	2.928844 	1.594522 	0.565685 	1.090011 	3.390059 	0.320156 	0.176777 	1.430035 	3.233033 	0.212132 	2.055024 	9.000000 	

Feasibility v1:
0 	0 	0 	0 	0 	0 	0 	0 	0 	0 	0 	0 	0 	0 	0 	0 	0 	0 	0 	0 	0 	0 	0 	0 	0 	0 	0 	0 	0 	0 	0 	0 	0 	0 	0 	0 	0 	0 	0 	0 	0 	0 	0 	
0 	0 	0 	0 	0 	0 	0 	0 	0 	0 	0 	0 	0 	0 	0 	0 	0 	0 	0 	0 	0 	0 	0 	0 	0 	0 	0 	0 	0 	0 	0 	0 	0 	0 	0 	0 	0 	0 	0 	0 	0 	0 	0 	
0 	0 	0 	0 	0 	0 	0 	0 	0 	0 	1 	0 	0 	1 	0 	0 	1 	0 	1 	1 	1 	1 	0 	1 	1 	1 	1 	1 	1 	1 	1 	1 	1 	1 	1 	0 	1 	0 	0 	1 	0 	1 	1 	
0 	0 	0 	0 	0 	0 	0 	0 	0 	0 	0 	0 	0 	1 	0 	0 	0 	0 	1 	0 	0 	1 	0 	1 	0 	1 	1 	1 	1 	1 	1 	1 	1 	1 	1 	0 	1 	0 	0 	1 	0 	1 	1 	
0 	0 	0 	0 	0 	0 	0 	0 	0 	0 	1 	1 	0 	1 	0 	0 	0 	0 	1 	1 	0 	1 	0 	1 	0 	1 	1 	1 	1 	1 	1 	1 	1 	1 	1 	0 	1 	0 	0 	1 	0 	1 	1 	
