Total assets = 720
Number of asset nodes = 40

Distance:
999.000000 	19.416489 	6.403124 	25.079872 	27.459061 	29.410883 	29.698484 	35.000000 	34.058773 	36.674240 	36.359318 	54.405884 	38.832977 	39.824615 	40.816662 	50.447994 	42.059483 	55.731499 	47.169907 	44.721359 	45.793011 	47.010635 	48.010414 	49.497475 	55.731499 	50.209560 	50.447994 	59.682495 	63.600315 	53.310413 	55.009090 	54.424259 	75.239616 	60.008331 	57.870544 	62.201286 	63.788715 	70.213959 	55.973209 	56.035702 	57.201397 	65.764732 	63.000000 	58.000000 	65.276337 	70.519501 	59.908264 	71.449280 	60.901562 	61.294373 	79.378838 	70.405968 	
19.416489 	999.000000 	20.880613 	43.011627 	26.400757 	40.447498 	38.327538 	28.844410 	40.853397 	38.832977 	40.311287 	73.164200 	43.416588 	49.040798 	51.971146 	38.209946 	44.407207 	73.763138 	60.299255 	46.227695 	48.826221 	49.203659 	57.567352 	56.364883 	71.028160 	57.271286 	55.569775 	48.507732 	50.039986 	53.037724 	66.490601 	53.150730 	94.371605 	51.865211 	52.839378 	52.172791 	52.345009 	88.323273 	61.400326 	59.405388 	61.032780 	54.332310 	54.405884 	64.007812 	54.918121 	56.320511 	69.570107 	89.050545 	71.568146 	70.837845 	98.234413 	58.034473 	
6.403124 	20.880613 	999.000000 	22.135944 	22.022715 	23.323807 	23.345236 	30.265491 	27.658634 	30.463093 	30.016663 	52.392746 	32.449963 	33.600594 	34.885529 	46.818798 	35.777088 	52.886673 	41.761227 	38.483765 	39.446167 	40.706264 	41.880783 	43.139309 	51.156624 	43.863426 	44.045429 	55.542778 	60.166435 	47.169907 	49.244289 	48.383881 	73.824112 	55.081757 	52.345009 	57.706154 	59.665737 	67.446274 	49.578220 	49.648766 	50.803543 	61.611687 	58.137768 	51.623638 	60.827625 	67.230942 	53.851646 	68.249542 	55.009090 	55.226807 	77.472572 	66.483078 	
25.079872 	43.011627 	22.135944 	999.000000 	35.227829 	19.026299 	23.345236 	44.654228 	28.160255 	36.138622 	33.541019 	30.413813 	34.132095 	27.658634 	25.079872 	63.007935 	39.319206 	30.805843 	26.870058 	42.296574 	41.012192 	43.046486 	33.105892 	38.327538 	31.953091 	38.600517 	41.593269 	69.835518 	76.275818 	51.156624 	36.124783 	53.338543 	52.153618 	66.483078 	60.876926 	70.682388 	73.824112 	45.354160 	45.607018 	48.507732 	48.836460 	75.591003 	69.641945 	46.486557 	73.824112 	83.486526 	43.011627 	46.389652 	42.520584 	44.407207 	55.461697 	81.006172 	
27.459061 	26.400757 	22.022715 	35.227829 	999.000000 	21.470911 	17.088007 	9.433981 	17.029387 	12.529964 	14.560220 	63.702435 	17.720045 	26.076809 	30.594116 	27.802877 	18.027756 	61.611687 	40.261642 	19.849434 	22.472204 	22.803509 	34.014702 	31.048349 	53.141319 	32.015621 	29.546574 	34.928497 	41.048752 	27.202942 	44.045429 	27.784887 	85.702972 	33.241539 	30.413813 	36.400551 	39.000000 	75.471848 	35.341194 	33.015148 	34.669872 	40.853397 	36.345562 	38.078865 	39.560081 	48.259712 	45.398239 	74.706093 	48.093658 	46.529560 	87.800911 	46.097721 	
29.410883 	40.447498 	23.323807 	19.026299 	21.470911 	999.000000 	5.000000 	30.000000 	9.219544 	17.888544 	14.866069 	43.278172 	15.132746 	10.630146 	11.704700 	48.166378 	20.396078 	40.459858 	20.000000 	23.345236 	22.000000 	24.020824 	18.601076 	21.095022 	32.015621 	21.633308 	23.409399 	53.413483 	60.827625 	32.140316 	26.248810 	34.365681 	65.069191 	48.764740 	42.379242 	53.535034 	57.201397 	54.083271 	28.178005 	30.083218 	30.675724 	58.821766 	51.884487 	29.681644 	56.603886 	67.941154 	30.528675 	53.235325 	31.780497 	31.906113 	66.708321 	64.404968 	
29.698484 	38.327538 	23.345236 	23.345236 	17.088007 	5.000000 	999.000000 	25.238859 	5.099020 	13.000000 	10.198039 	48.270073 	11.045361 	10.770329 	14.000000 	43.278172 	16.031219 	45.343136 	23.345236 	19.026299 	18.248287 	20.099751 	19.313208 	19.798990 	36.055511 	20.518284 	21.095022 	48.414875 	55.865910 	28.000000 	28.284271 	30.066593 	70.035706 	43.829212 	37.643059 	48.548943 	52.201534 	58.821766 	26.400757 	27.313000 	28.178005 	53.823788 	46.957428 	28.319605 	51.623638 	62.968246 	31.384710 	57.801384 	33.241539 	32.695564 	71.589104 	59.405388 	
35.000000 	28.844410 	30.265491 	44.654228 	9.433981 	30.000000 	25.238859 	999.000000 	23.769728 	16.124516 	19.416489 	72.835434 	22.203604 	32.572994 	37.696156 	18.439089 	20.099751 	70.434364 	47.539455 	20.615528 	24.331051 	23.769728 	39.623226 	35.000000 	60.835846 	36.000000 	32.249031 	25.632011 	31.622776 	25.238859 	50.009998 	24.839485 	94.794518 	25.019993 	24.166092 	27.459061 	29.732138 	84.053551 	37.656342 	33.837849 	35.735138 	31.622776 	28.000000 	40.607880 	30.594116 	38.832977 	50.039986 	83.006027 	53.235325 	51.009804 	96.674713 	36.769554 	
34.058773 	40.853397 	27.658634 	28.160255 	17.029387 	9.219544 	5.099020 	23.769728 	999.000000 	9.219544 	5.830952 	51.613953 	6.000000 	9.055386 	13.928389 	41.048752 	11.180340 	48.104053 	23.769728 	14.142136 	13.152946 	15.033297 	17.117243 	15.811388 	37.121422 	16.643316 	16.401220 	45.276924 	53.150730 	23.021729 	27.018513 	25.179358 	73.109505 	39.962482 	33.241539 	45.000000 	48.918301 	61.073727 	21.931713 	22.360680 	23.323807 	50.447994 	43.046486 	24.083189 	48.010414 	60.141499 	28.861740 	59.640591 	31.257000 	30.083218 	74.249580 	56.080299 	
36.674240 	38.832977 	30.463093 	36.138622 	12.529964 	17.888544 	13.000000 	16.124516 	9.219544 	999.000000 	3.605551 	60.802959 	6.082763 	17.000000 	22.472204 	32.249031 	5.656854 	57.314919 	32.249031 	8.062258 	10.000000 	10.630146 	23.537205 	19.104973 	45.793011 	20.099751 	17.088007 	36.069378 	44.045429 	16.763054 	33.955853 	18.248287 	82.328613 	30.886890 	24.738634 	35.805027 	39.698868 	70.178345 	22.847319 	20.615528 	22.203604 	41.231056 	34.000000 	25.632011 	38.832977 	50.990196 	34.000000 	68.600288 	37.121422 	35.014282 	83.438599 	46.861500 	
36.359318 	40.311287 	30.016663 	33.541019 	14.560220 	14.866069 	10.198039 	19.416489 	5.830952 	3.605551 	999.000000 	57.428215 	3.162278 	13.416408 	18.867962 	35.846897 	6.082763 	53.814495 	28.653097 	9.055386 	9.433981 	10.770329 	20.223749 	16.492422 	42.190044 	17.464249 	15.264338 	39.597980 	47.634022 	18.110771 	30.594116 	20.000000 	78.873314 	34.132095 	27.513634 	39.204590 	43.185646 	66.603302 	21.095022 	19.849434 	21.213203 	44.687805 	37.215588 	23.706539 	42.201897 	54.561890 	31.064449 	65.000000 	34.014702 	32.140316 	79.906197 	50.328918 	
54.405884 	73.164200 	52.392746 	30.413813 	63.702435 	43.278172 	48.270073 	72.835434 	51.613953 	60.802959 	57.428215 	999.000000 	56.603886 	46.065170 	40.718548 	91.219513 	61.911228 	7.615773 	33.955853 	64.498062 	61.717098 	63.953106 	45.880280 	53.758720 	25.179358 	53.450912 	58.523499 	96.674713 	104.062485 	72.013885 	41.109608 	74.686012 	22.022715 	91.525955 	84.219948 	96.607452 	100.424103 	17.262676 	59.908264 	65.145988 	64.560051 	102.004898 	94.578011 	59.228371 	99.624290 	111.198021 	49.040798 	20.615528 	46.010868 	50.009998 	25.079872 	107.615051 	
38.832977 	43.416588 	32.449963 	34.132095 	17.720045 	15.132746 	11.045361 	22.203604 	6.000000 	6.082763 	3.162278 	56.603886 	999.000000 	11.401754 	17.029387 	38.013157 	5.385165 	52.630791 	26.627054 	8.246211 	7.280110 	9.055386 	17.464249 	13.341664 	40.224369 	14.317822 	12.206555 	41.109608 	49.406479 	17.029387 	27.892651 	19.235384 	77.801025 	35.000000 	27.730848 	40.360870 	44.553337 	65.069191 	18.027756 	17.204651 	18.439089 	45.967381 	38.013157 	20.591261 	43.278172 	56.222771 	28.017851 	63.253460 	31.064449 	29.068884 	78.568443 	51.623638 	
39.824615 	49.040798 	33.600594 	27.658634 	26.076809 	10.630146 	10.770329 	32.572994 	9.055386 	17.000000 	13.416408 	46.065170 	11.401754 	999.000000 	5.656854 	49.244289 	16.278820 	41.617306 	15.264338 	18.601076 	15.652476 	17.888544 	8.544003 	10.770329 	28.844410 	11.180340 	14.035668 	52.497620 	60.802959 	26.000000 	18.000000 	28.635643 	66.850578 	46.097721 	38.275318 	51.623638 	55.901699 	53.740116 	18.027756 	21.023796 	21.213203 	57.280014 	49.040798 	19.235384 	54.488529 	67.623962 	20.615528 	51.855568 	22.561028 	21.931713 	67.357254 	62.936478 	
40.816662 	51.971146 	34.885529 	25.079872 	30.594116 	11.704700 	14.000000 	37.696156 	13.928389 	22.472204 	18.867962 	40.718548 	17.029387 	5.656854 	999.000000 	54.708317 	21.931713 	36.055511 	9.848858 	24.207438 	21.095022 	23.323807 	8.062258 	14.000000 	23.323807 	14.035668 	18.248287 	58.137768 	66.400299 	31.304953 	14.560220 	34.000000 	61.294373 	51.739735 	43.829212 	57.280014 	61.554855 	48.083260 	21.095022 	25.179358 	25.019993 	62.936478 	54.671749 	21.587032 	60.141499 	73.246162 	19.209373 	46.227695 	20.124611 	20.615528 	61.717098 	68.593002 	
50.447994 	38.209946 	46.818798 	63.007935 	27.802877 	48.166378 	43.278172 	18.439089 	41.048752 	32.249031 	35.846897 	91.219513 	38.013157 	49.244289 	54.708317 	999.000000 	34.176014 	88.617157 	64.498062 	33.241539 	37.363083 	35.902645 	55.154327 	49.040798 	78.032043 	50.000000 	45.122055 	10.440307 	13.416408 	33.000000 	65.551506 	31.064449 	113.145920 	17.029387 	23.409399 	14.764823 	14.142136 	102.004898 	49.497475 	44.102154 	46.097721 	16.124516 	18.439089 	52.469040 	17.088007 	20.591261 	64.031242 	100.687637 	67.720009 	64.761101 	114.865135 	20.099751 	
42.059483 	44.407207 	35.777088 	39.319206 	18.027756 	20.396078 	16.031219 	20.099751 	11.180340 	5.656854 	6.082763 	61.911228 	5.385165 	16.278820 	21.931713 	34.176014 	999.000000 	57.801384 	31.240999 	3.000000 	4.472136 	5.000000 	21.023796 	15.132746 	44.821869 	16.124516 	12.165525 	36.400551 	44.944408 	12.041595 	31.384710 	14.035668 	83.006027 	29.832869 	22.360680 	35.355339 	39.698868 	70.007141 	17.720045 	15.000000 	16.643316 	41.036568 	32.802441 	20.615528 	38.209946 	51.613953 	30.265491 	68.014702 	33.734257 	31.144823 	83.630135 	46.690472 	
55.731499 	73.763138 	52.886673 	30.805843 	61.611687 	40.459858 	45.343136 	70.434364 	48.104053 	57.314919 	53.814495 	7.615773 	52.630791 	41.617306 	36.055511 	88.617157 	57.801384 	999.000000 	28.231188 	60.216278 	57.140179 	59.363289 	40.311287 	48.332184 	18.000000 	47.927029 	53.225933 	93.380943 	101.138519 	67.230942 	34.525352 	69.971420 	25.238859 	87.618492 	79.881165 	92.956978 	97.000000 	14.560220 	54.083271 	59.615433 	58.872746 	98.493652 	90.603531 	53.160137 	95.900993 	108.189651 	42.296574 	16.031219 	39.051247 	43.185646 	26.248810 	104.139328 	
47.169907 	60.299255 	41.761227 	26.870058 	40.261642 	20.000000 	23.345236 	47.539455 	23.769728 	32.249031 	28.653097 	33.955853 	26.627054 	15.264338 	9.848858 	64.498062 	31.240999 	28.231188 	999.000000 	33.241539 	29.732138 	31.890438 	12.083046 	20.124611 	13.601471 	19.697716 	25.059929 	67.623962 	76.026314 	39.408119 	9.433981 	42.201897 	53.235325 	60.811184 	52.497620 	66.528191 	70.936592 	39.051247 	25.961510 	31.384710 	30.675724 	72.249565 	63.655323 	25.317978 	69.310890 	82.800964 	17.088007 	36.796738 	15.811388 	18.384777 	53.009434 	77.897369 	
44.721359 	46.227695 	38.483765 	42.296574 	19.849434 	23.345236 	19.026299 	20.615528 	14.142136 	8.062258 	9.055386 	64.498062 	8.246211 	18.601076 	24.207438 	33.241539 	3.000000 	60.216278 	33.241539 	999.000000 	4.123106 	3.162278 	22.472204 	15.811388 	46.754681 	16.763054 	12.041595 	34.669872 	43.416588 	9.055386 	32.649654 	11.045361 	85.445892 	27.586229 	19.723083 	33.301651 	37.802116 	72.180328 	17.117243 	13.416408 	15.231546 	39.051247 	30.479502 	20.099751 	36.069378 	49.929951 	30.805843 	70.035706 	34.481880 	31.575306 	85.912750 	44.687805 	
45.793011 	48.826221 	39.446167 	41.012192 	22.472204 	22.000000 	18.248287 	24.331051 	13.152946 	10.000000 	9.433981 	61.717098 	7.280110 	15.652476 	21.095022 	37.363083 	4.472136 	57.140179 	29.732138 	4.123106 	999.000000 	2.236068 	18.601076 	11.704700 	43.139309 	12.649111 	8.000000 	38.587563 	47.413078 	10.440307 	28.653097 	13.000000 	82.377182 	31.144823 	22.803509 	37.013512 	41.617306 	68.767723 	13.341664 	10.630146 	12.206555 	42.801868 	33.941124 	16.278820 	39.698868 	53.851646 	26.683329 	66.468040 	30.364452 	27.459061 	82.619614 	48.414875 	
47.010635 	49.203659 	40.706264 	43.046486 	22.803509 	24.020824 	20.099751 	23.769728 	15.033297 	10.630146 	10.770329 	63.953106 	9.055386 	17.888544 	23.323807 	35.902645 	5.000000 	59.363289 	31.890438 	3.162278 	2.236068 	999.000000 	20.615528 	13.416408 	45.254833 	14.317822 	9.219544 	36.715118 	45.617977 	8.246211 	30.528675 	10.770329 	84.599052 	29.068884 	20.615528 	35.000000 	39.661064 	70.936592 	14.035668 	10.295630 	12.083046 	40.804413 	31.827662 	17.029387 	37.643059 	51.971146 	28.160255 	68.593002 	31.953091 	28.861740 	84.811554 	46.400433 	
48.010414 	57.567352 	41.880783 	33.105892 	34.014702 	18.601076 	19.313208 	39.623226 	17.117243 	23.537205 	20.223749 	45.880280 	17.464249 	8.544003 	8.062258 	55.154327 	21.023796 	40.311287 	12.083046 	22.472204 	18.601076 	20.615528 	999.000000 	8.062258 	24.839485 	7.615773 	13.038404 	57.140179 	65.863495 	27.658634 	10.440307 	30.479502 	65.299309 	49.678970 	41.012192 	55.605755 	60.216278 	50.803543 	14.142136 	19.313208 	18.681541 	61.400326 	52.402290 	14.035668 	58.258045 	72.401657 	12.083046 	48.166378 	14.142136 	13.416408 	64.899925 	67.007462 	
49.497475 	56.364883 	43.139309 	38.327538 	31.048349 	21.095022 	19.798990 	35.000000 	15.811388 	19.104973 	16.492422 	53.758720 	13.341664 	10.770329 	14.000000 	49.040798 	15.132746 	48.332184 	20.124611 	15.811388 	11.704700 	13.416408 	8.062258 	999.000000 	32.802441 	1.000000 	5.000000 	50.119858 	59.033890 	19.798990 	17.204651 	22.627417 	73.355301 	42.201897 	33.301651 	48.259712 	53.000000 	58.821766 	7.280110 	11.401754 	11.045361 	54.083271 	44.821869 	8.602325 	50.803543 	65.368187 	15.132746 	56.080299 	18.681541 	16.031219 	72.945183 	59.640591 	
55.731499 	71.028160 	51.156624 	31.953091 	53.141319 	32.015621 	36.055511 	60.835846 	37.121422 	45.793011 	42.190044 	25.179358 	40.224369 	28.844410 	23.323807 	78.032043 	44.821869 	18.000000 	13.601471 	46.754681 	43.139309 	45.254833 	24.839485 	32.802441 	999.000000 	32.202484 	37.802116 	81.215759 	89.627007 	52.497620 	17.088007 	55.317268 	41.436699 	74.276512 	65.795135 	80.056229 	84.504440 	26.076809 	37.589893 	43.566040 	42.544094 	85.796272 	77.077881 	36.249138 	82.807007 	96.400208 	24.515301 	23.345236 	21.095022 	25.317978 	40.311287 	91.438507 	
50.209560 	57.271286 	43.863426 	38.600517 	32.015621 	21.633308 	20.518284 	36.000000 	16.643316 	20.099751 	17.464249 	53.450912 	14.317822 	11.180340 	14.035668 	50.000000 	16.124516 	47.927029 	19.697716 	16.763054 	12.649111 	14.317822 	7.615773 	1.000000 	32.202484 	999.000000 	5.656854 	51.000000 	59.933296 	20.518284 	16.401220 	23.345236 	72.897186 	43.011627 	34.058773 	49.091751 	53.851646 	58.249462 	7.071068 	11.704700 	11.180340 	54.918121 	45.607018 	8.062258 	51.613953 	66.241982 	14.142136 	55.443665 	17.720045 	15.033297 	72.401657 	60.464867 	
50.447994 	55.569775 	44.045429 	41.593269 	29.546574 	23.409399 	21.095022 	32.249031 	16.401220 	17.088007 	15.264338 	58.523499 	12.206555 	14.035668 	18.248287 	45.122055 	12.165525 	53.225933 	25.059929 	12.041595 	8.000000 	9.219544 	13.038404 	5.000000 	37.802116 	5.656854 	999.000000 	45.617977 	54.625999 	14.866069 	22.022715 	17.691807 	78.294319 	37.443291 	28.425341 	43.566040 	48.373547 	63.820061 	5.830952 	7.000000 	7.280110 	49.396355 	40.000000 	8.544003 	46.043457 	60.827625 	18.973665 	61.073727 	22.847319 	19.646883 	77.935867 	54.918121 	
59.682495 	48.507732 	55.542778 	69.835518 	34.928497 	53.413483 	48.414875 	25.632011 	45.276924 	36.069378 	39.597980 	96.674713 	41.109608 	52.497620 	58.137768 	10.440307 	36.400551 	93.380943 	67.623962 	34.669872 	38.587563 	36.715118 	57.140179 	50.119858 	81.215759 	51.000000 	45.617977 	999.000000 	9.219544 	31.622776 	67.230942 	29.120440 	118.342720 	10.049875 	19.104973 	5.000000 	4.123106 	106.150833 	49.040798 	43.011627 	44.922153 	6.082763 	9.848858 	51.865211 	6.708204 	15.264338 	64.474800 	104.350372 	68.447060 	65.000000 	119.503136 	11.180340 	
63.600315 	50.039986 	60.166435 	76.275818 	41.048752 	60.827625 	55.865910 	31.622776 	53.150730 	44.045429 	47.634022 	104.062485 	49.406479 	60.802959 	66.400299 	13.416408 	44.944408 	101.138519 	76.026314 	43.416588 	47.413078 	45.617977 	65.863495 	59.033890 	89.627007 	59.933296 	54.625999 	9.219544 	999.000000 	40.804413 	76.059189 	38.327538 	125.896782 	19.026299 	28.284271 	13.038404 	8.246211 	114.214706 	58.189346 	52.201534 	54.120235 	8.944272 	18.110771 	61.032780 	12.649111 	7.211102 	73.539108 	112.614388 	77.472572 	74.094536 	127.349915 	8.944272 	
53.310413 	53.037724 	47.169907 	51.156624 	27.202942 	32.140316 	28.000000 	25.238859 	23.021729 	16.763054 	18.110771 	72.013885 	17.029387 	26.000000 	31.304953 	33.000000 	12.041595 	67.230942 	39.408119 	9.055386 	10.440307 	8.246211 	27.658634 	19.798990 	52.497620 	20.518284 	14.866069 	31.622776 	40.804413 	999.000000 	36.878178 	2.828427 	92.439171 	22.825424 	13.601471 	29.068884 	34.014702 	78.409180 	17.464249 	11.401754 	13.341664 	34.885529 	25.238859 	20.248457 	31.384710 	46.615448 	33.120991 	75.822159 	37.215588 	33.541019 	92.417534 	40.311287 	
55.009090 	66.490601 	49.244289 	36.124783 	44.045429 	26.248810 	28.284271 	50.009998 	27.018513 	33.955853 	30.594116 	41.109608 	27.892651 	18.000000 	14.560220 	65.551506 	31.384710 	34.525352 	9.433981 	32.649654 	28.653097 	30.528675 	10.440307 	17.204651 	17.088007 	16.401220 	22.022715 	67.230942 	76.059189 	36.878178 	999.000000 	39.698868 	58.523499 	59.405388 	50.447994 	65.459915 	70.178345 	42.941822 	20.808653 	27.018513 	25.806976 	71.281136 	62.008064 	19.235384 	68.007355 	82.492424 	8.062258 	39.661064 	6.403124 	9.219544 	57.245087 	76.843994 	
54.424259 	53.150730 	48.383881 	53.338543 	27.784887 	34.365681 	30.066593 	24.839485 	25.179358 	18.248287 	20.000000 	74.686012 	19.235384 	28.635643 	34.000000 	31.064449 	14.035668 	69.971420 	42.201897 	11.045361 	13.000000 	10.770329 	30.479502 	22.627417 	55.317268 	23.345236 	17.691807 	29.120440 	38.327538 	2.828427 	39.698868 	999.000000 	95.189285 	20.124611 	10.816654 	26.400757 	31.384710 	81.215759 	20.124611 	13.928389 	15.811388 	32.202484 	22.472204 	22.847319 	28.653097 	44.011364 	35.846897 	78.644768 	39.962482 	36.235340 	95.210297 	37.589893 	
75.239616 	94.371605 	73.824112 	52.153618 	85.702972 	65.069191 	70.035706 	94.794518 	73.109505 	82.328613 	78.873314 	22.022715 	77.801025 	66.850578 	61.294373 	113.145920 	83.006027 	25.238859 	53.235325 	85.445892 	82.377182 	84.599052 	65.299309 	73.355301 	41.436699 	72.897186 	78.294319 	118.342720 	125.896782 	92.439171 	58.523499 	95.189285 	999.000000 	112.800713 	105.118980 	118.067780 	122.024590 	17.000000 	78.790863 	84.528099 	83.671982 	123.555656 	115.801552 	77.620872 	121.037186 	133.003754 	65.802734 	22.090721 	62.096699 	66.483078 	7.211102 	129.189789 	
60.008331 	51.865211 	55.081757 	66.483078 	33.241539 	48.764740 	43.829212 	25.019993 	39.962482 	30.886890 	34.132095 	91.525955 	35.000000 	46.097721 	51.739735 	17.029387 	29.832869 	87.618492 	60.811184 	27.586229 	31.144823 	29.068884 	49.678970 	42.201897 	74.276512 	43.011627 	37.443291 	10.049875 	19.026299 	22.825424 	59.405388 	20.124611 	112.800713 	999.000000 	9.486833 	6.324555 	11.401754 	99.764725 	40.249222 	34.014702 	35.846897 	12.083046 	3.162278 	42.953465 	8.602325 	24.041630 	55.946404 	97.590981 	60.033325 	56.356010 	113.454834 	17.492855 	
57.870544 	52.839378 	52.345009 	60.876926 	30.413813 	42.379242 	37.643059 	24.166092 	33.241539 	24.738634 	27.513634 	84.219948 	27.730848 	38.275318 	43.829212 	23.409399 	22.360680 	79.881165 	52.497620 	19.723083 	22.803509 	20.615528 	41.012192 	33.301651 	65.795135 	34.058773 	28.425341 	19.104973 	28.284271 	13.601471 	50.447994 	10.816654 	105.118980 	9.486833 	999.000000 	15.811388 	20.880613 	91.547798 	30.886890 	24.596748 	26.400757 	21.540659 	11.661903 	33.541019 	17.888544 	33.526108 	46.647614 	89.140335 	50.774010 	47.010635 	105.422958 	26.832815 	
62.201286 	52.172791 	57.706154 	70.682388 	36.400551 	53.535034 	48.548943 	27.459061 	45.000000 	35.805027 	39.204590 	96.607452 	40.360870 	51.623638 	57.280014 	14.764823 	35.355339 	92.956978 	66.528191 	33.301651 	37.013512 	35.000000 	55.605755 	48.259712 	80.056229 	49.091751 	43.566040 	5.000000 	13.038404 	29.068884 	65.459915 	26.400757 	118.067780 	6.324555 	15.811388 	999.000000 	5.099020 	105.361282 	46.518814 	40.311287 	42.154476 	5.830952 	5.099020 	49.244289 	3.162278 	17.720045 	62.177166 	103.324730 	66.241982 	62.609905 	118.928551 	11.401754 	
63.788715 	52.345009 	59.665737 	73.824112 	39.000000 	57.201397 	52.201534 	29.732138 	48.918301 	39.698868 	43.185646 	100.424103 	44.553337 	55.901699 	61.554855 	14.142136 	39.698868 	97.000000 	70.936592 	37.802116 	41.617306 	39.661064 	60.216278 	53.000000 	84.504440 	53.851646 	48.373547 	4.123106 	8.246211 	34.014702 	70.178345 	31.384710 	122.024590 	11.401754 	20.880613 	5.099020 	999.000000 	109.622078 	51.478149 	45.310043 	47.169907 	2.000000 	10.000000 	54.230988 	4.472136 	12.649111 	67.082039 	107.712578 	71.119621 	67.542580 	123.069084 	7.211102 	
70.213959 	88.323273 	67.446274 	45.354160 	75.471848 	54.083271 	58.821766 	84.053551 	61.073727 	70.178345 	66.603302 	17.262676 	65.069191 	53.740116 	48.083260 	102.004898 	70.007141 	14.560220 	39.051247 	72.180328 	68.767723 	70.936592 	50.803543 	58.821766 	26.076809 	58.249462 	63.820061 	106.150833 	114.214706 	78.409180 	42.941822 	81.215759 	17.000000 	99.764725 	91.547798 	105.361282 	109.622078 	999.000000 	63.631752 	69.641945 	68.600288 	111.018013 	102.649887 	62.177166 	108.208130 	121.165176 	49.769470 	5.385165 	45.880280 	50.328918 	14.317822 	116.674759 	
55.973209 	61.400326 	49.578220 	45.607018 	35.341194 	28.178005 	26.400757 	37.656342 	21.931713 	22.847319 	21.095022 	59.908264 	18.027756 	18.027756 	21.095022 	49.497475 	17.720045 	54.083271 	25.961510 	17.117243 	13.341664 	14.035668 	14.142136 	7.280110 	37.589893 	7.071068 	5.830952 	49.040798 	58.189346 	17.464249 	20.808653 	20.124611 	78.790863 	40.249222 	30.886890 	46.518814 	51.478149 	63.631752 	999.000000 	6.403124 	5.000000 	52.325901 	42.544094 	3.000000 	48.764740 	64.078079 	15.811388 	60.464867 	20.000000 	16.124516 	77.897369 	57.706154 	
56.035702 	59.405388 	49.648766 	48.507732 	33.015148 	30.083218 	27.313000 	33.837849 	22.360680 	20.615528 	19.849434 	65.145988 	17.204651 	21.023796 	25.179358 	44.102154 	15.000000 	59.615433 	31.384710 	13.416408 	10.630146 	10.295630 	19.313208 	11.401754 	43.566040 	11.704700 	7.000000 	43.011627 	52.201534 	11.401754 	27.018513 	13.928389 	84.528099 	34.014702 	24.596748 	40.311287 	45.310043 	69.641945 	6.403124 	999.000000 	2.000000 	46.097721 	36.235340 	8.944272 	42.485291 	57.939625 	22.203604 	66.610809 	26.400757 	22.472204 	83.862984 	51.429562 	
57.201397 	61.032780 	50.803543 	48.836460 	34.669872 	30.675724 	28.178005 	35.735138 	23.323807 	22.203604 	21.213203 	64.560051 	18.439089 	21.213203 	25.019993 	46.097721 	16.643316 	58.872746 	30.675724 	15.231546 	12.206555 	12.083046 	18.681541 	11.045361 	42.544094 	11.180340 	7.280110 	44.922153 	54.120235 	13.341664 	25.806976 	15.811388 	83.671982 	35.846897 	26.400757 	42.154476 	47.169907 	68.600288 	5.000000 	2.000000 	999.000000 	47.927029 	38.013157 	7.211102 	44.283180 	59.808025 	20.615528 	65.459915 	24.839485 	20.808653 	82.855293 	53.225933 	
65.764732 	54.332310 	61.611687 	75.591003 	40.853397 	58.821766 	53.823788 	31.622776 	50.447994 	41.231056 	44.687805 	102.004898 	45.967381 	57.280014 	62.936478 	16.124516 	41.036568 	98.493652 	72.249565 	39.051247 	42.801868 	40.804413 	61.400326 	54.083271 	85.796272 	54.918121 	49.396355 	6.082763 	8.944272 	34.885529 	71.281136 	32.202484 	123.555656 	12.083046 	21.540659 	5.830952 	2.000000 	111.018013 	52.325901 	46.097721 	47.927029 	999.000000 	10.198039 	55.036350 	4.000000 	12.165525 	68.000000 	109.041275 	72.069412 	68.425140 	124.523087 	5.656854 	
63.000000 	54.405884 	58.137768 	69.641945 	36.345562 	51.884487 	46.957428 	28.000000 	43.046486 	34.000000 	37.215588 	94.578011 	38.013157 	49.040798 	54.671749 	18.439089 	32.802441 	90.603531 	63.655323 	30.479502 	33.941124 	31.827662 	52.402290 	44.821869 	77.077881 	45.607018 	40.000000 	9.848858 	18.110771 	25.238859 	62.008064 	22.472204 	115.801552 	3.162278 	11.661903 	5.099020 	10.000000 	102.649887 	42.544094 	36.235340 	38.013157 	10.198039 	999.000000 	45.177429 	6.324555 	22.360680 	58.309521 	100.409164 	62.433964 	58.668560 	116.387283 	15.231546 	
58.000000 	64.007812 	51.623638 	46.486557 	38.078865 	29.681644 	28.319605 	40.607880 	24.083189 	25.632011 	23.706539 	59.228371 	20.591261 	19.235384 	21.587032 	52.469040 	20.615528 	53.160137 	25.317978 	20.099751 	16.278820 	17.029387 	14.035668 	8.602325 	36.249138 	8.062258 	8.544003 	51.865211 	61.032780 	20.248457 	19.235384 	22.847319 	77.620872 	42.953465 	33.541019 	49.244289 	54.230988 	62.177166 	3.000000 	8.944272 	7.211102 	55.036350 	45.177429 	999.000000 	51.429562 	66.850578 	13.453624 	58.830265 	17.691807 	13.601471 	76.478752 	60.373837 	
65.276337 	54.918121 	60.827625 	73.824112 	39.560081 	56.603886 	51.623638 	30.594116 	48.010414 	38.832977 	42.201897 	99.624290 	43.278172 	54.488529 	60.141499 	17.088007 	38.209946 	95.900993 	69.310890 	36.069378 	39.698868 	37.643059 	58.258045 	50.803543 	82.807007 	51.613953 	46.043457 	6.708204 	12.649111 	31.384710 	68.007355 	28.653097 	121.037186 	8.602325 	17.888544 	3.162278 	4.472136 	108.208130 	48.764740 	42.485291 	44.283180 	4.000000 	6.324555 	51.429562 	999.000000 	16.124516 	64.498062 	106.103722 	68.600288 	64.884514 	121.827744 	8.944272 	
70.519501 	56.320511 	67.230942 	83.486526 	48.259712 	67.941154 	62.968246 	38.832977 	60.141499 	50.990196 	54.561890 	111.198021 	56.222771 	67.623962 	73.246162 	20.591261 	51.613953 	108.189651 	82.800964 	49.929951 	53.851646 	51.971146 	72.401657 	65.368187 	96.400208 	66.241982 	60.827625 	15.264338 	7.211102 	46.615448 	82.492424 	44.011364 	133.003754 	24.041630 	33.526108 	17.720045 	12.649111 	121.165176 	64.078079 	57.939625 	59.808025 	12.165525 	22.360680 	66.850578 	16.124516 	999.000000 	79.624115 	119.473846 	83.630135 	80.112419 	134.380051 	8.246211 	
59.908264 	69.570107 	53.851646 	43.011627 	45.398239 	30.528675 	31.384710 	50.039986 	28.861740 	34.000000 	31.064449 	49.040798 	28.017851 	20.615528 	19.209373 	64.031242 	30.265491 	42.296574 	17.088007 	30.805843 	26.683329 	28.160255 	12.083046 	15.132746 	24.515301 	14.142136 	18.973665 	64.474800 	73.539108 	33.120991 	8.062258 	35.846897 	65.802734 	55.946404 	46.647614 	62.177166 	67.082039 	49.769470 	15.811388 	22.203604 	20.615528 	68.000000 	58.309521 	13.453624 	64.498062 	79.624115 	999.000000 	46.065170 	4.242640 	1.414214 	64.078079 	73.430237 	
71.449280 	89.050545 	68.249542 	46.389652 	74.706093 	53.235325 	57.801384 	83.006027 	59.640591 	68.600288 	65.000000 	20.615528 	63.253460 	51.855568 	46.227695 	100.687637 	68.014702 	16.031219 	36.796738 	70.035706 	66.468040 	68.593002 	48.166378 	56.080299 	23.345236 	55.443665 	61.073727 	104.350372 	112.614388 	75.822159 	39.661064 	78.644768 	22.090721 	97.590981 	89.140335 	103.324730 	107.712578 	5.385165 	60.464867 	66.610809 	65.459915 	109.041275 	100.409164 	58.830265 	106.103722 	119.473846 	46.065170 	999.000000 	42.047592 	46.518814 	18.439089 	114.690887 	
60.901562 	71.568146 	55.009090 	42.520584 	48.093658 	31.780497 	33.241539 	53.235325 	31.257000 	37.121422 	34.014702 	46.010868 	31.064449 	22.561028 	20.124611 	67.720009 	33.734257 	39.051247 	15.811388 	34.481880 	30.364452 	31.953091 	14.142136 	18.681541 	21.095022 	17.720045 	22.847319 	68.447060 	77.472572 	37.215588 	6.403124 	39.962482 	62.096699 	60.033325 	50.774010 	66.241982 	71.119621 	45.880280 	20.000000 	26.400757 	24.839485 	72.069412 	62.433964 	17.691807 	68.600288 	83.630135 	4.242640 	42.047592 	999.000000 	4.472136 	60.166435 	77.524193 	
61.294373 	70.837845 	55.226807 	44.407207 	46.529560 	31.906113 	32.695564 	51.009804 	30.083218 	35.014282 	32.140316 	50.009998 	29.068884 	21.931713 	20.615528 	64.761101 	31.144823 	43.185646 	18.384777 	31.575306 	27.459061 	28.861740 	13.416408 	16.031219 	25.317978 	15.033297 	19.646883 	65.000000 	74.094536 	33.541019 	9.219544 	36.235340 	66.483078 	56.356010 	47.010635 	62.609905 	67.542580 	50.328918 	16.124516 	22.472204 	20.808653 	68.425140 	58.668560 	13.601471 	64.884514 	80.112419 	1.414214 	46.518814 	4.472136 	999.000000 	64.621979 	73.824112 	
79.378838 	98.234413 	77.472572 	55.461697 	87.800911 	66.708321 	71.589104 	96.674713 	74.249580 	83.438599 	79.906197 	25.079872 	78.568443 	67.357254 	61.717098 	114.865135 	83.630135 	26.248810 	53.009434 	85.912750 	82.619614 	84.811554 	64.899925 	72.945183 	40.311287 	72.401657 	77.935867 	119.503136 	127.349915 	92.417534 	57.245087 	95.210297 	7.211102 	113.454834 	105.422958 	118.928551 	123.069084 	14.317822 	77.897369 	83.862984 	82.855293 	124.523087 	116.387283 	76.478752 	121.827744 	134.380051 	64.078079 	18.439089 	60.166435 	64.621979 	999.000000 	130.176804 	
70.405968 	58.034473 	66.483078 	81.006172 	46.097721 	64.404968 	59.405388 	36.769554 	56.080299 	46.861500 	50.328918 	107.615051 	51.623638 	62.936478 	68.593002 	20.099751 	46.690472 	104.139328 	77.897369 	44.687805 	48.414875 	46.400433 	67.007462 	59.640591 	91.438507 	60.464867 	54.918121 	11.180340 	8.944272 	40.311287 	76.843994 	37.589893 	129.189789 	17.492855 	26.832815 	11.401754 	7.211102 	116.674759 	57.706154 	51.429562 	53.225933 	5.656854 	15.231546 	60.373837 	8.944272 	8.246211 	73.430237 	114.690887 	77.524193 	73.824112 	130.176804 	999.000000 	

Travel time:
9.000000 	0.485412 	0.160078 	0.626997 	0.686477 	0.735272 	0.742462 	0.875000 	0.851469 	0.916856 	0.908983 	1.360147 	0.970824 	0.995615 	1.020416 	1.261200 	1.051487 	1.393287 	1.179248 	1.118034 	1.144825 	1.175266 	1.200260 	1.237437 	1.393287 	1.255239 	1.261200 	1.492062 	1.590008 	1.332760 	1.375227 	1.360606 	1.880990 	1.500208 	1.446764 	1.555032 	1.594718 	1.755349 	1.399330 	1.400892 	1.430035 	1.644118 	1.575000 	1.450000 	1.631908 	1.762987 	1.497707 	1.786232 	1.522539 	1.532359 	1.984471 	1.760149 	
0.485412 	9.000000 	0.522015 	1.075291 	0.660019 	1.011187 	0.958188 	0.721110 	1.021335 	0.970824 	1.007782 	1.829105 	1.085415 	1.226020 	1.299279 	0.955249 	1.110180 	1.844078 	1.507481 	1.155692 	1.220656 	1.230091 	1.439184 	1.409122 	1.775704 	1.431782 	1.389244 	1.212693 	1.251000 	1.325943 	1.662265 	1.328768 	2.359290 	1.296630 	1.320984 	1.304320 	1.308625 	2.208082 	1.535008 	1.485135 	1.525820 	1.358308 	1.360147 	1.600195 	1.372953 	1.408013 	1.739253 	2.226264 	1.789204 	1.770946 	2.455860 	1.450862 	
0.160078 	0.522015 	9.000000 	0.553399 	0.550568 	0.583095 	0.583631 	0.756637 	0.691466 	0.761577 	0.750417 	1.309819 	0.811249 	0.840015 	0.872138 	1.170470 	0.894427 	1.322167 	1.044031 	0.962094 	0.986154 	1.017657 	1.047020 	1.078483 	1.278916 	1.096586 	1.101136 	1.388569 	1.504161 	1.179248 	1.231107 	1.209597 	1.845603 	1.377044 	1.308625 	1.442654 	1.491643 	1.686157 	1.239455 	1.241219 	1.270089 	1.540292 	1.453444 	1.290591 	1.520691 	1.680773 	1.346291 	1.706239 	1.375227 	1.380670 	1.936814 	1.662077 	
0.626997 	1.075291 	0.553399 	9.000000 	0.880696 	0.475657 	0.583631 	1.116356 	0.704006 	0.903466 	0.838525 	0.760345 	0.853302 	0.691466 	0.626997 	1.575198 	0.982980 	0.770146 	0.671751 	1.057414 	1.025305 	1.076162 	0.827647 	0.958188 	0.798827 	0.965013 	1.039832 	1.745888 	1.906895 	1.278916 	0.903120 	1.333464 	1.303840 	1.662077 	1.521923 	1.767060 	1.845603 	1.133854 	1.140175 	1.212693 	1.220912 	1.889775 	1.741049 	1.162164 	1.845603 	2.087163 	1.075291 	1.159741 	1.063015 	1.110180 	1.386542 	2.025154 	
0.686477 	0.660019 	0.550568 	0.880696 	9.000000 	0.536773 	0.427200 	0.235850 	0.425735 	0.313249 	0.364006 	1.592561 	0.443001 	0.651920 	0.764853 	0.695072 	0.450694 	1.540292 	1.006541 	0.496236 	0.561805 	0.570088 	0.850368 	0.776209 	1.328533 	0.800391 	0.738664 	0.873212 	1.026219 	0.680074 	1.101136 	0.694622 	2.142574 	0.831038 	0.760345 	0.910014 	0.975000 	1.886796 	0.883530 	0.825379 	0.866747 	1.021335 	0.908639 	0.951972 	0.989002 	1.206493 	1.134956 	1.867652 	1.202341 	1.163239 	2.195023 	1.152443 	
0.735272 	1.011187 	0.583095 	0.475657 	0.536773 	9.000000 	0.125000 	0.750000 	0.230489 	0.447214 	0.371652 	1.081954 	0.378319 	0.265754 	0.292617 	1.204159 	0.509902 	1.011496 	0.500000 	0.583631 	0.550000 	0.600521 	0.465027 	0.527376 	0.800391 	0.540833 	0.585235 	1.335337 	1.520691 	0.803508 	0.656220 	0.859142 	1.626730 	1.219118 	1.059481 	1.338376 	1.430035 	1.352082 	0.704450 	0.752080 	0.766893 	1.470544 	1.297112 	0.742041 	1.415097 	1.698529 	0.763217 	1.330883 	0.794512 	0.797653 	1.667708 	1.610124 	
0.742462 	0.958188 	0.583631 	0.583631 	0.427200 	0.125000 	9.000000 	0.630971 	0.127475 	0.325000 	0.254951 	1.206752 	0.276134 	0.269258 	0.350000 	1.081954 	0.400780 	1.133578 	0.583631 	0.475657 	0.456207 	0.502494 	0.482830 	0.494975 	0.901388 	0.512957 	0.527376 	1.210372 	1.396648 	0.700000 	0.707107 	0.751665 	1.750893 	1.095730 	0.941076 	1.213724 	1.305038 	1.470544 	0.660019 	0.682825 	0.704450 	1.345595 	1.173936 	0.707990 	1.290591 	1.574206 	0.784618 	1.445035 	0.831038 	0.817389 	1.789728 	1.485135 	
0.875000 	0.721110 	0.756637 	1.116356 	0.235850 	0.750000 	0.630971 	9.000000 	0.594243 	0.403113 	0.485412 	1.820886 	0.555090 	0.814325 	0.942404 	0.460977 	0.502494 	1.760859 	1.188486 	0.515388 	0.608276 	0.594243 	0.990581 	0.875000 	1.520896 	0.900000 	0.806226 	0.640800 	0.790569 	0.630971 	1.250250 	0.620987 	2.369863 	0.625500 	0.604152 	0.686477 	0.743303 	2.101339 	0.941409 	0.845946 	0.893378 	0.790569 	0.700000 	1.015197 	0.764853 	0.970824 	1.251000 	2.075151 	1.330883 	1.275245 	2.416868 	0.919239 	
0.851469 	1.021335 	0.691466 	0.704006 	0.425735 	0.230489 	0.127475 	0.594243 	9.000000 	0.230489 	0.145774 	1.290349 	0.150000 	0.226385 	0.348210 	1.026219 	0.279509 	1.202601 	0.594243 	0.353553 	0.328824 	0.375832 	0.427931 	0.395285 	0.928036 	0.416083 	0.410031 	1.131923 	1.328768 	0.575543 	0.675463 	0.629484 	1.827738 	0.999062 	0.831038 	1.125000 	1.222957 	1.526843 	0.548293 	0.559017 	0.583095 	1.261200 	1.076162 	0.602080 	1.200260 	1.503537 	0.721543 	1.491015 	0.781425 	0.752080 	1.856240 	1.402007 	
0.916856 	0.970824 	0.761577 	0.903466 	0.313249 	0.447214 	0.325000 	0.403113 	0.230489 	9.000000 	0.090139 	1.520074 	0.152069 	0.425000 	0.561805 	0.806226 	0.141421 	1.432873 	0.806226 	0.201556 	0.250000 	0.265754 	0.588430 	0.477624 	1.144825 	0.502494 	0.427200 	0.901734 	1.101136 	0.419076 	0.848896 	0.456207 	2.058215 	0.772172 	0.618466 	0.895126 	0.992472 	1.754459 	0.571183 	0.515388 	0.555090 	1.030776 	0.850000 	0.640800 	0.970824 	1.274755 	0.850000 	1.715007 	0.928036 	0.875357 	2.085965 	1.171538 	
0.908983 	1.007782 	0.750417 	0.838525 	0.364006 	0.371652 	0.254951 	0.485412 	0.145774 	0.090139 	9.000000 	1.435705 	0.079057 	0.335410 	0.471699 	0.896172 	0.152069 	1.345362 	0.716327 	0.226385 	0.235850 	0.269258 	0.505594 	0.412311 	1.054751 	0.436606 	0.381608 	0.989950 	1.190850 	0.452769 	0.764853 	0.500000 	1.971833 	0.853302 	0.687841 	0.980115 	1.079641 	1.665083 	0.527376 	0.496236 	0.530330 	1.117195 	0.930390 	0.592663 	1.055047 	1.364047 	0.776611 	1.625000 	0.850368 	0.803508 	1.997655 	1.258223 	
1.360147 	1.829105 	1.309819 	0.760345 	1.592561 	1.081954 	1.206752 	1.820886 	1.290349 	1.520074 	1.435705 	9.000000 	1.415097 	1.151629 	1.017964 	2.280488 	1.547781 	0.190394 	0.848896 	1.612452 	1.542928 	1.598828 	1.147007 	1.343968 	0.629484 	1.336273 	1.463087 	2.416868 	2.601562 	1.800347 	1.027740 	1.867150 	0.550568 	2.288149 	2.105499 	2.415186 	2.510602 	0.431567 	1.497707 	1.628650 	1.614001 	2.550122 	2.364450 	1.480709 	2.490607 	2.779951 	1.226020 	0.515388 	1.150272 	1.250250 	0.626997 	2.690376 	
0.970824 	1.085415 	0.811249 	0.853302 	0.443001 	0.378319 	0.276134 	0.555090 	0.150000 	0.152069 	0.079057 	1.415097 	9.000000 	0.285044 	0.425735 	0.950329 	0.134629 	1.315770 	0.665676 	0.206155 	0.182003 	0.226385 	0.436606 	0.333542 	1.005609 	0.357946 	0.305164 	1.027740 	1.235162 	0.425735 	0.697316 	0.480885 	1.945026 	0.875000 	0.693271 	1.009022 	1.113833 	1.626730 	0.450694 	0.430116 	0.460977 	1.149184 	0.950329 	0.514782 	1.081954 	1.405569 	0.700446 	1.581336 	0.776611 	0.726722 	1.964211 	1.290591 	
0.995615 	1.226020 	0.840015 	0.691466 	0.651920 	0.265754 	0.269258 	0.814325 	0.226385 	0.425000 	0.335410 	1.151629 	0.285044 	9.000000 	0.141421 	1.231107 	0.406971 	1.040433 	0.381608 	0.465027 	0.391312 	0.447214 	0.213600 	0.269258 	0.721110 	0.279509 	0.350892 	1.312441 	1.520074 	0.650000 	0.450000 	0.715891 	1.671264 	1.152443 	0.956883 	1.290591 	1.397542 	1.343503 	0.450694 	0.525595 	0.530330 	1.432000 	1.226020 	0.480885 	1.362213 	1.690599 	0.515388 	1.296389 	0.564026 	0.548293 	1.683931 	1.573412 	
1.020416 	1.299279 	0.872138 	0.626997 	0.764853 	0.292617 	0.350000 	0.942404 	0.348210 	0.561805 	0.471699 	1.017964 	0.425735 	0.141421 	9.000000 	1.367708 	0.548293 	0.901388 	0.246221 	0.605186 	0.527376 	0.583095 	0.201556 	0.350000 	0.583095 	0.350892 	0.456207 	1.453444 	1.660007 	0.782624 	0.364006 	0.850000 	1.532359 	1.293493 	1.095730 	1.432000 	1.538871 	1.202081 	0.527376 	0.629484 	0.625500 	1.573412 	1.366794 	0.539676 	1.503537 	1.831154 	0.480234 	1.155692 	0.503115 	0.515388 	1.542928 	1.714825 	
1.261200 	0.955249 	1.170470 	1.575198 	0.695072 	1.204159 	1.081954 	0.460977 	1.026219 	0.806226 	0.896172 	2.280488 	0.950329 	1.231107 	1.367708 	9.000000 	0.854400 	2.215429 	1.612452 	0.831038 	0.934077 	0.897566 	1.378858 	1.226020 	1.950801 	1.250000 	1.128051 	0.261008 	0.335410 	0.825000 	1.638788 	0.776611 	2.828648 	0.425735 	0.585235 	0.369121 	0.353553 	2.550122 	1.237437 	1.102554 	1.152443 	0.403113 	0.460977 	1.311726 	0.427200 	0.514782 	1.600781 	2.517191 	1.693000 	1.619027 	2.871628 	0.502494 	
1.051487 	1.110180 	0.894427 	0.982980 	0.450694 	0.509902 	0.400780 	0.502494 	0.279509 	0.141421 	0.152069 	1.547781 	0.134629 	0.406971 	0.548293 	0.854400 	9.000000 	1.445035 	0.781025 	0.075000 	0.111803 	0.125000 	0.525595 	0.378319 	1.120547 	0.403113 	0.304138 	0.910014 	1.123610 	0.301040 	0.784618 	0.350892 	2.075151 	0.745822 	0.559017 	0.883883 	0.992472 	1.750179 	0.443001 	0.375000 	0.416083 	1.025914 	0.820061 	0.515388 	0.955249 	1.290349 	0.756637 	1.700368 	0.843356 	0.778621 	2.090753 	1.167262 	
1.393287 	1.844078 	1.322167 	0.770146 	1.540292 	1.011496 	1.133578 	1.760859 	1.202601 	1.432873 	1.345362 	0.190394 	1.315770 	1.040433 	0.901388 	2.215429 	1.445035 	9.000000 	0.705780 	1.505407 	1.428504 	1.484082 	1.007782 	1.208305 	0.450000 	1.198176 	1.330648 	2.334524 	2.528463 	1.680773 	0.863134 	1.749285 	0.630971 	2.190462 	1.997029 	2.323925 	2.425000 	0.364006 	1.352082 	1.490386 	1.471819 	2.462341 	2.265088 	1.329003 	2.397525 	2.704741 	1.057414 	0.400780 	0.976281 	1.079641 	0.656220 	2.603483 	
1.179248 	1.507481 	1.044031 	0.671751 	1.006541 	0.500000 	0.583631 	1.188486 	0.594243 	0.806226 	0.716327 	0.848896 	0.665676 	0.381608 	0.246221 	1.612452 	0.781025 	0.705780 	9.000000 	0.831038 	0.743303 	0.797261 	0.302076 	0.503115 	0.340037 	0.492443 	0.626498 	1.690599 	1.900658 	0.985203 	0.235850 	1.055047 	1.330883 	1.520280 	1.312441 	1.663205 	1.773415 	0.976281 	0.649038 	0.784618 	0.766893 	1.806239 	1.591383 	0.632949 	1.732772 	2.070024 	0.427200 	0.919918 	0.395285 	0.459619 	1.325236 	1.947434 	
