UB = 915
M = 90

Distance:
999.000000 	45.398239 	37.000000 	75.026665 	75.584389 	101.828285 	79.120163 	149.201202 	80.324341 	66.730804 	50.990196 	39.012817 	113.357841 	74.464760 	112.507774 	68.249542 	75.432091 	77.884529 	79.120163 	37.947330 	51.088158 	130.430054 	27.294687 	75.133217 	28.792360 	111.359779 	67.067131 	60.133186 	39.661064 	121.235306 	87.572830 	52.354561 	76.164299 	78.409180 	82.152298 	82.219215 	80.399002 	76.941536 	81.498466 	80.622574 	77.278717 	68.352028 	81.049370 	92.021736 	81.215759 	73.054771 	99.080772 	91.350975 	92.347168 	100.044991 	98.183502 	99.126183 	102.019608 	107.074738 	82.219215 	99.408249 	102.313248 	104.172935 	104.235313 	107.168091 	100.019997 	97.984695 	107.707939 	
45.398239 	999.000000 	10.000000 	32.649654 	31.906113 	66.887962 	36.400551 	116.284134 	36.891735 	24.083189 	6.403124 	7.810250 	84.504440 	29.966648 	72.835434 	23.086792 	30.870699 	33.541019 	34.885529 	20.124611 	10.816654 	92.849342 	52.630791 	29.832869 	48.104053 	69.814041 	22.203604 	18.027756 	30.463093 	80.280754 	42.190044 	31.016125 	32.893768 	35.846897 	38.600517 	38.897301 	37.696156 	35.846897 	39.000000 	38.483765 	36.891735 	35.510563 	39.824615 	47.675991 	40.311287 	38.418747 	54.037025 	48.083260 	49.040798 	55.731499 	54.341511 	55.108982 	57.558666 	62.032249 	45.967381 	56.044624 	58.694122 	60.207973 	60.415230 	63.150612 	59.033890 	58.309521 	67.082039 	
37.000000 	10.000000 	999.000000 	42.638012 	41.880783 	76.275818 	46.400433 	125.642349 	46.872166 	34.058773 	16.401220 	2.236068 	93.107468 	39.824615 	82.758682 	32.695564 	40.706264 	43.416588 	44.777225 	12.041595 	14.317822 	102.649887 	42.638012 	39.217342 	38.183765 	79.812279 	30.149628 	23.345236 	22.360680 	90.271812 	50.990196 	26.570660 	39.319206 	41.773197 	45.276924 	45.398239 	43.737854 	40.804413 	44.911022 	44.147480 	41.436699 	36.124783 	44.922153 	55.036350 	45.221676 	40.000000 	62.128899 	54.589375 	55.578773 	63.071388 	61.294373 	62.201286 	65.030762 	70.114189 	48.548943 	62.649822 	65.490456 	67.268120 	67.364677 	70.256676 	64.195015 	62.769421 	72.111023 	
75.026665 	32.649654 	42.638012 	999.000000 	4.472136 	37.363083 	4.123106 	85.906929 	6.082763 	8.602325 	26.248810 	40.459858 	58.215118 	8.246211 	40.360870 	14.317822 	8.544003 	7.810250 	7.810250 	51.739735 	35.510563 	60.802959 	85.276024 	14.560220 	80.721741 	37.202152 	24.186773 	32.572994 	61.400326 	47.634022 	24.041630 	57.271286 	32.557640 	35.902645 	34.176014 	35.114101 	36.400551 	39.458839 	37.643059 	38.327538 	41.436699 	51.351727 	41.231056 	36.400551 	42.201897 	51.009804 	37.013512 	40.816662 	41.340054 	42.426407 	43.278172 	43.185646 	43.185646 	43.566040 	53.600372 	46.227695 	47.423622 	47.381432 	48.083260 	49.578220 	54.708317 	56.797886 	61.854668 	
75.584389 	31.906113 	41.880783 	4.472136 	999.000000 	40.792156 	5.385165 	88.769363 	5.000000 	9.055386 	25.553865 	39.661064 	62.072536 	4.000000 	42.201897 	11.180340 	4.123106 	3.605551 	4.123106 	50.209560 	33.421551 	62.968246 	84.403793 	10.198039 	79.649231 	38.209946 	20.615528 	29.546574 	59.548298 	48.795490 	19.849434 	54.589375 	28.284271 	31.575306 	29.732138 	30.675724 	32.015621 	35.227829 	33.241539 	33.955853 	37.215588 	47.675991 	36.878178 	32.015621 	37.854988 	47.095646 	33.015148 	36.359318 	36.891735 	38.209946 	38.948685 	38.897301 	39.051247 	39.824615 	49.365982 	41.868843 	43.139309 	43.185646 	43.863426 	45.453274 	50.249378 	52.325901 	57.428215 	
101.828285 	66.887962 	76.275818 	37.363083 	40.792156 	999.000000 	35.510563 	49.396355 	37.215588 	44.384682 	60.901562 	74.330345 	22.561028 	44.721359 	18.027756 	51.662365 	44.553337 	42.296574 	41.194660 	86.954010 	72.090218 	29.068884 	117.796432 	50.358715 	114.017540 	24.413111 	61.392181 	69.921387 	97.128784 	27.658634 	53.460266 	94.339813 	68.117546 	71.028160 	68.029404 	69.028976 	71.000000 	75.106590 	72.006943 	73.000000 	77.103828 	88.459030 	76.000000 	66.098412 	77.000000 	87.692642 	61.983868 	71.847061 	72.006943 	68.963760 	71.309189 	70.604530 	68.622154 	64.884514 	89.022469 	74.464760 	74.330345 	73.054771 	74.000000 	74.094536 	84.929382 	88.283630 	90.520714 	
79.120163 	36.400551 	46.400433 	4.123106 	5.385165 	35.510563 	999.000000 	83.384651 	2.828427 	12.529964 	30.000000 	44.204071 	57.008770 	9.219544 	37.013512 	16.552946 	9.055386 	7.071068 	6.324555 	55.172459 	38.600517 	57.688820 	89.022469 	15.000000 	84.386017 	33.421551 	25.961510 	34.928497 	64.660652 	43.931767 	22.203604 	59.941639 	33.060551 	36.221542 	33.955853 	34.928497 	36.496574 	40.049969 	37.656342 	38.470768 	42.047592 	52.952808 	41.436699 	34.985710 	42.426407 	52.239830 	34.655445 	39.812057 	40.249222 	40.459858 	41.617306 	41.400482 	41.036568 	40.804413 	54.147945 	44.654228 	45.607018 	45.343136 	46.097721 	47.381432 	53.665630 	56.080299 	60.539242 	
149.201202 	116.284134 	125.642349 	85.906929 	88.769363 	49.396355 	83.384651 	999.000000 	84.504440 	93.477272 	110.276924 	123.713379 	36.891735 	92.477028 	48.836460 	99.924973 	92.114059 	89.537704 	88.255310 	136.341476 	121.198181 	29.000000 	166.817261 	97.406364 	163.217651 	56.320511 	109.201645 	118.308914 	146.485489 	48.010414 	96.881371 	143.178207 	114.017540 	116.417351 	112.587746 	113.564957 	115.952576 	120.784935 	116.709038 	117.902504 	122.723267 	135.665024 	120.830460 	107.912003 	121.807228 	134.201340 	101.242287 	113.991226 	113.863953 	108.166542 	111.287918 	110.222504 	107.074738 	101.004951 	133.958954 	114.214706 	113.070778 	111.018013 	112.017853 	111.004501 	125.255737 	129.468140 	129.003876 	
80.324341 	36.891735 	46.872166 	6.082763 	5.000000 	37.215588 	2.828427 	84.504440 	999.000000 	13.601471 	30.528675 	44.654228 	59.008472 	8.062258 	37.443291 	15.811388 	7.615773 	5.099020 	4.000000 	55.172459 	38.288380 	58.309521 	89.403580 	13.152946 	84.646324 	33.241539 	24.698177 	34.000000 	64.443771 	43.840622 	19.416489 	59.169250 	31.000000 	34.058773 	31.575306 	32.557640 	34.234486 	38.000000 	35.355339 	36.221542 	40.000000 	51.419842 	39.204590 	32.249031 	40.199501 	50.487621 	31.827662 	37.161808 	37.576588 	37.643059 	38.832977 	38.600517 	38.209946 	38.013157 	52.038448 	41.880783 	42.801868 	42.520584 	43.278172 	44.553337 	50.990196 	53.488316 	57.801384 	
66.730804 	24.083189 	34.058773 	8.602325 	9.055386 	44.384682 	12.529964 	93.477272 	13.601471 	999.000000 	17.691807 	31.890438 	64.132675 	9.486833 	48.795490 	9.848858 	10.440307 	12.041595 	13.000000 	43.416588 	27.730848 	69.028976 	76.694199 	14.212670 	72.180328 	45.803928 	19.416489 	26.172504 	53.254108 	56.222771 	26.832815 	49.979996 	29.966648 	33.541019 	33.015148 	33.837849 	34.481880 	36.400551 	35.846897 	36.235340 	38.275318 	46.010868 	38.910152 	37.643059 	39.812057 	46.389652 	40.249222 	41.036568 	41.725292 	44.654228 	44.821869 	45.000000 	45.793011 	47.539455 	50.289165 	47.507893 	49.203659 	49.648766 	50.219517 	52.153618 	54.671749 	56.035702 	62.289646 	
50.990196 	6.403124 	16.401220 	26.248810 	25.553865 	60.901562 	30.000000 	110.276924 	30.528675 	17.691807 	999.000000 	14.212670 	79.056938 	23.769728 	66.468040 	17.262676 	24.698177 	27.313000 	28.635643 	26.076809 	13.038404 	86.556343 	59.033890 	24.186773 	54.488529 	63.411354 	18.384777 	17.204651 	36.235340 	73.878281 	37.000000 	35.227829 	30.016663 	33.286633 	35.341194 	35.777088 	34.985710 	34.058773 	36.359318 	36.055511 	35.383614 	36.769554 	37.802116 	43.680660 	38.418747 	38.948685 	49.365982 	44.777225 	45.694637 	51.662365 	50.596443 	51.244511 	53.366657 	57.314919 	45.607018 	52.554733 	55.027267 	56.320511 	56.612720 	59.203041 	56.603886 	56.400356 	64.660652 	
39.012817 	7.810250 	2.236068 	40.459858 	39.661064 	74.330345 	44.204071 	123.713379 	44.654228 	31.890438 	14.212670 	999.000000 	91.389275 	37.589893 	80.622574 	30.463093 	38.470768 	41.182522 	42.544094 	13.341664 	12.649111 	100.568382 	44.821869 	37.000000 	40.311287 	77.620872 	28.071337 	21.587032 	23.769728 	88.090858 	48.836460 	26.925823 	37.483330 	40.024994 	43.416588 	43.566040 	41.976185 	39.217342 	43.174065 	42.449970 	39.924931 	35.355339 	43.324360 	53.084839 	43.657761 	39.051247 	60.074955 	52.773098 	53.758720 	61.131008 	59.413803 	60.299255 	63.071388 	68.066147 	47.434166 	60.827625 	63.639610 	65.375839 	65.490456 	68.359344 	62.625874 	61.326992 	70.576202 	
113.357841 	84.504440 	93.107468 	58.215118 	62.072536 	22.561028 	57.008770 	36.891735 	59.008472 	64.132675 	79.056938 	91.389275 	999.000000 	66.068146 	35.608986 	72.443085 	66.030296 	64.000000 	63.007935 	104.546638 	91.214035 	32.280025 	132.608444 	72.006943 	129.495178 	43.829212 	82.389320 	90.255196 	114.947815 	42.520584 	75.953934 	113.758514 	90.005554 	93.048378 	90.271812 	91.268837 	93.134308 	97.005157 	94.191292 	95.131485 	99.005051 	109.553642 	98.127472 	88.645363 	99.126183 	109.165016 	84.480766 	94.366310 	94.540993 	91.482239 	93.861603 	93.145050 	91.093361 	87.091904 	111.040535 	97.015465 	96.840073 	95.509163 	96.462425 	96.462425 	107.489532 	110.819672 	113.053085 	
74.464760 	29.966648 	39.824615 	8.246211 	4.000000 	44.721359 	9.219544 	92.477028 	8.062258 	9.486833 	23.769728 	37.589893 	66.068146 	999.000000 	45.486263 	7.810250 	1.000000 	3.605551 	5.000000 	47.507893 	30.413813 	66.370171 	82.097504 	6.324555 	77.201035 	41.036568 	16.763054 	25.942244 	56.586216 	51.662365 	17.492855 	51.107731 	24.331051 	27.658634 	26.000000 	26.925823 	28.160255 	31.257000 	29.410883 	30.083218 	33.241539 	43.737854 	32.984844 	29.000000 	33.955853 	43.104523 	30.886890 	33.015148 	33.600594 	35.608986 	36.069378 	36.124783 	36.619667 	38.078865 	45.398239 	38.897301 	40.360870 	40.607880 	41.231056 	43.011627 	46.872166 	48.764740 	54.203320 	
112.507774 	72.835434 	82.758682 	40.360870 	42.201897 	18.027756 	37.013512 	48.836460 	37.443291 	48.795490 	66.468040 	80.622574 	35.608986 	45.486263 	999.000000 	53.254108 	44.944408 	42.190044 	40.816662 	92.097771 	75.604233 	21.023796 	125.319588 	49.648766 	120.933868 	8.544003 	61.773781 	71.344238 	101.671036 	10.000000 	48.052055 	96.566040 	65.459915 	67.720009 	63.788715 	64.761101 	67.186310 	72.124893 	67.911705 	69.123077 	74.040527 	87.464279 	72.034714 	59.211487 	73.006851 	85.702972 	53.037724 	65.276337 	65.192024 	60.074955 	63.007935 	62.032249 	59.211487 	53.935146 	85.146935 	66.030296 	65.192024 	63.387695 	64.381676 	63.788715 	77.006493 	81.024689 	81.394104 	
68.249542 	23.086792 	32.695564 	14.317822 	11.180340 	51.662365 	16.552946 	99.924973 	15.811388 	9.848858 	17.262676 	30.463093 	72.443085 	7.810250 	53.254108 	999.000000 	8.485281 	11.313708 	12.727922 	39.824615 	22.627417 	74.094536 	74.625732 	7.000000 	69.634758 	48.836460 	10.000000 	18.384777 	48.795490 	59.464275 	20.223749 	43.416588 	20.124611 	23.706539 	23.430750 	24.207438 	24.698177 	26.570660 	26.076809 	26.419689 	28.460499 	37.121422 	29.068884 	29.154760 	29.966648 	37.054016 	33.241539 	31.890438 	32.649654 	36.674240 	36.359318 	36.715118 	38.078865 	41.000000 	40.521599 	38.832977 	40.816662 	41.593269 	42.059483 	44.283180 	45.276924 	46.400433 	53.037724 	
75.432091 	30.870699 	40.706264 	8.544003 	4.123106 	44.553337 	9.055386 	92.114059 	7.615773 	10.440307 	24.698177 	38.470768 	66.030296 	1.000000 	44.944408 	8.485281 	999.000000 	2.828427 	4.242640 	48.270073 	31.112698 	65.863495 	82.927681 	6.082763 	78.006409 	40.360870 	17.088007 	26.419689 	57.280014 	50.990196 	16.643316 	51.623638 	24.186773 	27.459061 	25.632011 	26.570660 	27.892651 	31.144823 	29.120440 	29.832869 	33.136082 	43.931767 	32.756680 	28.319605 	33.734257 	43.185646 	30.016663 	32.449963 	33.015148 	34.828148 	35.355339 	35.383614 	35.805027 	37.161808 	45.276924 	38.209946 	39.623226 	39.824615 	40.459858 	42.201897 	46.324940 	48.301140 	53.600372 	
77.884529 	33.541019 	43.416588 	7.810250 	3.605551 	42.296574 	7.071068 	89.537704 	5.099020 	12.041595 	27.313000 	41.182522 	64.000000 	3.605551 	42.190044 	11.313708 	2.828427 	999.000000 	1.414214 	51.088158 	33.941124 	63.134777 	85.702972 	8.062258 	80.802231 	37.536648 	19.697716 	29.154760 	60.108234 	48.166378 	16.278820 	54.378304 	26.019224 	29.154760 	26.925823 	27.892651 	29.427877 	33.015148 	30.594116 	31.400637 	35.014282 	46.324940 	34.365681 	28.600698 	35.355339 	45.398239 	29.410883 	33.120991 	33.615471 	34.655445 	35.468296 	35.383614 	35.468296 	36.235340 	47.095646 	38.418747 	39.623226 	39.623226 	40.311287 	41.868843 	47.010635 	49.244289 	54.083271 	
79.120163 	34.885529 	44.777225 	7.810250 	4.123106 	41.194660 	6.324555 	88.255310 	4.000000 	13.000000 	28.635643 	42.544094 	63.007935 	5.000000 	40.816662 	12.727922 	4.242640 	1.414214 	999.000000 	52.497620 	35.355339 	61.773781 	87.091904 	9.219544 	82.200974 	36.124783 	21.023796 	30.528675 	61.522354 	46.754681 	16.278820 	55.758408 	27.000000 	30.066593 	27.658634 	28.635643 	30.265491 	34.000000 	31.400637 	32.249031 	36.000000 	47.539455 	35.227829 	28.844410 	36.221542 	46.529560 	29.206163 	33.541019 	34.000000 	34.655445 	35.608986 	35.468296 	35.383614 	35.846897 	48.041649 	38.600517 	39.698868 	39.597980 	40.311287 	41.773197 	47.413078 	49.769470 	54.378304 	
37.947330 	20.124611 	12.041595 	51.739735 	50.209560 	86.954010 	55.172459 	136.341476 	55.172459 	43.416588 	26.076809 	13.341664 	104.546638 	47.507893 	92.097771 	39.824615 	48.270073 	51.088158 	52.497620 	999.000000 	17.492855 	112.445541 	35.341194 	45.486263 	30.016663 	88.413803 	34.438351 	25.298222 	10.440307 	99.005051 	55.542778 	16.401220 	40.607880 	42.190044 	46.529560 	46.389652 	44.181442 	40.000000 	45.099888 	44.045429 	40.049969 	30.463093 	44.011364 	56.885849 	44.045429 	35.114101 	65.000000 	55.145264 	56.142673 	64.629715 	62.289646 	63.387695 	66.753281 	72.780495 	44.271889 	63.071388 	66.121101 	68.264191 	68.183578 	71.253067 	62.514000 	60.207973 	70.035706 	
51.088158 	10.816654 	14.317822 	35.510563 	33.421551 	72.090218 	38.600517 	121.198181 	38.288380 	27.730848 	13.038404 	12.649111 	91.214035 	30.413813 	75.604233 	22.627417 	31.112698 	33.941124 	35.355339 	17.492855 	999.000000 	96.260063 	52.773098 	28.017851 	47.507893 	71.449280 	17.088007 	9.055386 	26.172504 	82.073135 	38.275318 	22.561028 	25.079872 	27.459061 	31.064449 	31.144823 	29.427877 	26.570660 	30.594116 	29.832869 	27.313000 	24.698177 	30.675724 	41.012192 	31.016125 	27.658634 	48.507732 	40.311287 	41.303753 	49.000000 	47.095646 	48.041649 	51.009804 	56.435802 	35.468296 	48.373547 	51.244511 	53.084839 	53.150730 	56.080299 	49.979996 	48.754486 	57.939625 	
130.430054 	92.849342 	102.649887 	60.802959 	62.968246 	29.068884 	57.688820 	29.000000 	58.309521 	69.028976 	86.556343 	100.568382 	32.280025 	66.370171 	21.023796 	74.094536 	65.863495 	63.134777 	61.773781 	112.445541 	96.260063 	999.000000 	144.958618 	70.661163 	140.801285 	27.658634 	82.764725 	92.282173 	122.200653 	19.026299 	68.680420 	117.477661 	86.377083 	88.543777 	84.480766 	85.440041 	87.931793 	92.973114 	88.600227 	89.844307 	94.868332 	108.461975 	92.720009 	79.246452 	93.680305 	106.625511 	72.339478 	85.328773 	85.158676 	79.227524 	82.389320 	81.301903 	78.102493 	72.006943 	105.773346 	85.287750 	84.095184 	82.024384 	83.024094 	82.006096 	96.332756 	100.603180 	100.004997 	
27.294687 	52.630791 	42.638012 	85.276024 	84.403793 	117.796432 	89.022469 	166.817261 	89.403580 	76.694199 	59.033890 	44.821869 	132.608444 	82.097504 	125.319588 	74.625732 	82.927681 	85.702972 	87.091904 	35.341194 	52.773098 	144.958618 	999.000000 	80.622574 	6.000000 	122.441826 	69.778221 	60.539242 	29.427877 	132.909744 	90.873535 	42.047592 	75.286118 	76.400261 	81.043198 	80.777473 	78.339005 	73.545906 	79.075912 	77.878113 	73.164200 	60.074955 	77.278717 	91.482239 	77.103828 	65.069191 	99.929977 	89.050545 	90.027771 	98.954536 	96.317184 	97.514099 	101.138519 	107.563934 	74.006760 	96.690224 	99.824844 	102.181213 	101.980392 	105.118980 	94.260277 	91.049438 	101.044548 	
75.133217 	29.832869 	39.217342 	14.560220 	10.198039 	50.358715 	15.000000 	97.406364 	13.152946 	14.212670 	24.186773 	37.000000 	72.006943 	6.324555 	49.648766 	7.000000 	6.082763 	8.062258 	9.219544 	45.486263 	28.017851 	70.661163 	80.622574 	999.000000 	75.471848 	44.407207 	12.206555 	22.022715 	53.907330 	55.000000 	13.341664 	47.201694 	18.110771 	21.377558 	19.697716 	20.615528 	21.840330 	25.079872 	23.086792 	23.769728 	27.073973 	38.327538 	26.683329 	23.430750 	27.658634 	37.336308 	26.570660 	27.018513 	27.658634 	30.528675 	30.610456 	30.805843 	31.764761 	34.205261 	39.204590 	33.301651 	35.000000 	35.510563 	36.055511 	38.078865 	40.804413 	42.544094 	48.270073 	
28.792360 	48.104053 	38.183765 	80.721741 	79.649231 	114.017540 	84.386017 	163.217651 	84.646324 	72.180328 	54.488529 	40.311287 	129.495178 	77.201035 	120.933868 	69.634758 	78.006409 	80.802231 	82.200974 	30.016663 	47.507893 	140.801285 	6.000000 	75.471848 	999.000000 	117.796432 	64.412735 	55.036350 	23.537205 	128.316010 	85.428329 	36.055511 	69.570107 	70.604530 	75.286118 	75.000000 	72.532753 	67.683083 	73.246162 	72.034714 	67.268120 	54.083271 	71.386276 	85.726311 	71.196907 	59.076221 	94.244362 	83.198555 	84.172440 	93.145050 	90.470993 	91.678787 	95.336250 	101.833199 	68.007355 	90.801979 	93.941475 	96.317184 	96.104111 	99.247169 	88.277969 	85.052925 	95.047356 	
111.359779 	69.814041 	79.812279 	37.202152 	38.209946 	24.413111 	33.421551 	56.320511 	33.241539 	45.803928 	63.411354 	77.620872 	43.829212 	41.036568 	8.544003 	48.836460 	40.360870 	37.536648 	36.124783 	88.413803 	71.449280 	27.658634 	122.441826 	44.407207 	117.796432 	999.000000 	56.612720 	66.400299 	97.621719 	10.630146 	41.109608 	91.607857 	59.093147 	61.098282 	56.920998 	57.870544 	60.406952 	65.551506 	61.032780 	62.297672 	67.416618 	81.394104 	65.145988 	51.623638 	66.098412 	79.309517 	45.011108 	57.706154 	57.558666 	52.000000 	55.036350 	54.009258 	51.039200 	45.541191 	78.160095 	58.008621 	57.035076 	55.145264 	56.142673 	55.443665 	69.028976 	73.171036 	73.171036 	
67.067131 	22.203604 	30.149628 	24.186773 	20.615528 	61.392181 	25.961510 	109.201645 	24.698177 	19.416489 	18.384777 	28.071337 	82.389320 	16.763054 	61.773781 	10.000000 	17.088007 	19.697716 	21.023796 	34.438351 	17.088007 	82.764725 	69.778221 	12.206555 	64.412735 	56.612720 	999.000000 	9.899495 	42.201897 	67.201187 	21.189621 	35.000000 	12.041595 	15.556349 	17.000000 	17.492855 	17.029387 	17.492855 	18.439089 	18.384777 	19.235384 	27.166155 	20.615528 	25.495098 	21.400934 	27.073973 	32.015621 	26.400757 	27.313000 	33.541019 	32.280025 	32.984844 	35.355339 	40.012497 	31.016125 	34.176014 	36.687874 	38.078865 	38.327538 	41.000000 	38.600517 	38.897301 	46.615448 	
60.133186 	18.027756 	23.345236 	32.572994 	29.546574 	69.921387 	34.928497 	118.308914 	34.000000 	26.172504 	17.204651 	21.587032 	90.255196 	25.942244 	71.344238 	18.384777 	26.419689 	29.154760 	30.528675 	25.298222 	9.055386 	92.282173 	60.539242 	22.022715 	55.036350 	66.400299 	9.899495 	999.000000 	32.449963 	77.006493 	30.413813 	25.238859 	16.031219 	18.439089 	22.022715 	22.090721 	20.396078 	17.888544 	21.587032 	20.880613 	18.867962 	20.396078 	21.931713 	32.062439 	22.360680 	21.931713 	39.812057 	31.257000 	32.249031 	40.012497 	38.052597 	39.012817 	42.047592 	47.675991 	28.425341 	39.319206 	42.190044 	44.045429 	44.102154 	47.042534 	41.231056 	40.311287 	49.244289 	
39.661064 	30.463093 	22.360680 	61.400326 	59.548298 	97.128784 	64.660652 	146.485489 	64.443771 	53.254108 	36.235340 	23.769728 	114.947815 	56.586216 	101.671036 	48.795490 	57.280014 	60.108234 	61.522354 	10.440307 	26.172504 	122.200653 	29.427877 	53.907330 	23.537205 	97.621719 	42.201897 	32.449963 	999.000000 	108.245094 	62.769421 	13.341664 	46.238514 	47.127487 	51.865211 	51.546097 	49.040798 	44.147480 	49.729267 	48.507732 	43.737854 	31.064449 	47.853943 	62.297672 	47.675991 	36.055511 	70.936592 	59.665737 	60.638271 	69.641945 	66.940269 	68.154236 	71.840103 	78.434685 	45.177429 	67.268120 	70.405968 	72.780495 	72.567207 	75.709976 	65.030762 	62.032249 	72.027771 	
121.235306 	80.280754 	90.271812 	47.634022 	48.795490 	27.658634 	43.931767 	48.010414 	43.840622 	56.222771 	73.878281 	88.090858 	42.520584 	51.662365 	10.000000 	59.464275 	50.990196 	48.166378 	46.754681 	99.005051 	82.073135 	19.026299 	132.909744 	55.000000 	128.316010 	10.630146 	67.201187 	77.006493 	108.245094 	999.000000 	51.078373 	102.200783 	69.318108 	71.175842 	66.850578 	67.779053 	70.384659 	75.643906 	70.936592 	72.235725 	77.472572 	91.706055 	75.026665 	60.876926 	75.960518 	89.470665 	53.600372 	66.940269 	66.708321 	60.406952 	63.639610 	62.514000 	59.211487 	53.000000 	87.920418 	66.483078 	65.192024 	63.071388 	64.070274 	63.000000 	77.524193 	81.884064 	81.024689 	
87.572830 	42.190044 	50.990196 	24.041630 	19.849434 	53.460266 	22.203604 	96.881371 	19.416489 	26.832815 	37.000000 	48.836460 	75.953934 	17.492855 	48.052055 	20.223749 	16.643316 	16.278820 	16.278820 	55.542778 	38.275318 	68.680420 	90.873535 	13.341664 	85.428329 	41.109608 	21.189621 	30.413813 	62.769421 	51.078373 	999.000000 	53.907330 	18.601076 	20.124611 	15.811388 	16.763054 	19.313208 	24.596748 	19.924858 	21.189621 	26.400757 	41.048752 	24.041630 	13.000000 	25.000000 	38.470768 	13.416408 	18.439089 	18.681541 	18.384777 	19.416489 	19.209373 	19.209373 	20.880613 	37.107952 	22.472204 	23.430750 	23.345236 	24.041630 	25.612497 	31.953091 	34.928497 	38.470768 	
52.354561 	31.016125 	26.570660 	57.271286 	54.589375 	94.339813 	59.941639 	143.178207 	59.169250 	49.979996 	35.227829 	26.925823 	113.758514 	51.107731 	96.566040 	43.416588 	51.623638 	54.378304 	55.758408 	16.401220 	22.561028 	117.477661 	42.047592 	47.201694 	36.055511 	91.607857 	35.000000 	25.238859 	13.341664 	102.200783 	53.907330 	999.000000 	36.055511 	36.235340 	41.182522 	40.706264 	38.013157 	32.695564 	38.483765 	37.161808 	31.953091 	18.027756 	36.055511 	51.429562 	35.735138 	23.021729 	60.415230 	48.104053 	49.040798 	58.309521 	55.362442 	56.648037 	60.539242 	67.542580 	32.015621 	55.362442 	58.523499 	61.032780 	60.728905 	63.890530 	52.239830 	49.010204 	59.008472 	
76.164299 	32.893768 	39.319206 	32.557640 	28.284271 	68.117546 	33.060551 	114.017540 	31.000000 	29.966648 	30.016663 	37.483330 	90.005554 	24.331051 	65.459915 	20.124611 	24.186773 	26.019224 	27.000000 	40.607880 	25.079872 	86.377083 	75.286118 	18.110771 	69.570107 	59.093147 	12.041595 	16.031219 	46.238514 	69.318108 	18.601076 	36.055511 	999.000000 	3.605551 	6.000000 	6.082763 	5.000000 	7.000000 	6.403124 	6.403124 	9.000000 	22.472204 	8.944272 	16.278820 	9.848858 	20.248457 	24.698177 	15.297058 	16.278820 	24.083189 	22.022715 	23.000000 	26.172504 	32.280025 	21.095022 	23.345236 	26.172504 	28.017851 	28.071337 	31.016125 	26.627054 	26.870058 	34.669872 	
78.409180 	35.846897 	41.773197 	35.902645 	31.575306 	71.028160 	36.221542 	116.417351 	34.058773 	33.541019 	33.286633 	40.024994 	93.048378 	27.658634 	67.720009 	23.706539 	27.459061 	29.154760 	30.066593 	42.190044 	27.459061 	88.543777 	76.400261 	21.377558 	70.604530 	61.098282 	15.556349 	18.439089 	47.127487 	71.175842 	20.124611 	36.235340 	3.605551 	999.000000 	5.000000 	4.472136 	2.000000 	4.472136 	3.162278 	2.828427 	6.324555 	21.260292 	5.385165 	15.231546 	6.324555 	18.357559 	24.186773 	13.000000 	14.000000 	22.561028 	20.099751 	21.213203 	24.738634 	31.384710 	18.000000 	21.023796 	24.000000 	26.076809 	26.019224 	29.068884 	23.323807 	23.345236 	31.384710 	
82.152298 	38.600517 	45.276924 	34.176014 	29.732138 	68.029404 	33.955853 	112.587746 	31.575306 	33.015148 	35.341194 	43.416588 	90.271812 	26.000000 	63.788715 	23.430750 	25.632011 	26.925823 	27.658634 	46.529560 	31.064449 	84.480766 	81.043198 	19.697716 	75.286118 	56.920998 	17.000000 	22.022715 	51.865211 	66.850578 	15.811388 	41.182522 	6.000000 	5.000000 	999.000000 	1.000000 	3.605551 	9.219544 	4.123106 	5.385165 	10.816654 	26.172504 	8.246211 	10.440307 	9.219544 	23.021729 	19.235384 	9.486833 	10.440307 	18.110771 	16.031219 	17.000000 	20.223749 	26.570660 	21.377558 	17.464249 	20.223749 	22.022715 	22.090721 	25.019993 	21.931713 	23.021729 	29.832869 	
82.219215 	38.897301 	45.398239 	35.114101 	30.675724 	69.028976 	34.928497 	113.564957 	32.557640 	33.837849 	35.777088 	43.566040 	91.268837 	26.925823 	64.761101 	24.207438 	26.570660 	27.892651 	28.635643 	46.389652 	31.144823 	85.440041 	80.777473 	20.615528 	75.000000 	57.870544 	17.492855 	22.090721 	51.546097 	67.779053 	16.763054 	40.706264 	6.082763 	4.472136 	1.000000 	999.000000 	2.828427 	8.485281 	3.162278 	4.472136 	10.000000 	25.455845 	7.280110 	10.770329 	8.246211 	22.203604 	19.723083 	9.219544 	10.198039 	18.248287 	16.000000 	17.029387 	20.396078 	26.925823 	20.396078 	17.262676 	20.099751 	22.000000 	22.022715 	25.000000 	21.260292 	22.203604 	29.206163 	
80.399002 	37.696156 	43.737854 	36.400551 	32.015621 	71.000000 	36.496574 	115.952576 	34.234486 	34.481880 	34.985710 	41.976185 	93.134308 	28.160255 	67.186310 	24.698177 	27.892651 	29.427877 	30.265491 	44.181442 	29.427877 	87.931793 	78.339005 	21.840330 	72.532753 	60.406952 	17.029387 	20.396078 	49.040798 	70.384659 	19.313208 	38.013157 	5.000000 	2.000000 	3.605551 	2.828427 	999.000000 	5.656854 	1.414214 	2.000000 	7.211102 	22.627417 	5.000000 	13.416408 	6.000000 	19.416489 	22.472204 	11.000000 	12.000000 	20.615528 	18.110771 	19.235384 	22.803509 	29.546574 	18.110771 	19.026299 	22.000000 	24.083189 	24.020824 	27.073973 	21.633308 	21.931713 	29.681644 	
76.941536 	35.846897 	40.804413 	39.458839 	35.227829 	75.106590 	40.049969 	120.784935 	38.000000 	36.400551 	34.058773 	39.217342 	97.005157 	31.257000 	72.124893 	26.570660 	31.144823 	33.015148 	34.000000 	40.000000 	26.570660 	92.973114 	73.545906 	25.079872 	67.683083 	65.551506 	17.492855 	17.888544 	44.147480 	75.643906 	24.596748 	32.695564 	7.000000 	4.472136 	9.219544 	8.485281 	5.656854 	999.000000 	5.830952 	4.472136 	2.000000 	16.970562 	4.123106 	18.867962 	4.472136 	13.892444 	28.017851 	15.524175 	16.492422 	25.632011 	22.803509 	24.041630 	27.856777 	34.885529 	14.142136 	23.194826 	26.305893 	28.635643 	28.442924 	31.575306 	23.409399 	22.472204 	31.384710 	
81.498466 	39.000000 	44.911022 	37.643059 	33.241539 	72.006943 	37.656342 	116.709038 	35.355339 	35.846897 	36.359318 	43.174065 	94.191292 	29.410883 	67.911705 	26.076809 	29.120440 	30.594116 	31.400637 	45.099888 	30.594116 	88.600227 	79.075912 	23.086792 	73.246162 	61.032780 	18.439089 	21.587032 	49.729267 	70.936592 	19.924858 	38.483765 	6.403124 	3.162278 	4.123106 	3.162278 	1.414214 	5.830952 	999.000000 	1.414214 	7.071068 	22.671568 	4.123106 	13.038404 	5.099020 	19.209373 	22.203604 	10.049875 	11.045361 	19.924858 	17.262676 	18.439089 	22.135944 	29.068884 	17.262676 	18.000000 	21.023796 	23.194826 	23.086792 	26.172504 	20.248457 	20.518284 	28.301943 	
80.622574 	38.483765 	44.147480 	38.327538 	33.955853 	73.000000 	38.470768 	117.902504 	36.221542 	36.235340 	36.055511 	42.449970 	95.131485 	30.083218 	69.123077 	26.419689 	29.832869 	31.400637 	32.249031 	44.045429 	29.832869 	89.844307 	77.878113 	23.769728 	72.034714 	62.297672 	18.384777 	20.880613 	48.507732 	72.235725 	21.189621 	37.161808 	6.403124 	2.828427 	5.385165 	4.472136 	2.000000 	4.472136 	1.414214 	999.000000 	5.656854 	21.260292 	3.000000 	14.422205 	4.000000 	17.804493 	23.600847 	11.180340 	12.165525 	21.189621 	18.439089 	19.646883 	23.409399 	30.413813 	16.124516 	19.026299 	22.090721 	24.331051 	24.186773 	27.294687 	20.591261 	20.518284 	28.653097 	
77.278717 	36.891735 	41.436699 	41.436699 	37.215588 	77.103828 	42.047592 	122.723267 	40.000000 	38.275318 	35.383614 	39.924931 	99.005051 	33.241539 	74.040527 	28.460499 	33.136082 	35.014282 	36.000000 	40.049969 	27.313000 	94.868332 	73.164200 	27.073973 	67.268120 	67.416618 	19.235384 	18.867962 	43.737854 	77.472572 	26.400757 	31.953091 	9.000000 	6.324555 	10.816654 	10.000000 	7.211102 	2.000000 	7.071068 	5.656854 	999.000000 	15.620500 	4.123106 	20.000000 	4.000000 	12.206555 	29.206163 	16.155495 	17.088007 	26.400757 	23.409399 	24.698177 	28.635643 	35.846897 	12.165525 	23.537205 	26.683329 	29.120440 	28.861740 	32.015621 	22.803509 	21.470911 	30.675724 	
68.352028 	35.510563 	36.124783 	51.351727 	47.675991 	88.459030 	52.952808 	135.665024 	51.419842 	46.010868 	36.769554 	35.355339 	109.553642 	43.737854 	87.464279 	37.121422 	43.931767 	46.324940 	47.539455 	30.463093 	24.698177 	108.461975 	60.074955 	38.327538 	54.083271 	81.394104 	27.166155 	20.396078 	31.064449 	91.706055 	41.048752 	18.027756 	22.472204 	21.260292 	26.172504 	25.455845 	22.627417 	16.970562 	22.671568 	21.260292 	15.620500 	999.000000 	19.416489 	35.608986 	18.867962 	5.000000 	44.821869 	31.384710 	32.249031 	41.677334 	38.470768 	39.824615 	43.908997 	51.312767 	14.142136 	38.078865 	41.231056 	43.863426 	43.462627 	46.615448 	34.234486 	31.000000 	41.000000 	
81.049370 	39.824615 	44.922153 	41.231056 	36.878178 	76.000000 	41.436699 	120.830460 	39.204590 	38.910152 	37.802116 	43.324360 	98.127472 	32.984844 	72.034714 	29.068884 	32.756680 	34.365681 	35.227829 	44.011364 	30.675724 	92.720009 	77.278717 	26.683329 	71.386276 	65.145988 	20.615528 	21.931713 	47.853943 	75.026665 	24.041630 	36.055511 	8.944272 	5.385165 	8.246211 	7.280110 	5.000000 	4.123106 	4.123106 	3.000000 	4.123106 	19.416489 	999.000000 	16.278820 	1.000000 	15.556349 	25.495098 	12.083046 	13.000000 	22.360680 	19.313208 	20.615528 	24.596748 	31.906113 	13.152946 	19.416489 	22.561028 	25.000000 	24.738634 	27.892651 	19.313208 	18.601076 	27.313000 	
92.021736 	47.675991 	55.036350 	36.400551 	32.015621 	66.098412 	34.985710 	107.912003 	32.249031 	37.643059 	43.680660 	53.084839 	88.645363 	29.000000 	59.211487 	29.154760 	28.319605 	28.600698 	28.844410 	56.885849 	41.012192 	79.246452 	91.482239 	23.430750 	85.726311 	51.623638 	25.495098 	32.062439 	62.297672 	60.876926 	13.000000 	51.429562 	16.278820 	15.231546 	10.440307 	10.770329 	13.416408 	18.867962 	13.038404 	14.422205 	20.000000 	35.608986 	16.278820 	999.000000 	16.970562 	31.827662 	9.219544 	6.082763 	6.000000 	8.062258 	7.211102 	7.615773 	10.000000 	16.155495 	27.784887 	9.899495 	11.661903 	12.649111 	13.000000 	15.524175 	18.973665 	22.203604 	25.553865 	
81.215759 	40.311287 	45.221676 	42.201897 	37.854988 	77.000000 	42.426407 	121.807228 	40.199501 	39.812057 	38.418747 	43.657761 	99.126183 	33.955853 	73.006851 	29.966648 	33.734257 	35.355339 	36.221542 	44.045429 	31.016125 	93.680305 	77.103828 	27.658634 	71.196907 	66.098412 	21.400934 	22.360680 	47.675991 	75.960518 	25.000000 	35.735138 	9.848858 	6.324555 	9.219544 	8.246211 	6.000000 	4.472136 	5.099020 	4.000000 	4.000000 	18.867962 	1.000000 	16.970562 	999.000000 	14.866069 	26.172504 	12.529964 	13.416408 	22.825424 	19.697716 	21.023796 	25.059929 	32.449963 	12.165525 	19.646883 	22.803509 	25.298222 	25.000000 	28.160255 	18.973665 	18.027756 	26.925823 	
73.054771 	38.418747 	40.000000 	51.009804 	47.095646 	87.692642 	52.239830 	134.201340 	50.487621 	46.389652 	38.948685 	39.051247 	109.165016 	43.104523 	85.702972 	37.054016 	43.185646 	45.398239 	46.529560 	35.114101 	27.658634 	106.625511 	65.069191 	37.336308 	59.076221 	79.309517 	27.073973 	21.931713 	36.055511 	89.470665 	38.470768 	23.021729 	20.248457 	18.357559 	23.021729 	22.203604 	19.416489 	13.892444 	19.209373 	17.804493 	12.206555 	5.000000 	15.556349 	31.827662 	14.866069 	999.000000 	41.036568 	27.202942 	28.017851 	37.443291 	34.132095 	35.510563 	39.661064 	47.201694 	9.219544 	33.541019 	36.674240 	39.357338 	38.910152 	42.047592 	29.274563 	26.000000 	36.000000 	
99.080772 	54.037025 	62.128899 	37.013512 	33.015148 	61.983868 	34.655445 	101.242287 	31.827662 	40.249222 	49.365982 	60.074955 	84.480766 	30.886890 	53.037724 	33.241539 	30.016663 	29.410883 	29.206163 	65.000000 	48.507732 	72.339478 	99.929977 	26.570660 	94.244362 	45.011108 	32.015621 	39.812057 	70.936592 	53.600372 	13.416408 	60.415230 	24.698177 	24.186773 	19.235384 	19.723083 	22.472204 	28.017851 	22.203604 	23.600847 	29.206163 	44.821869 	25.495098 	9.219544 	26.172504 	41.036568 	999.000000 	14.422205 	13.892444 	7.071068 	10.049875 	9.000000 	6.708204 	8.000000 	36.619667 	13.000000 	12.369317 	11.180340 	12.083046 	12.806249 	24.020824 	28.284271 	28.635643 	
91.350975 	48.083260 	54.589375 	40.816662 	36.359318 	71.847061 	39.812057 	113.991226 	37.161808 	41.036568 	44.777225 	52.773098 	94.366310 	33.015148 	65.276337 	31.890438 	32.449963 	33.120991 	33.541019 	55.145264 	40.311287 	85.328773 	89.050545 	27.018513 	83.198555 	57.706154 	26.400757 	31.257000 	59.665737 	66.940269 	18.439089 	48.104053 	15.297058 	13.000000 	9.486833 	9.219544 	11.000000 	15.524175 	10.049875 	11.180340 	16.155495 	31.384710 	12.083046 	6.082763 	12.529964 	27.202942 	14.422205 	999.000000 	1.000000 	10.295630 	7.280110 	8.544003 	12.529964 	20.000000 	22.203604 	8.062258 	11.000000 	13.152946 	13.038404 	16.124516 	13.892444 	16.492422 	21.260292 	
92.347168 	49.040798 	55.578773 	41.340054 	36.891735 	72.006943 	40.249222 	113.863953 	37.576588 	41.725292 	45.694637 	53.758720 	94.540993 	33.600594 	65.192024 	32.649654 	33.015148 	33.615471 	34.000000 	56.142673 	41.303753 	85.158676 	90.027771 	27.658634 	84.172440 	57.558666 	27.313000 	32.249031 	60.638271 	66.708321 	18.681541 	49.040798 	16.278820 	14.000000 	10.440307 	10.198039 	12.000000 	16.492422 	11.045361 	12.165525 	17.088007 	32.249031 	13.000000 	6.000000 	13.416408 	28.017851 	13.892444 	1.000000 	999.000000 	9.433981 	6.324555 	7.615773 	11.661903 	19.209373 	22.803509 	7.071068 	10.000000 	12.165525 	12.041595 	15.132746 	13.416408 	16.278820 	20.615528 	
100.044991 	55.731499 	63.071388 	42.426407 	38.209946 	68.963760 	40.459858 	108.166542 	37.643059 	44.654228 	51.662365 	61.131008 	91.482239 	35.608986 	60.074955 	36.674240 	34.828148 	34.655445 	34.655445 	64.629715 	49.000000 	79.227524 	98.954536 	30.528675 	93.145050 	52.000000 	33.541019 	40.012497 	69.641945 	60.406952 	18.384777 	58.309521 	24.083189 	22.561028 	18.110771 	18.248287 	20.615528 	25.632011 	19.924858 	21.189621 	26.400757 	41.677334 	22.360680 	8.062258 	22.825424 	37.443291 	7.071068 	10.295630 	9.433981 	999.000000 	3.605551 	2.236068 	2.236068 	9.899495 	31.827662 	6.082763 	5.385165 	5.000000 	5.656854 	7.615773 	17.117243 	21.587032 	21.587032 	
98.183502 	54.341511 	61.294373 	43.278172 	38.948685 	71.309189 	41.617306 	111.287918 	38.832977 	44.821869 	50.596443 	59.413803 	93.861603 	36.069378 	63.007935 	36.359318 	35.355339 	35.468296 	35.608986 	62.289646 	47.095646 	82.389320 	96.317184 	30.610456 	90.470993 	55.036350 	32.280025 	38.052597 	66.940269 	63.639610 	19.416489 	55.362442 	22.022715 	20.099751 	16.031219 	16.000000 	18.110771 	22.803509 	17.262676 	18.439089 	23.409399 	38.470768 	19.313208 	7.211102 	19.697716 	34.132095 	10.049875 	7.280110 	6.324555 	3.605551 	999.000000 	1.414214 	5.656854 	13.453624 	28.284271 	3.162278 	4.472136 	6.000000 	6.082763 	9.000000 	14.000000 	18.248287 	19.313208 	
99.126183 	55.108982 	62.201286 	43.185646 	38.897301 	70.604530 	41.400482 	110.222504 	38.600517 	45.000000 	51.244511 	60.299255 	93.145050 	36.124783 	62.032249 	36.715118 	35.383614 	35.383614 	35.468296 	63.387695 	48.041649 	81.301903 	97.514099 	30.805843 	91.678787 	54.009258 	32.984844 	39.012817 	68.154236 	62.514000 	19.209373 	56.648037 	23.000000 	21.213203 	17.000000 	17.029387 	19.235384 	24.041630 	18.439089 	19.646883 	24.698177 	39.824615 	20.615528 	7.615773 	21.023796 	35.510563 	9.000000 	8.544003 	7.615773 	2.236068 	1.414214 	999.000000 	4.242640 	12.041595 	29.698484 	4.000000 	4.242640 	5.099020 	5.385165 	8.062258 	15.033297 	19.416489 	19.924858 	
102.019608 	57.558666 	65.030762 	43.185646 	39.051247 	68.622154 	41.036568 	107.074738 	38.209946 	45.793011 	53.366657 	63.071388 	91.093361 	36.619667 	59.211487 	38.078865 	35.805027 	35.468296 	35.383614 	66.753281 	51.009804 	78.102493 	101.138519 	31.764761 	95.336250 	51.039200 	35.355339 	42.047592 	71.840103 	59.211487 	19.209373 	60.539242 	26.172504 	24.738634 	20.223749 	20.396078 	22.803509 	27.856777 	22.135944 	23.409399 	28.635643 	43.908997 	24.596748 	10.000000 	25.059929 	39.661064 	6.708204 	12.529964 	11.661903 	2.236068 	5.656854 	4.242640 	999.000000 	7.810250 	33.941124 	7.615773 	6.000000 	4.472136 	5.385165 	6.403124 	18.439089 	23.086792 	22.203604 	
107.074738 	62.032249 	70.114189 	43.566040 	39.824615 	64.884514 	40.804413 	101.004951 	38.013157 	47.539455 	57.314919 	68.066147 	87.091904 	38.078865 	53.935146 	41.000000 	37.161808 	36.235340 	35.846897 	72.780495 	56.435802 	72.006943 	107.563934 	34.205261 	101.833199 	45.541191 	40.012497 	47.675991 	78.434685 	53.000000 	20.880613 	67.542580 	32.280025 	31.384710 	26.570660 	26.925823 	29.546574 	34.885529 	29.068884 	30.413813 	35.846897 	51.312767 	31.906113 	16.155495 	32.449963 	47.201694 	8.000000 	20.000000 	19.209373 	9.899495 	13.453624 	12.041595 	7.810250 	999.000000 	41.725292 	15.264338 	13.000000 	10.440307 	11.401754 	10.000000 	25.632011 	30.463093 	28.071337 	
82.219215 	45.967381 	48.548943 	53.600372 	49.365982 	89.022469 	54.147945 	133.958954 	52.038448 	50.289165 	45.607018 	47.434166 	111.040535 	45.398239 	85.146935 	40.521599 	45.276924 	47.095646 	48.041649 	44.271889 	35.468296 	105.773346 	74.006760 	39.204590 	68.007355 	78.160095 	31.016125 	28.425341 	45.177429 	87.920418 	37.107952 	32.015621 	21.095022 	18.000000 	21.377558 	20.396078 	18.110771 	14.142136 	17.262676 	16.124516 	12.165525 	14.142136 	13.152946 	27.784887 	12.165525 	9.219544 	36.619667 	22.203604 	22.803509 	31.827662 	28.284271 	29.698484 	33.941124 	41.725292 	999.000000 	27.018513 	30.000000 	32.802441 	32.202484 	35.227829 	20.880613 	17.117243 	27.073973 	
99.408249 	56.044624 	62.649822 	46.227695 	41.868843 	74.464760 	44.654228 	114.214706 	41.880783 	47.507893 	52.554733 	60.827625 	97.015465 	38.897301 	66.030296 	38.832977 	38.209946 	38.418747 	38.600517 	63.071388 	48.373547 	85.287750 	96.690224 	33.301651 	90.801979 	58.008621 	34.176014 	39.319206 	67.268120 	66.483078 	22.472204 	55.362442 	23.345236 	21.023796 	17.464249 	17.262676 	19.026299 	23.194826 	18.000000 	19.026299 	23.537205 	38.078865 	19.416489 	9.899495 	19.646883 	33.541019 	13.000000 	8.062258 	7.071068 	6.082763 	3.162278 	4.000000 	7.615773 	15.264338 	27.018513 	999.000000 	3.162278 	5.830952 	5.385165 	8.544003 	11.045361 	15.524175 	16.155495 	
102.313248 	58.694122 	65.490456 	47.423622 	43.139309 	74.330345 	45.607018 	113.070778 	42.801868 	49.203659 	55.027267 	63.639610 	96.840073 	40.360870 	65.192024 	40.816662 	39.623226 	39.623226 	39.698868 	66.121101 	51.244511 	84.095184 	99.824844 	35.000000 	93.941475 	57.035076 	36.687874 	42.190044 	70.405968 	65.192024 	23.430750 	58.523499 	26.172504 	24.000000 	20.223749 	20.099751 	22.000000 	26.305893 	21.023796 	22.090721 	26.683329 	41.231056 	22.561028 	11.661903 	22.803509 	36.674240 	12.369317 	11.000000 	10.000000 	5.385165 	4.472136 	4.242640 	6.000000 	13.000000 	30.000000 	3.162278 	999.000000 	2.828427 	2.236068 	5.385165 	12.649111 	17.464249 	16.278820 	
