Total assets = 790
Number of asset nodes = 40

Distance:
999.000000 	16.401220 	43.011627 	58.249462 	7.071068 	11.704700 	11.180340 	8.062258 	55.443665 	17.720045 	15.033297 	60.464867 	37.536648 	12.369317 	73.783470 	19.235384 	53.037724 	64.070274 	19.235384 	14.560220 	68.410522 	21.377558 	47.634022 	63.031738 	50.209560 	64.202805 	52.497620 	79.881165 	75.802376 	51.662365 	52.630791 	23.021729 	26.172504 	18.973665 	53.758720 	62.369865 	53.413483 	59.464275 	42.059483 	59.413803 	22.203604 	34.481880 	23.194826 	58.694122 	50.606323 	29.427877 	36.687874 	59.413803 	33.734257 	32.388271 	45.276924 	63.126858 	
16.401220 	999.000000 	59.405388 	42.941822 	20.808653 	27.018513 	25.806976 	19.235384 	39.661064 	6.403124 	9.219544 	76.843994 	53.740116 	24.166092 	58.591808 	9.219544 	36.878178 	80.448738 	33.120991 	25.632011 	52.697250 	35.355339 	31.240999 	47.010635 	66.483078 	80.603973 	36.124783 	64.498062 	60.207973 	67.882248 	36.235340 	35.846897 	14.764823 	28.861740 	70.007141 	78.746429 	37.013512 	43.139309 	26.000000 	75.742989 	33.526108 	20.000000 	34.481880 	74.966660 	66.603302 	42.953465 	22.022715 	75.663727 	20.223749 	19.646883 	60.802959 	46.754681 	
43.011627 	59.405388 	999.000000 	99.764725 	40.249222 	34.014702 	35.846897 	42.953465 	97.590981 	60.033325 	56.356010 	17.492855 	10.440307 	40.162170 	114.865135 	60.827625 	95.671310 	21.095022 	32.557640 	40.521599 	110.317726 	31.257000 	90.603531 	105.418213 	11.000000 	21.260292 	95.425362 	121.165176 	117.456375 	13.000000 	95.603348 	34.058773 	67.119293 	41.593269 	14.142136 	20.000000 	96.400208 	102.303467 	84.905830 	17.888544 	38.118237 	76.478752 	38.052597 	18.027756 	15.524175 	30.265491 	78.714676 	18.973665 	75.153175 	73.409805 	18.439089 	106.042442 	
58.249462 	42.941822 	99.764725 	999.000000 	63.631752 	69.641945 	68.600288 	62.177166 	5.385165 	45.880280 	50.328918 	116.674759 	95.603348 	67.082039 	15.652476 	47.127487 	10.770329 	120.216469 	76.059189 	68.447060 	10.816654 	78.294319 	18.439089 	9.055386 	108.074051 	120.933868 	15.652476 	21.633308 	17.691807 	109.635757 	17.000000 	78.721024 	45.541191 	71.309189 	111.664673 	119.670380 	17.492855 	13.601471 	28.284271 	117.034180 	76.157730 	38.000000 	77.077881 	116.516090 	108.811768 	85.866173 	37.054016 	117.290237 	41.000000 	43.011627 	103.464973 	16.552946 	
7.071068 	20.808653 	40.249222 	63.631752 	999.000000 	6.403124 	5.000000 	3.000000 	60.464867 	20.000000 	16.124516 	57.706154 	33.421551 	5.385165 	79.259071 	20.591261 	57.628117 	61.294373 	12.649111 	7.615773 	73.498299 	14.866069 	51.623638 	67.801178 	46.227695 	61.057350 	56.586216 	85.234970 	80.993828 	47.507893 	56.568542 	16.124516 	26.925823 	12.083046 	49.678970 	58.821766 	57.280014 	63.702435 	45.000000 	55.605755 	15.132746 	36.235340 	16.124516 	54.671749 	45.967381 	22.803509 	38.470768 	55.317268 	34.928497 	33.241539 	40.000000 	67.178864 	
11.704700 	27.018513 	34.014702 	69.641945 	6.403124 	999.000000 	2.000000 	8.944272 	66.610809 	26.400757 	22.472204 	51.429562 	27.018513 	7.071068 	85.234970 	26.925823 	63.890530 	55.009090 	8.062258 	8.544003 	79.630394 	10.000000 	57.982758 	74.027023 	39.824615 	54.708317 	62.936478 	91.268837 	87.091904 	41.109608 	62.936478 	12.369317 	33.105892 	12.206555 	43.278172 	52.430908 	63.655323 	70.035706 	51.400391 	49.203659 	13.038404 	42.544094 	13.892444 	48.270073 	39.623226 	18.027756 	44.777225 	48.918301 	41.146080 	39.395432 	33.837849 	73.539108 	
11.180340 	25.806976 	35.846897 	68.600288 	5.000000 	2.000000 	999.000000 	7.211102 	65.459915 	24.839485 	20.808653 	53.225933 	28.600698 	5.099020 	84.219948 	25.238859 	62.625874 	56.797886 	8.062258 	6.708204 	78.492035 	10.198039 	56.586216 	72.801102 	41.400482 	56.435802 	61.554855 	90.210861 	85.982559 	42.638012 	61.522354 	12.041595 	31.304953 	10.630146 	44.821869 	54.083271 	62.225395 	68.680420 	49.819675 	50.803543 	12.083046 	40.816662 	13.000000 	49.819675 	41.012192 	18.248287 	43.046486 	50.447994 	39.357338 	37.576588 	35.000000 	72.138756 	
8.062258 	19.235384 	42.953465 	62.177166 	3.000000 	8.944272 	7.211102 	999.000000 	58.830265 	17.691807 	13.601471 	60.373837 	35.805027 	5.099020 	77.826729 	18.027756 	55.803226 	63.953106 	13.892444 	7.000000 	71.867935 	16.124516 	49.578220 	66.030296 	48.600410 	63.631752 	54.561890 	83.725746 	79.404030 	49.819675 	54.488529 	16.763054 	24.166092 	11.180340 	52.009613 	61.294373 	55.172459 	61.717098 	42.638012 	58.008621 	15.033297 	33.615471 	16.031219 	57.008770 	48.104053 	23.769728 	35.846897 	57.628117 	32.202484 	30.463093 	41.868843 	65.115280 	
55.443665 	39.661064 	97.590981 	5.385165 	60.464867 	66.610809 	65.459915 	58.830265 	999.000000 	42.047592 	46.518814 	114.690887 	92.956978 	63.631752 	19.646883 	43.081318 	5.385165 	118.258194 	72.718636 	64.884514 	13.038404 	74.946648 	13.152946 	8.062258 	105.550934 	118.827606 	10.295630 	25.079872 	20.591261 	107.056061 	11.661903 	75.179787 	41.000000 	67.542580 	109.123779 	117.388245 	12.206555 	9.486833 	23.086792 	114.629837 	72.449982 	33.060551 	73.348480 	114.021927 	106.042442 	82.365044 	32.000000 	114.769333 	36.055511 	38.118237 	100.439034 	13.152946 	
17.720045 	6.403124 	60.033325 	45.880280 	20.000000 	26.400757 	24.839485 	17.691807 	42.047592 	999.000000 	4.472136 	77.524193 	53.413483 	22.022715 	61.465439 	2.828427 	38.587563 	81.123360 	31.240999 	23.021729 	55.009090 	33.421551 	32.015621 	48.877399 	66.219330 	80.993828 	37.013512 	67.119293 	62.609905 	67.475922 	36.878178 	33.286633 	9.219544 	25.495098 	69.656296 	78.816238 	37.536648 	44.204071 	25.000000 	75.604233 	30.413813 	16.763054 	31.304953 	74.652527 	65.795135 	40.496914 	18.973665 	75.286118 	16.124516 	15.000000 	59.464275 	47.507893 	
15.033297 	9.219544 	56.356010 	50.328918 	16.124516 	22.472204 	20.808653 	13.601471 	46.518814 	4.472136 	999.000000 	73.824112 	49.406479 	17.691807 	65.924202 	4.472136 	43.046486 	77.414467 	26.907248 	18.601076 	59.481091 	29.068884 	36.400551 	53.338543 	62.201286 	77.175125 	41.400482 	71.589104 	67.082039 	63.411354 	41.231056 	28.844410 	11.180340 	21.023796 	65.604881 	74.886581 	41.868843 	48.600410 	29.068884 	71.610054 	25.942244 	20.124611 	26.832815 	70.604530 	61.619801 	36.055511 	22.360680 	71.217972 	18.973665 	17.464249 	55.172459 	51.855568 	
60.464867 	76.843994 	17.492855 	116.674759 	57.706154 	51.429562 	53.225933 	60.373837 	114.690887 	77.524193 	73.824112 	999.000000 	25.709921 	57.384666 	131.590271 	78.294319 	112.929184 	3.605551 	49.335587 	57.584721 	127.310646 	47.801674 	108.004631 	122.576508 	15.132746 	5.099020 	112.800713 	137.931137 	134.350296 	15.524175 	113.004425 	50.219517 	84.528099 	58.240879 	13.928389 	7.615773 	113.811249 	119.632774 	102.396286 	9.899495 	54.341511 	93.941475 	54.129475 	12.041595 	19.924858 	45.276924 	96.176918 	12.727922 	92.574295 	90.801979 	27.459061 	123.405838 	
37.536648 	53.740116 	10.440307 	95.603348 	33.421551 	27.018513 	28.600698 	35.805027 	92.956978 	53.413483 	49.406479 	25.709921 	999.000000 	32.249031 	111.018013 	53.823788 	90.553848 	29.120440 	23.769728 	32.202484 	105.891457 	22.135944 	84.899940 	100.568382 	12.806249 	28.231188 	89.827614 	117.200684 	113.229858 	14.142136 	89.872131 	24.515301 	59.682495 	32.572994 	16.278820 	25.553865 	90.609047 	96.876213 	78.409180 	22.203604 	28.635643 	69.339745 	28.442924 	21.260292 	13.416408 	20.024984 	71.561165 	21.931713 	67.742157 	65.863495 	11.180340 	100.448990 	
12.369317 	24.166092 	40.162170 	67.082039 	5.385165 	7.071068 	5.099020 	5.099020 	63.631752 	22.022715 	17.691807 	57.384666 	32.249031 	999.000000 	82.734512 	21.931713 	60.464867 	60.926186 	9.219544 	2.236068 	76.661591 	11.401754 	54.037025 	70.724815 	44.944408 	60.373837 	59.033890 	88.588936 	84.219948 	46.043457 	58.898216 	11.704700 	27.459061 	6.708204 	48.259712 	57.801384 	59.548298 	66.219330 	46.690472 	54.378304 	10.000000 	37.202152 	11.000000 	53.254108 	44.045429 	18.788294 	39.408119 	53.823788 	35.510563 	33.615471 	37.483330 	69.526970 	
73.783470 	58.591808 	114.865135 	15.652476 	79.259071 	85.234970 	84.219948 	77.826729 	19.646883 	61.465439 	65.924202 	131.590271 	111.018013 	82.734512 	999.000000 	62.625874 	24.186773 	135.103668 	91.706055 	84.095184 	8.246211 	93.941475 	32.140316 	15.132746 	123.405838 	135.948517 	28.000000 	6.403124 	5.099020 	125.000000 	29.017237 	94.371605 	60.638271 	86.925255 	127.003937 	134.825821 	29.068884 	22.360680 	42.107006 	132.279999 	91.787796 	52.469040 	92.703827 	131.821854 	124.277916 	101.518471 	51.244511 	132.612213 	55.443665 	57.558666 	119.037811 	22.472204 	
19.235384 	9.219544 	60.827625 	47.127487 	20.591261 	26.925823 	25.238859 	18.027756 	43.081318 	2.828427 	4.472136 	78.294319 	53.823788 	21.931713 	62.625874 	999.000000 	39.357338 	81.884064 	31.112698 	22.671568 	55.946404 	33.241539 	32.449963 	49.648766 	66.610809 	81.633324 	37.443291 	68.154236 	63.560993 	67.801178 	37.202152 	32.802441 	7.000000 	24.698177 	70.000000 	79.322128 	37.802116 	44.654228 	24.758837 	76.026314 	29.681644 	15.652476 	30.528675 	75.000000 	65.946945 	40.000000 	17.888544 	75.604233 	14.560220 	13.152946 	59.396969 	47.801674 	
53.037724 	36.878178 	95.671310 	10.770329 	57.628117 	63.890530 	62.625874 	55.803226 	5.385165 	38.587563 	43.046486 	112.929184 	90.553848 	60.464867 	24.186773 	39.357338 	999.000000 	116.516090 	69.634758 	61.587337 	16.763054 	71.847061 	8.000000 	10.295630 	103.247276 	116.931602 	5.000000 	29.120440 	24.351591 	104.690018 	6.403124 	71.867935 	36.687874 	64.007812 	106.794197 	115.312622 	7.071068 	7.280110 	18.000000 	112.432205 	68.963760 	28.284271 	69.835518 	111.731819 	103.479469 	79.075912 	27.073973 	112.449989 	31.257000 	33.376640 	97.616600 	11.401754 	
64.070274 	80.448738 	21.095022 	120.216469 	61.294373 	55.009090 	56.797886 	63.953106 	118.258194 	81.123360 	77.414467 	3.605551 	29.120440 	60.926186 	135.103668 	81.884064 	116.516090 	999.000000 	52.810986 	61.098282 	130.862518 	51.244511 	111.606453 	126.150703 	18.000000 	3.605551 	116.400169 	141.449631 	137.887634 	18.110771 	116.606178 	53.600372 	88.102211 	61.684681 	16.278820 	7.810250 	117.413795 	123.227432 	106.000000 	11.180340 	57.723480 	97.529480 	57.489128 	13.416408 	22.360680 	48.507732 	99.764725 	13.892444 	96.150925 	94.371605 	30.149628 	127.003937 	
19.235384 	33.120991 	32.557640 	76.059189 	12.649111 	8.062258 	8.062258 	13.892444 	72.718636 	31.240999 	26.907248 	49.335587 	23.769728 	9.219544 	91.706055 	31.112698 	69.634758 	52.810986 	999.000000 	8.602325 	85.755463 	2.236068 	63.253460 	79.881165 	36.235340 	52.000000 	68.249542 	97.616600 	93.295227 	37.215588 	68.117546 	4.472136 	36.400551 	9.055386 	39.446167 	49.193497 	68.767723 	75.432091 	55.865910 	45.650848 	6.708204 	46.227695 	7.211102 	44.418465 	35.000000 	10.198039 	48.414875 	44.944408 	44.407207 	42.438190 	28.284271 	78.746429 	
14.560220 	25.632011 	40.521599 	68.447060 	7.615773 	8.544003 	6.708204 	7.000000 	64.884514 	23.021729 	18.601076 	57.584721 	32.202484 	2.236068 	84.095184 	22.671568 	61.587337 	61.098282 	8.602325 	999.000000 	77.897369 	10.630146 	55.000000 	71.867935 	44.777225 	60.415230 	60.000000 	89.894379 	85.475143 	45.793011 	59.816387 	10.295630 	27.802877 	4.472136 	48.020828 	57.706154 	60.440052 	67.201187 	47.381432 	54.203320 	8.062258 	37.643059 	9.055386 	53.000000 	43.600460 	17.492855 	39.824615 	53.535034 	35.805027 	33.837849 	36.796738 	70.434364 	
68.410522 	52.697250 	110.317726 	10.816654 	73.498299 	79.630394 	78.492035 	71.867935 	13.038404 	55.009090 	59.481091 	127.310646 	105.891457 	76.661591 	8.246211 	55.946404 	16.763054 	130.862518 	85.755463 	77.897369 	999.000000 	87.982956 	24.515301 	7.000000 	118.444077 	131.521866 	20.099751 	12.369317 	7.615773 	119.970833 	21.023796 	88.192970 	53.450912 	80.498444 	122.024590 	130.176804 	21.000000 	14.142136 	34.365681 	127.475487 	85.422478 	44.911022 	86.313385 	126.905479 	119.016808 	95.383438 	43.566040 	127.663620 	47.853943 	50.009998 	113.463654 	14.317822 	
21.377558 	35.355339 	31.257000 	78.294319 	14.866069 	10.000000 	10.198039 	16.124516 	74.946648 	33.421551 	29.068884 	47.801674 	22.135944 	11.401754 	93.941475 	33.241539 	71.847061 	51.244511 	2.236068 	10.630146 	87.982956 	999.000000 	65.436989 	82.097504 	34.438351 	50.328918 	70.434364 	99.849884 	95.524864 	35.355339 	70.292244 	3.605551 	38.418747 	10.440307 	37.589893 	47.423622 	70.936592 	77.620872 	57.982758 	43.829212 	7.071068 	48.270073 	7.280110 	42.544094 	33.015148 	8.062258 	50.447994 	43.046486 	46.400433 	44.407207 	26.172504 	80.919716 	
47.634022 	31.240999 	90.603531 	18.439089 	51.623638 	57.982758 	56.586216 	49.578220 	13.152946 	32.015621 	36.400551 	108.004631 	84.899940 	54.037025 	32.140316 	32.449963 	8.000000 	111.606453 	63.253460 	55.000000 	24.515301 	65.436989 	999.000000 	17.720045 	97.672920 	111.825760 	5.000000 	36.878178 	32.015621 	99.035347 	5.000000 	65.215027 	29.154760 	57.140179 	101.178062 	109.986366 	5.830952 	12.206555 	10.000000 	106.962608 	62.128899 	20.396078 	62.968246 	106.150833 	97.590981 	72.422371 	19.104973 	106.831642 	23.345236 	25.495098 	91.438507 	15.556349 	
63.031738 	47.010635 	105.418213 	9.055386 	67.801178 	74.027023 	72.801102 	66.030296 	8.062258 	48.877399 	53.338543 	122.576508 	100.568382 	70.724815 	15.132746 	49.648766 	10.295630 	126.150703 	79.881165 	71.867935 	7.000000 	82.097504 	17.720045 	999.000000 	113.216606 	126.668861 	13.152946 	19.235384 	14.317822 	114.690887 	14.035668 	82.152298 	46.818798 	74.303429 	116.777565 	125.159897 	14.000000 	7.280110 	27.459061 	122.347862 	79.259071 	38.078865 	80.131142 	121.696342 	113.569359 	89.358826 	36.674240 	122.429573 	41.000000 	43.174065 	107.800743 	8.485281 	
50.209560 	66.483078 	11.000000 	108.074051 	46.227695 	39.824615 	41.400482 	48.600410 	105.550934 	66.219330 	62.201286 	15.132746 	12.806249 	44.944408 	123.405838 	66.610809 	103.247276 	18.000000 	36.235340 	44.777225 	118.444077 	34.438351 	97.672920 	113.216606 	999.000000 	16.278820 	102.591423 	129.630249 	125.733849 	2.000000 	102.649887 	36.400551 	72.401657 	44.777225 	3.605551 	13.000000 	103.392456 	109.622078 	91.214035 	9.433981 	40.496914 	82.097504 	40.162170 	8.485281 	5.656854 	30.805843 	84.314888 	9.219544 	80.454956 	78.549347 	12.369317 	113.216606 	
64.202805 	80.603973 	21.260292 	120.933868 	61.057350 	54.708317 	56.435802 	63.631752 	118.827606 	80.993828 	77.175125 	5.099020 	28.231188 	60.373837 	135.948517 	81.633324 	116.931602 	3.605551 	52.000000 	60.415230 	131.521866 	50.328918 	111.825760 	126.668861 	16.278820 	999.000000 	116.661903 	142.270874 	138.621780 	16.031219 	116.824654 	52.497620 	87.709747 	60.745369 	14.000000 	4.472136 	117.613777 	123.555656 	105.948097 	8.246211 	56.612720 	97.247108 	56.320511 	10.440307 	20.024984 	47.074409 	99.478638 	10.770329 	95.770561 	93.941475 	28.000000 	127.283150 	
52.497620 	36.124783 	95.425362 	15.652476 	56.586216 	62.936478 	61.554855 	54.561890 	10.295630 	37.013512 	41.400482 	112.800713 	89.827614 	59.033890 	28.000000 	37.443291 	5.000000 	116.400169 	68.249542 	60.000000 	20.099751 	70.434364 	5.000000 	13.152946 	102.591423 	116.661903 	999.000000 	32.388271 	27.459061 	103.966339 	1.414214 	70.213959 	34.014702 	62.128899 	106.103722 	114.865135 	2.236068 	7.211102 	14.317822 	111.865990 	67.119293 	25.000000 	67.955872 	111.072052 	102.552429 	77.420929 	23.537205 	111.758667 	27.892651 	30.083218 	96.426140 	10.630146 	
79.881165 	64.498062 	121.165176 	21.633308 	85.234970 	91.268837 	90.210861 	83.725746 	25.079872 	67.119293 	71.589104 	137.931137 	117.200684 	88.588936 	6.403124 	68.154236 	29.120440 	141.449631 	97.616600 	89.894379 	12.369317 	99.849884 	36.878178 	19.235384 	129.630249 	142.270874 	32.388271 	999.000000 	5.000000 	131.209763 	33.241539 	100.184830 	65.802734 	92.612091 	133.225372 	141.113434 	33.136082 	26.019224 	46.690472 	138.538803 	97.508972 	57.271286 	98.412399 	138.057953 	130.430054 	107.354553 	55.901699 	138.841629 	60.207973 	62.369865 	125.095963 	25.179358 	
75.802376 	60.207973 	117.456375 	17.691807 	80.993828 	87.091904 	85.982559 	79.404030 	20.591261 	62.609905 	67.082039 	134.350296 	113.229858 	84.219948 	5.099020 	63.560993 	24.351591 	137.887634 	93.295227 	85.475143 	7.615773 	95.524864 	32.015621 	14.317822 	125.733849 	138.621780 	27.459061 	5.000000 	999.000000 	127.283150 	28.284271 	95.770561 	61.032780 	88.102211 	129.321304 	137.360840 	28.160255 	21.023796 	41.773197 	134.714508 	93.021500 	52.392746 	93.914856 	134.182709 	126.400162 	102.956299 	50.990196 	134.951843 	55.317268 	57.489128 	120.929733 	20.223749 	
51.662365 	67.882248 	13.000000 	109.635757 	47.507893 	41.109608 	42.638012 	49.819675 	107.056061 	67.475922 	63.411354 	15.524175 	14.142136 	46.043457 	125.000000 	67.801178 	104.690018 	18.110771 	37.215588 	45.793011 	119.970833 	35.355339 	99.035347 	114.690887 	2.000000 	16.031219 	103.966339 	131.209763 	127.283150 	999.000000 	104.004807 	37.161808 	73.498299 	45.617977 	2.236068 	12.369317 	104.737770 	111.018013 	92.455391 	8.544003 	41.231056 	83.234612 	40.853397 	7.211102 	4.472136 	31.320919 	85.445892 	7.810250 	81.541397 	79.611557 	12.041595 	114.586212 	
52.630791 	36.235340 	95.603348 	17.000000 	56.568542 	62.936478 	61.522354 	54.488529 	11.661903 	36.878178 	41.231056 	113.004425 	89.872131 	58.898216 	29.017237 	37.202152 	6.403124 	116.606178 	68.117546 	59.816387 	21.023796 	70.292244 	5.000000 	14.035668 	102.649887 	116.824654 	1.414214 	33.241539 	28.284271 	104.004807 	999.000000 	70.000000 	33.541019 	61.854668 	106.150833 	114.978256 	1.000000 	7.615773 	13.601471 	111.946419 	66.850578 	24.351591 	67.675697 	111.126053 	102.532921 	77.201035 	22.803509 	111.803398 	27.202942 	29.410883 	96.332756 	10.630146 	
23.021729 	35.846897 	34.058773 	78.721024 	16.124516 	12.369317 	12.041595 	16.763054 	75.179787 	33.286633 	28.844410 	50.219517 	24.515301 	11.704700 	94.371605 	32.802441 	71.867935 	53.600372 	4.472136 	10.295630 	88.192970 	3.605551 	65.215027 	82.152298 	36.400551 	52.497620 	70.213959 	100.184830 	95.770561 	37.161808 	70.000000 	999.000000 	37.483330 	8.602325 	39.395432 	49.396355 	70.604530 	77.420929 	57.384666 	45.694637 	4.123106 	47.381432 	4.000000 	44.283180 	34.481880 	7.211102 	49.517673 	44.721359 	45.343136 	43.278172 	27.202942 	80.603973 	
26.172504 	14.764823 	67.119293 	45.541191 	26.925823 	33.105892 	31.304953 	24.166092 	41.000000 	9.219544 	11.180340 	84.528099 	59.682495 	27.459061 	60.638271 	7.000000 	36.687874 	88.102211 	36.400551 	27.802877 	53.450912 	38.418747 	29.154760 	46.818798 	72.401657 	87.709747 	34.014702 	65.802734 	61.032780 	73.498299 	33.541019 	37.483330 	999.000000 	29.000000 	75.716576 	85.234970 	34.000000 	41.146080 	20.248457 	81.835197 	33.970577 	9.899495 	34.713108 	80.709358 	71.400284 	44.553337 	12.041595 	81.271149 	8.062258 	6.324555 	64.536812 	43.908997 	
18.973665 	28.861740 	41.593269 	71.309189 	12.083046 	12.206555 	10.630146 	11.180340 	67.542580 	25.495098 	21.023796 	58.240879 	32.572994 	6.708204 	86.925255 	24.698177 	64.007812 	61.684681 	9.055386 	4.472136 	80.498444 	10.440307 	57.140179 	74.303429 	44.777225 	60.745369 	62.128899 	92.612091 	88.102211 	45.617977 	61.854668 	8.602325 	29.000000 	999.000000 	47.853943 	57.775429 	62.425957 	69.339745 	49.040798 	54.129475 	5.000000 	38.897301 	5.830952 	52.773098 	43.046486 	15.556349 	41.012192 	53.235325 	36.796738 	34.713108 	35.805027 	72.422371 	
53.758720 	70.007141 	14.142136 	111.664673 	49.678970 	43.278172 	44.821869 	52.009613 	109.123779 	69.656296 	65.604881 	13.928389 	16.278820 	48.259712 	127.003937 	70.000000 	106.794197 	16.278820 	39.446167 	48.020828 	122.024590 	37.589893 	101.178062 	116.777565 	3.605551 	14.000000 	106.103722 	133.225372 	129.321304 	2.236068 	106.150833 	39.395432 	75.716576 	47.853943 	999.000000 	10.198039 	106.887794 	113.145920 	94.641426 	6.324555 	43.462627 	85.445892 	43.081318 	5.000000 	6.082763 	33.526108 	87.658424 	5.656854 	83.761566 	81.835197 	14.000000 	116.726173 	
62.369865 	78.746429 	20.000000 	119.670380 	58.821766 	52.430908 	54.083271 	61.294373 	117.388245 	78.816238 	74.886581 	7.615773 	25.553865 	57.801384 	134.825821 	79.322128 	115.312622 	7.810250 	49.193497 	57.706154 	130.176804 	47.423622 	109.986366 	125.159897 	13.000000 	4.472136 	114.865135 	141.113434 	137.360840 	12.369317 	114.978256 	49.396355 	85.234970 	57.775429 	10.198039 	999.000000 	115.745407 	121.827744 	103.812332 	4.000000 	53.488316 	94.873604 	53.141319 	6.082763 	16.031219 	43.680660 	97.097885 	6.324555 	93.295227 	91.416626 	24.083189 	125.495018 	
53.413483 	37.013512 	96.400208 	17.492855 	57.280014 	63.655323 	62.225395 	55.172459 	12.206555 	37.536648 	41.868843 	113.811249 	90.609047 	59.548298 	29.068884 	37.802116 	7.071068 	117.413795 	68.767723 	60.440052 	21.000000 	70.936592 	5.830952 	14.000000 	103.392456 	117.613777 	2.236068 	33.136082 	28.160255 	104.737770 	1.000000 	70.604530 	34.000000 	62.425957 	106.887794 	115.745407 	999.000000 	7.280110 	13.928389 	112.698715 	67.424034 	24.698177 	68.242218 	111.865990 	103.237587 	77.801025 	23.086792 	112.538879 	27.513634 	29.732138 	97.000000 	10.000000 	
59.464275 	43.139309 	102.303467 	13.601471 	63.702435 	70.035706 	68.680420 	61.717098 	9.486833 	44.204071 	48.600410 	119.632774 	96.876213 	66.219330 	22.360680 	44.654228 	7.280110 	123.227432 	75.432091 	67.201187 	14.142136 	77.620872 	12.206555 	7.280110 	109.622078 	123.555656 	7.211102 	26.019224 	21.023796 	111.018013 	7.615773 	77.420929 	41.146080 	69.339745 	113.145920 	121.827744 	7.280110 	999.000000 	21.189621 	118.869675 	74.330345 	31.953091 	75.166481 	118.105888 	109.658562 	84.628601 	30.364452 	118.802361 	34.785053 	37.000000 	103.585716 	4.123106 	
42.059483 	26.000000 	84.905830 	28.284271 	45.000000 	51.400391 	49.819675 	42.638012 	23.086792 	25.000000 	29.068884 	102.396286 	78.409180 	46.690472 	42.107006 	24.758837 	18.000000 	106.000000 	55.865910 	47.381432 	34.365681 	57.982758 	10.000000 	27.459061 	91.214035 	105.948097 	14.317822 	46.690472 	41.773197 	92.455391 	13.601471 	57.384666 	20.248457 	49.040798 	94.641426 	103.812332 	13.928389 	21.189621 	999.000000 	100.603180 	54.037025 	10.770329 	54.817879 	99.639351 	90.686272 	64.536812 	9.219544 	100.264648 	13.601471 	15.811388 	84.148682 	23.706539 	
59.413803 	75.742989 	17.888544 	117.034180 	55.605755 	49.203659 	50.803543 	58.008621 	114.629837 	75.604233 	71.610054 	9.899495 	22.203604 	54.378304 	132.279999 	76.026314 	112.432205 	11.180340 	45.650848 	54.203320 	127.475487 	43.829212 	106.962608 	122.347862 	9.433981 	8.246211 	111.865990 	138.538803 	134.714508 	8.544003 	111.946419 	45.694637 	81.835197 	54.129475 	6.324555 	4.000000 	112.698715 	118.869675 	100.603180 	999.000000 	49.769470 	91.525955 	49.396355 	2.236068 	12.041595 	39.849716 	93.744331 	2.828427 	89.888817 	87.982956 	20.099751 	122.494896 	
22.203604 	33.526108 	38.118237 	76.157730 	15.132746 	13.038404 	12.083046 	15.033297 	72.449982 	30.413813 	25.942244 	54.341511 	28.635643 	10.000000 	91.787796 	29.681644 	68.963760 	57.723480 	6.708204 	8.062258 	85.422478 	7.071068 	62.128899 	79.259071 	40.496914 	56.612720 	67.119293 	97.508972 	93.021500 	41.231056 	66.850578 	4.123106 	33.970577 	5.000000 	43.462627 	53.488316 	67.424034 	74.330345 	54.037025 	49.769470 	999.000000 	43.863426 	1.000000 	48.332184 	38.470768 	10.630146 	45.967381 	48.754486 	41.725292 	39.623226 	31.064449 	77.420929 	
34.481880 	20.000000 	76.478752 	38.000000 	36.235340 	42.544094 	40.816662 	33.615471 	33.060551 	16.763054 	20.124611 	93.941475 	69.339745 	37.202152 	52.469040 	15.652476 	28.284271 	97.529480 	46.227695 	37.643059 	44.911022 	48.270073 	20.396078 	38.078865 	82.097504 	97.247108 	25.000000 	57.271286 	52.392746 	83.234612 	24.351591 	47.381432 	9.899495 	38.897301 	85.445892 	94.873604 	24.698177 	31.953091 	10.770329 	91.525955 	43.863426 	999.000000 	44.598206 	90.443352 	81.215759 	54.451813 	2.236068 	91.021973 	3.000000 	5.099020 	74.411018 	34.438351 	
23.194826 	34.481880 	38.052597 	77.077881 	16.124516 	13.892444 	13.000000 	16.031219 	73.348480 	31.304953 	26.832815 	54.129475 	28.442924 	11.000000 	92.703827 	30.528675 	69.835518 	57.489128 	7.211102 	9.055386 	86.313385 	7.280110 	62.968246 	80.131142 	40.162170 	56.320511 	67.955872 	98.412399 	93.914856 	40.853397 	67.675697 	4.000000 	34.713108 	5.830952 	43.081318 	53.141319 	68.242218 	75.166481 	54.817879 	49.396355 	1.000000 	44.598206 	999.000000 	47.927029 	38.013157 	10.000000 	46.690472 	48.332184 	42.426407 	40.311287 	30.528675 	78.236816 	
58.694122 	74.966660 	18.027756 	116.516090 	54.671749 	48.270073 	49.819675 	57.008770 	114.021927 	74.652527 	70.604530 	12.041595 	21.260292 	53.254108 	131.821854 	75.000000 	111.731819 	13.416408 	44.418465 	53.000000 	126.905479 	42.544094 	106.150833 	121.696342 	8.485281 	10.440307 	111.072052 	138.057953 	134.182709 	7.211102 	111.126053 	44.283180 	80.709358 	52.773098 	5.000000 	6.082763 	111.865990 	118.105888 	99.639351 	2.236068 	48.332184 	90.443352 	47.927029 	999.000000 	10.198039 	38.275318 	92.655273 	1.000000 	88.752464 	86.821655 	18.248287 	121.696342 	
50.606323 	66.603302 	15.524175 	108.811768 	45.967381 	39.623226 	41.012192 	48.104053 	106.042442 	65.795135 	61.619801 	19.924858 	13.416408 	44.045429 	124.277916 	65.946945 	103.479469 	22.360680 	35.000000 	43.600460 	119.016808 	33.015148 	97.590981 	113.569359 	5.656854 	20.024984 	102.552429 	130.430054 	126.400162 	4.472136 	102.532921 	34.481880 	71.400284 	43.046486 	6.082763 	16.031219 	103.237587 	109.658562 	90.686272 	12.041595 	38.470768 	81.215759 	38.013157 	10.198039 	999.000000 	28.231188 	83.408630 	10.440307 	79.404030 	77.420929 	8.062258 	113.145920 	
29.427877 	42.953465 	30.265491 	85.866173 	22.803509 	18.027756 	18.248287 	23.769728 	82.365044 	40.496914 	36.055511 	45.276924 	20.024984 	18.788294 	101.518471 	40.000000 	79.075912 	48.507732 	10.198039 	17.492855 	95.383438 	8.062258 	72.422371 	89.358826 	30.805843 	47.074409 	77.420929 	107.354553 	102.956299 	31.320919 	77.201035 	7.211102 	44.553337 	15.556349 	33.526108 	43.680660 	77.801025 	84.628601 	64.536812 	39.849716 	10.630146 	54.451813 	10.000000 	38.275318 	28.231188 	999.000000 	56.568542 	38.626415 	52.345009 	50.249378 	20.591261 	87.800911 	
36.687874 	22.022715 	78.714676 	37.054016 	38.470768 	44.777225 	43.046486 	35.846897 	32.000000 	18.973665 	22.360680 	96.176918 	71.561165 	39.408119 	51.244511 	17.888544 	27.073973 	99.764725 	48.414875 	39.824615 	43.566040 	50.447994 	19.104973 	36.674240 	84.314888 	99.478638 	23.537205 	55.901699 	50.990196 	85.445892 	22.803509 	49.517673 	12.041595 	41.012192 	87.658424 	97.097885 	23.086792 	30.364452 	9.219544 	93.744331 	45.967381 	2.236068 	46.690472 	92.655273 	83.408630 	56.568542 	999.000000 	93.230896 	4.472136 	6.708204 	76.576759 	32.695564 	
59.413803 	75.663727 	18.973665 	117.290237 	55.317268 	48.918301 	50.447994 	57.628117 	114.769333 	75.286118 	71.217972 	12.727922 	21.931713 	53.823788 	132.612213 	75.604233 	112.449989 	13.892444 	44.944408 	53.535034 	127.663620 	43.046486 	106.831642 	122.429573 	9.219544 	10.770329 	111.758667 	138.841629 	134.951843 	7.810250 	111.803398 	44.721359 	81.271149 	53.235325 	5.656854 	6.324555 	112.538879 	118.802361 	100.264648 	2.828427 	48.754486 	91.021973 	48.332184 	1.000000 	10.440307 	38.626415 	93.230896 	999.000000 	89.308456 	87.367043 	18.439089 	122.380554 	
33.734257 	20.223749 	75.153175 	41.000000 	34.928497 	41.146080 	39.357338 	32.202484 	36.055511 	16.124516 	18.973665 	92.574295 	67.742157 	35.510563 	55.443665 	14.560220 	31.257000 	96.150925 	44.407207 	35.805027 	47.853943 	46.400433 	23.345236 	41.000000 	80.454956 	95.770561 	27.892651 	60.207973 	55.317268 	81.541397 	27.202942 	45.343136 	8.062258 	36.796738 	83.761566 	93.295227 	27.513634 	34.785053 	13.601471 	89.888817 	41.725292 	3.000000 	42.426407 	88.752464 	79.404030 	52.345009 	4.472136 	89.308456 	999.000000 	2.236068 	72.470680 	37.161808 	
32.388271 	19.646883 	73.409805 	43.011627 	33.241539 	39.395432 	37.576588 	30.463093 	38.118237 	15.000000 	17.464249 	90.801979 	65.863495 	33.615471 	57.558666 	13.152946 	33.376640 	94.371605 	42.438190 	33.837849 	50.009998 	44.407207 	25.495098 	43.174065 	78.549347 	93.941475 	30.083218 	62.369865 	57.489128 	79.611557 	29.410883 	43.278172 	6.324555 	34.713108 	81.835197 	91.416626 	29.732138 	37.000000 	15.811388 	87.982956 	39.623226 	5.099020 	40.311287 	86.821655 	77.420929 	50.249378 	6.708204 	87.367043 	2.236068 	999.000000 	70.434364 	39.395432 	
45.276924 	60.802959 	18.439089 	103.464973 	40.000000 	33.837849 	35.000000 	41.868843 	100.439034 	59.464275 	55.172459 	27.459061 	11.180340 	37.483330 	119.037811 	59.396969 	97.616600 	30.149628 	28.284271 	36.796738 	113.463654 	26.172504 	91.438507 	107.800743 	12.369317 	28.000000 	96.426140 	125.095963 	120.929733 	12.041595 	96.332756 	27.202942 	64.536812 	35.805027 	14.000000 	24.083189 	97.000000 	103.585716 	84.148682 	20.099751 	31.064449 	74.411018 	30.528675 	18.248287 	8.062258 	20.591261 	76.576759 	18.439089 	72.470680 	70.434364 	999.000000 	106.962608 	
63.126858 	46.754681 	106.042442 	16.552946 	67.178864 	73.539108 	72.138756 	65.115280 	13.152946 	47.507893 	51.855568 	123.405838 	100.448990 	69.526970 	22.472204 	47.801674 	11.401754 	127.003937 	78.746429 	70.434364 	14.317822 	80.919716 	15.556349 	8.485281 	113.216606 	127.283150 	10.630146 	25.179358 	20.223749 	114.586212 	10.630146 	80.603973 	43.908997 	72.422371 	116.726173 	125.495018 	10.000000 	4.123106 	23.706539 	122.494896 	77.420929 	34.438351 	78.236816 	121.696342 	113.145920 	87.800911 	32.695564 	122.380554 	37.161808 	39.395432 	106.962608 	999.000000 	

Travel time:
9.000000 	0.410031 	1.075291 	1.456237 	0.176777 	0.292617 	0.279509 	0.201556 	1.386092 	0.443001 	0.375832 	1.511622 	0.938416 	0.309233 	1.844587 	0.480885 	1.325943 	1.601757 	0.480885 	0.364006 	1.710263 	0.534439 	1.190850 	1.575794 	1.255239 	1.605070 	1.312441 	1.997029 	1.895059 	1.291559 	1.315770 	0.575543 	0.654313 	0.474342 	1.343968 	1.559247 	1.335337 	1.486607 	1.051487 	1.485345 	0.555090 	0.862047 	0.579871 	1.467353 	1.265158 	0.735697 	0.917197 	1.485345 	0.843356 	0.809707 	1.131923 	1.578171 	
0.410031 	9.000000 	1.485135 	1.073546 	0.520216 	0.675463 	0.645174 	0.480885 	0.991527 	0.160078 	0.230489 	1.921100 	1.343503 	0.604152 	1.464795 	0.230489 	0.921954 	2.011219 	0.828025 	0.640800 	1.317431 	0.883883 	0.781025 	1.175266 	1.662077 	2.015099 	0.903120 	1.612452 	1.505199 	1.697056 	0.905883 	0.896172 	0.369121 	0.721543 	1.750179 	1.968661 	0.925338 	1.078483 	0.650000 	1.893575 	0.838153 	0.500000 	0.862047 	1.874166 	1.665083 	1.073837 	0.550568 	1.891593 	0.505594 	0.491172 	1.520074 	1.168867 	
1.075291 	1.485135 	9.000000 	2.494118 	1.006231 	0.850368 	0.896172 	1.073837 	2.439775 	1.500833 	1.408900 	0.437321 	0.261008 	1.004054 	2.871628 	1.520691 	2.391783 	0.527376 	0.813941 	1.013040 	2.757943 	0.781425 	2.265088 	2.635455 	0.275000 	0.531507 	2.385634 	3.029130 	2.936409 	0.325000 	2.390084 	0.851469 	1.677982 	1.039832 	0.353553 	0.500000 	2.410005 	2.557587 	2.122646 	0.447214 	0.952956 	1.911969 	0.951315 	0.450694 	0.388104 	0.756637 	1.967867 	0.474342 	1.878829 	1.835245 	0.460977 	2.651061 	
1.456237 	1.073546 	2.494118 	9.000000 	1.590794 	1.741049 	1.715007 	1.554429 	0.134629 	1.147007 	1.258223 	2.916869 	2.390084 	1.677051 	0.391312 	1.178187 	0.269258 	3.005412 	1.901480 	1.711177 	0.270416 	1.957358 	0.460977 	0.226385 	2.701851 	3.023347 	0.391312 	0.540833 	0.442295 	2.740894 	0.425000 	1.968026 	1.138530 	1.782730 	2.791617 	2.991760 	0.437321 	0.340037 	0.707107 	2.925854 	1.903943 	0.950000 	1.926947 	2.912902 	2.720294 	2.146654 	0.926350 	2.932256 	1.025000 	1.075291 	2.586624 	0.413824 	
0.176777 	0.520216 	1.006231 	1.590794 	9.000000 	0.160078 	0.125000 	0.075000 	1.511622 	0.500000 	0.403113 	1.442654 	0.835539 	0.134629 	1.981477 	0.514782 	1.440703 	1.532359 	0.316228 	0.190394 	1.837457 	0.371652 	1.290591 	1.695029 	1.155692 	1.526434 	1.414655 	2.130874 	2.024846 	1.187697 	1.414214 	0.403113 	0.673146 	0.302076 	1.241974 	1.470544 	1.432000 	1.592561 	1.125000 	1.390144 	0.378319 	0.905883 	0.403113 	1.366794 	1.149184 	0.570088 	0.961769 	1.382932 	0.873212 	0.831038 	1.000000 	1.679472 	
0.292617 	0.675463 	0.850368 	1.741049 	0.160078 	9.000000 	0.050000 	0.223607 	1.665270 	0.660019 	0.561805 	1.285739 	0.675463 	0.176777 	2.130874 	0.673146 	1.597263 	1.375227 	0.201556 	0.213600 	1.990760 	0.250000 	1.449569 	1.850676 	0.995615 	1.367708 	1.573412 	2.281721 	2.177298 	1.027740 	1.573412 	0.309233 	0.827647 	0.305164 	1.081954 	1.310773 	1.591383 	1.750893 	1.285010 	1.230091 	0.325960 	1.063602 	0.347311 	1.206752 	0.990581 	0.450694 	1.119431 	1.222957 	1.028652 	0.984886 	0.845946 	1.838478 	
0.279509 	0.645174 	0.896172 	1.715007 	0.125000 	0.050000 	9.000000 	0.180278 	1.636498 	0.620987 	0.520216 	1.330648 	0.715017 	0.127475 	2.105499 	0.630971 	1.565647 	1.419947 	0.201556 	0.167705 	1.962301 	0.254951 	1.414655 	1.820028 	1.035012 	1.410895 	1.538871 	2.255271 	2.149564 	1.065950 	1.538059 	0.301040 	0.782624 	0.265754 	1.120547 	1.352082 	1.555635 	1.717010 	1.245492 	1.270089 	0.302076 	1.020416 	0.325000 	1.245492 	1.025305 	0.456207 	1.076162 	1.261200 	0.983933 	0.939415 	0.875000 	1.803469 	
0.201556 	0.480885 	1.073837 	1.554429 	0.075000 	0.223607 	0.180278 	9.000000 	1.470757 	0.442295 	0.340037 	1.509346 	0.895126 	0.127475 	1.945668 	0.450694 	1.395081 	1.598828 	0.347311 	0.175000 	1.796698 	0.403113 	1.239455 	1.650757 	1.215010 	1.590794 	1.364047 	2.093144 	1.985101 	1.245492 	1.362213 	0.419076 	0.604152 	0.279509 	1.300240 	1.532359 	1.379311 	1.542928 	1.065950 	1.450216 	0.375832 	0.840387 	0.400780 	1.425219 	1.202601 	0.594243 	0.896172 	1.440703 	0.805062 	0.761577 	1.046721 	1.627882 	
1.386092 	0.991527 	2.439775 	0.134629 	1.511622 	1.665270 	1.636498 	1.470757 	9.000000 	1.051190 	1.162970 	2.867272 	2.323925 	1.590794 	0.491172 	1.077033 	0.134629 	2.956455 	1.817966 	1.622113 	0.325960 	1.873666 	0.328824 	0.201556 	2.638773 	2.970690 	0.257391 	0.626997 	0.514782 	2.676402 	0.291548 	1.879495 	1.025000 	1.688565 	2.728095 	2.934706 	0.305164 	0.237171 	0.577170 	2.865746 	1.811249 	0.826514 	1.833712 	2.850548 	2.651061 	2.059126 	0.800000 	2.869233 	0.901388 	0.952956 	2.510976 	0.328824 	
0.443001 	0.160078 	1.500833 	1.147007 	0.500000 	0.660019 	0.620987 	0.442295 	1.051190 	9.000000 	0.111803 	1.938105 	1.335337 	0.550568 	1.536636 	0.070711 	0.964689 	2.028084 	0.781025 	0.575543 	1.375227 	0.835539 	0.800391 	1.221935 	1.655483 	2.024846 	0.925338 	1.677982 	1.565248 	1.686898 	0.921954 	0.832166 	0.230489 	0.637377 	1.741407 	1.970406 	0.938416 	1.105102 	0.625000 	1.890106 	0.760345 	0.419076 	0.782624 	1.866313 	1.644878 	1.012423 	0.474342 	1.882153 	0.403113 	0.375000 	1.486607 	1.187697 	
0.375832 	0.230489 	1.408900 	1.258223 	0.403113 	0.561805 	0.520216 	0.340037 	1.162970 	0.111803 	9.000000 	1.845603 	1.235162 	0.442295 	1.648105 	0.111803 	1.076162 	1.935362 	0.672681 	0.465027 	1.487027 	0.726722 	0.910014 	1.333464 	1.555032 	1.929378 	1.035012 	1.789728 	1.677051 	1.585284 	1.030776 	0.721110 	0.279509 	0.525595 	1.640122 	1.872164 	1.046721 	1.215010 	0.726722 	1.790251 	0.648556 	0.503115 	0.670820 	1.765113 	1.540495 	0.901388 	0.559017 	1.780449 	0.474342 	0.436606 	1.379311 	1.296389 	
1.511622 	1.921100 	0.437321 	2.916869 	1.442654 	1.285739 	1.330648 	1.509346 	2.867272 	1.938105 	1.845603 	9.000000 	0.642748 	1.434617 	3.289757 	1.957358 	2.823230 	0.090139 	1.233390 	1.439618 	3.182766 	1.195042 	2.700116 	3.064413 	0.378319 	0.127475 	2.820018 	3.448278 	3.358757 	0.388104 	2.825111 	1.255488 	2.113203 	1.456022 	0.348210 	0.190394 	2.845281 	2.990819 	2.559907 	0.247487 	1.358538 	2.348537 	1.353237 	0.301040 	0.498121 	1.131923 	2.404423 	0.318198 	2.314357 	2.270050 	0.686477 	3.085146 	
0.938416 	1.343503 	0.261008 	2.390084 	0.835539 	0.675463 	0.715017 	0.895126 	2.323925 	1.335337 	1.235162 	0.642748 	9.000000 	0.806226 	2.775450 	1.345595 	2.263846 	0.728011 	0.594243 	0.805062 	2.647286 	0.553399 	2.122499 	2.514210 	0.320156 	0.705780 	2.245690 	2.930017 	2.830746 	0.353553 	2.246803 	0.612882 	1.492062 	0.814325 	0.406971 	0.638847 	2.265226 	2.421905 	1.960230 	0.555090 	0.715891 	1.733494 	0.711073 	0.531507 	0.335410 	0.500625 	1.789029 	0.548293 	1.693554 	1.646587 	0.279509 	2.511225 	
0.309233 	0.604152 	1.004054 	1.677051 	0.134629 	0.176777 	0.127475 	0.127475 	1.590794 	0.550568 	0.442295 	1.434617 	0.806226 	9.000000 	2.068363 	0.548293 	1.511622 	1.523155 	0.230489 	0.055902 	1.916540 	0.285044 	1.350926 	1.768120 	1.123610 	1.509346 	1.475847 	2.214723 	2.105499 	1.151086 	1.472455 	0.292617 	0.686477 	0.167705 	1.206493 	1.445035 	1.488707 	1.655483 	1.167262 	1.359458 	0.250000 	0.930054 	0.275000 	1.331353 	1.101136 	0.469707 	0.985203 	1.345595 	0.887764 	0.840387 	0.937083 	1.738174 	
1.844587 	1.464795 	2.871628 	0.391312 	1.981477 	2.130874 	2.105499 	1.945668 	0.491172 	1.536636 	1.648105 	3.289757 	2.775450 	2.068363 	9.000000 	1.565647 	0.604669 	3.377592 	2.292651 	2.102380 	0.206155 	2.348537 	0.803508 	0.378319 	3.085146 	3.398713 	0.700000 	0.160078 	0.127475 	3.125000 	0.725431 	2.359290 	1.515957 	2.173131 	3.175098 	3.370646 	0.726722 	0.559017 	1.052675 	3.307000 	2.294695 	1.311726 	2.317596 	3.295546 	3.106948 	2.537962 	1.281113 	3.315305 	1.386092 	1.438967 	2.975945 	0.561805 	
0.480885 	0.230489 	1.520691 	1.178187 	0.514782 	0.673146 	0.630971 	0.450694 	1.077033 	0.070711 	0.111803 	1.957358 	1.345595 	0.548293 	1.565647 	9.000000 	0.983933 	2.047101 	0.777817 	0.566789 	1.398660 	0.831038 	0.811249 	1.241219 	1.665270 	2.040833 	0.936082 	1.703856 	1.589025 	1.695029 	0.930054 	0.820061 	0.175000 	0.617454 	1.750000 	1.983053 	0.945053 	1.116356 	0.618971 	1.900658 	0.742041 	0.391312 	0.763217 	1.875000 	1.648674 	1.000000 	0.447214 	1.890106 	0.364006 	0.328824 	1.484924 	1.195042 	
1.325943 	0.921954 	2.391783 	0.269258 	1.440703 	1.597263 	1.565647 	1.395081 	0.134629 	0.964689 	1.076162 	2.823230 	2.263846 	1.511622 	0.604669 	0.983933 	9.000000 	2.912902 	1.740869 	1.539683 	0.419076 	1.796177 	0.200000 	0.257391 	2.581182 	2.923290 	0.125000 	0.728011 	0.608790 	2.617250 	0.160078 	1.796698 	0.917197 	1.600195 	2.669855 	2.882816 	0.176777 	0.182003 	0.450000 	2.810805 	1.724094 	0.707107 	1.745888 	2.793295 	2.586987 	1.976898 	0.676849 	2.811250 	0.781425 	0.834416 	2.440415 	0.285044 	
1.601757 	2.011219 	0.527376 	3.005412 	1.532359 	1.375227 	1.419947 	1.598828 	2.956455 	2.028084 	1.935362 	0.090139 	0.728011 	1.523155 	3.377592 	2.047101 	2.912902 	9.000000 	1.320275 	1.527457 	3.271563 	1.281113 	2.790161 	3.153768 	0.450000 	0.090139 	2.910004 	3.536241 	3.447191 	0.452769 	2.915154 	1.340009 	2.202555 	1.542117 	0.406971 	0.195256 	2.935345 	3.080686 	2.650000 	0.279509 	1.443087 	2.438237 	1.437228 	0.335410 	0.559017 	1.212693 	2.494118 	0.347311 	2.403773 	2.359290 	0.753741 	3.175098 	
0.480885 	0.828025 	0.813941 	1.901480 	0.316228 	0.201556 	0.201556 	0.347311 	1.817966 	0.781025 	0.672681 	1.233390 	0.594243 	0.230489 	2.292651 	0.777817 	1.740869 	1.320275 	9.000000 	0.215058 	2.143887 	0.055902 	1.581336 	1.997029 	0.905883 	1.300000 	1.706239 	2.440415 	2.332381 	0.930390 	1.702939 	0.111803 	0.910014 	0.226385 	0.986154 	1.229837 	1.719193 	1.885802 	1.396648 	1.141271 	0.167705 	1.155692 	0.180278 	1.110462 	0.875000 	0.254951 	1.210372 	1.123610 	1.110180 	1.060955 	0.707107 	1.968661 	
