Total assets = 611
Number of asset nodes = 33

Distance:
999.000000 	22.472204 	10.295630 	15.264338 	18.357559 	13.453624 	30.083218 	16.401220 	88.391174 	10.000000 	8.944272 	9.219544 	5.830952 	104.350372 	13.000000 	22.803509 	52.773098 	38.013157 	85.041168 	31.400637 	90.027771 	99.005051 	17.204651 	73.783470 	53.851646 	25.942244 	36.221542 	34.058773 	24.698177 	20.000000 	42.426407 	104.004807 	23.021729 	44.407207 	78.892334 	28.178005 	85.440041 	25.495098 	41.677334 	29.732138 	96.519424 	30.413813 	56.568542 	55.326305 	33.015148 	96.798759 	
22.472204 	999.000000 	32.756680 	37.735924 	40.816662 	35.805027 	9.055386 	38.288380 	66.603302 	27.658634 	28.160255 	29.732138 	25.632011 	83.234612 	31.400637 	44.598206 	30.463093 	60.464867 	62.936478 	13.892444 	67.896980 	77.155685 	27.513634 	51.312767 	32.015621 	46.754681 	18.788294 	55.901699 	44.821869 	24.186773 	64.536812 	82.036575 	39.357338 	25.709921 	56.435802 	25.709921 	62.968246 	29.000000 	62.481998 	32.140316 	74.060783 	33.136082 	37.215588 	36.496574 	32.015621 	74.330345 	
10.295630 	32.756680 	999.000000 	5.000000 	8.062258 	4.123106 	40.311287 	8.062258 	98.351410 	11.045361 	9.055386 	7.000000 	8.944272 	114.021927 	12.041595 	13.928389 	63.063461 	27.802877 	95.131485 	41.231056 	100.124924 	108.977058 	21.023796 	84.059502 	64.078079 	18.248287 	45.891174 	24.698177 	18.000000 	25.961510 	32.649654 	114.021927 	20.591261 	54.129475 	89.185204 	34.928497 	95.718338 	30.463093 	33.241539 	34.438351 	106.780151 	34.885529 	66.287254 	64.938431 	38.626415 	107.070068 	
15.264338 	37.735924 	5.000000 	999.000000 	3.162278 	3.162278 	45.188496 	5.830952 	103.324730 	14.866069 	13.000000 	10.770329 	13.601471 	118.928551 	13.928389 	10.049875 	68.000000 	22.803509 	100.124924 	45.880280 	105.118980 	113.951744 	23.769728 	89.044930 	68.942001 	15.033297 	50.447994 	20.124611 	15.524175 	29.274563 	27.802877 	119.004204 	20.518284 	58.694122 	94.154129 	38.327538 	100.702530 	33.241539 	29.120440 	37.000000 	111.772087 	37.336308 	70.830788 	69.426216 	41.484936 	112.058022 	
18.357559 	40.816662 	8.062258 	3.162278 	999.000000 	6.000000 	48.332184 	7.211102 	106.216759 	17.000000 	15.264338 	13.038404 	16.278820 	121.696342 	16.492422 	9.219544 	71.119621 	19.849434 	103.077644 	49.040798 	108.074051 	116.846054 	26.476404 	92.114059 	72.090218 	14.560220 	53.600372 	18.027756 	15.652476 	32.140316 	25.238859 	121.918007 	22.022715 	61.846584 	97.247108 	41.194660 	103.773796 	35.902645 	27.459061 	39.560081 	114.825958 	39.849716 	73.979729 	72.567207 	44.147480 	115.121674 	
13.453624 	35.805027 	4.123106 	3.162278 	6.000000 	999.000000 	42.941822 	4.000000 	101.833199 	15.132746 	13.152946 	11.045361 	13.000000 	117.686020 	10.770329 	9.848858 	65.863495 	24.698177 	98.493652 	43.324360 	103.479469 	112.449989 	20.615528 	87.091904 	66.640831 	14.142136 	47.801674 	20.808653 	14.035668 	26.172504 	29.000000 	117.456375 	17.804493 	56.044624 	92.114059 	35.227829 	98.737022 	30.083218 	29.154760 	33.837849 	109.859001 	34.176014 	68.154236 	66.708321 	38.327538 	110.113579 	
30.083218 	9.055386 	40.311287 	45.188496 	48.332184 	42.941822 	999.000000 	44.944408 	61.854668 	36.345562 	36.674240 	38.078865 	33.955853 	79.259071 	36.878178 	51.039200 	23.021729 	67.601776 	57.628117 	6.708204 	62.481998 	72.201111 	30.805843 	44.687805 	23.769728 	52.497620 	10.630146 	62.201286 	50.249378 	25.942244 	71.028160 	76.837494 	43.416588 	16.763054 	49.406479 	24.186773 	56.222771 	29.410883 	67.896980 	31.575306 	67.475922 	32.557640 	28.160255 	27.459061 	30.016663 	67.623962 	
16.401220 	38.288380 	8.062258 	5.830952 	7.211102 	4.000000 	44.944408 	999.000000 	104.661362 	19.104973 	17.117243 	15.033297 	16.763054 	120.739388 	10.000000 	6.403124 	67.955872 	22.847319 	101.178062 	44.777225 	106.150833 	115.260574 	20.024984 	89.403580 	68.476273 	10.198039 	49.040798 	17.691807 	10.049875 	26.019224 	26.248810 	120.216469 	14.866069 	57.245087 	94.302704 	35.000000 	101.019798 	29.274563 	25.495098 	32.756680 	112.200714 	32.984844 	69.260376 	67.720009 	37.483330 	112.414413 	
88.391174 	66.603302 	98.351410 	103.324730 	106.216759 	101.833199 	61.854668 	104.661362 	999.000000 	90.426765 	91.678787 	93.723000 	90.027771 	18.439089 	97.948967 	111.036034 	41.231056 	126.063477 	6.082763 	65.368187 	5.830952 	10.630146 	92.655273 	22.022715 	43.965897 	113.357841 	63.976559 	122.347862 	111.395691 	87.664131 	130.816666 	15.811388 	105.209312 	59.135437 	22.561028 	84.077347 	18.357559 	90.426765 	129.073624 	91.678787 	18.788294 	92.574295 	54.451813 	56.568542 	88.639717 	20.124611 	
10.000000 	27.658634 	11.045361 	14.866069 	17.000000 	15.132746 	36.345562 	19.104973 	90.426765 	999.000000 	2.000000 	4.123106 	4.242640 	105.361282 	20.615528 	24.738634 	57.870544 	36.235340 	87.658424 	39.012817 	92.655273 	101.044548 	26.907248 	77.820305 	59.665737 	29.274563 	44.045429 	34.928497 	29.017237 	30.000000 	42.190044 	106.212051 	30.364452 	52.000000 	83.258636 	38.078865 	89.442719 	35.468296 	43.965897 	39.698868 	100.239716 	40.360870 	64.031242 	63.000000 	43.011627 	100.647903 	
8.944272 	28.160255 	9.055386 	13.000000 	15.264338 	13.152946 	36.674240 	17.117243 	91.678787 	2.000000 	999.000000 	2.236068 	3.162278 	106.775467 	18.788294 	22.803509 	58.523499 	34.713108 	88.814415 	39.012817 	93.813644 	102.303467 	25.455845 	78.714676 	60.166435 	27.294687 	44.000000 	33.105892 	27.018513 	28.844410 	40.496914 	107.447662 	28.460499 	52.038448 	84.095184 	37.121422 	90.354858 	34.205261 	42.059483 	38.418747 	101.212646 	39.051247 	64.124878 	63.031738 	41.880783 	101.597244 	
9.219544 	29.732138 	7.000000 	10.770329 	13.038404 	11.045361 	38.078865 	15.033297 	93.723000 	4.123106 	2.236068 	999.000000 	4.123106 	108.903625 	17.492855 	20.615528 	60.166435 	32.557640 	90.801979 	40.112343 	95.801880 	104.350372 	24.839485 	80.529495 	61.684681 	25.179358 	45.044422 	30.870699 	25.000000 	28.653097 	38.275318 	109.480591 	26.925823 	53.150730 	85.866173 	37.161808 	92.179176 	33.837849 	39.849716 	38.013157 	103.077644 	38.600517 	65.276337 	64.124878 	41.677334 	103.445641 	
5.830952 	25.632011 	8.944272 	13.601471 	16.278820 	13.000000 	33.955853 	16.763054 	90.027771 	4.242640 	3.162278 	4.123106 	999.000000 	105.418213 	16.763054 	22.847319 	56.080299 	36.069378 	87.005745 	36.055511 	92.005432 	100.657837 	22.671568 	76.537575 	57.567352 	26.925823 	41.012192 	33.615471 	26.305893 	25.806976 	41.400482 	105.759163 	26.683329 	49.091751 	81.841309 	34.000000 	88.192970 	31.240999 	42.154476 	35.468296 	99.126183 	36.124783 	61.204575 	60.074955 	38.832977 	99.478638 	
104.350372 	83.234612 	114.021927 	118.928551 	121.696342 	117.686020 	79.259071 	120.739388 	18.439089 	105.361282 	106.775467 	108.903625 	105.418213 	999.000000 	114.621117 	127.141655 	59.464275 	141.449631 	24.186773 	83.192551 	21.023796 	11.704700 	109.931801 	40.311287 	62.361847 	129.807556 	82.079231 	138.408813 	128.003906 	105.190300 	146.659470 	12.727922 	122.331520 	77.491936 	40.012497 	102.044106 	34.365681 	108.226616 	145.602203 	109.658562 	29.068884 	110.571243 	72.835434 	74.966660 	106.775467 	30.413813 	
13.000000 	31.400637 	12.041595 	13.928389 	16.492422 	10.770329 	36.878178 	10.000000 	97.948967 	20.615528 	18.788294 	17.492855 	16.763054 	114.621117 	999.000000 	14.866069 	59.816387 	32.280025 	94.111633 	35.846897 	99.035347 	108.466583 	10.049875 	81.565926 	59.908264 	15.620500 	39.812057 	25.553865 	13.453624 	16.031219 	34.481880 	113.278419 	10.049875 	47.927029 	86.214851 	25.000000 	93.085983 	19.416489 	31.144823 	23.086792 	104.350372 	23.409399 	59.808025 	58.189346 	27.658634 	104.484451 	
22.803509 	44.598206 	13.928389 	10.049875 	9.219544 	9.848858 	51.039200 	6.403124 	111.036034 	24.738634 	22.803509 	20.615528 	22.847319 	127.141655 	14.866069 	999.000000 	74.060783 	17.464249 	107.517441 	50.537113 	112.485558 	121.630585 	24.331051 	95.603348 	74.431175 	5.385165 	54.625999 	11.313708 	7.071068 	30.594116 	20.000000 	126.574089 	15.811388 	62.769421 	100.439034 	39.319206 	107.200745 	33.015148 	19.313208 	36.055511 	118.406082 	36.124783 	74.672615 	73.054771 	41.012192 	118.600166 	
52.773098 	30.463093 	63.063461 	68.000000 	71.119621 	65.863495 	23.021729 	67.955872 	41.231056 	57.870544 	58.523499 	60.166435 	56.080299 	59.464275 	59.816387 	74.060783 	999.000000 	90.553848 	36.235340 	24.839485 	40.816662 	51.000000 	53.037724 	21.931713 	5.000000 	75.432091 	22.825424 	85.211502 	73.109505 	47.507893 	94.047859 	55.226807 	65.764732 	18.248287 	26.400757 	43.046486 	33.301651 	49.648766 	90.686272 	50.606323 	44.598206 	51.478149 	18.357559 	19.697716 	47.423622 	44.687805 	
38.013157 	60.464867 	27.802877 	22.803509 	19.849434 	24.698177 	67.601776 	22.847319 	126.063477 	36.235340 	34.713108 	32.557640 	36.069378 	141.449631 	32.280025 	17.464249 	90.553848 	999.000000 	122.918671 	67.623962 	127.914032 	136.693085 	41.773197 	111.772087 	91.241440 	19.026299 	71.867935 	9.848858 	22.022715 	48.052055 	8.062258 	141.767410 	32.015621 	80.056229 	116.811813 	56.718605 	123.422043 	50.249378 	17.204651 	53.037724 	134.525085 	53.009434 	92.027168 	90.443352 	58.077534 	134.792435 	
85.041168 	62.936478 	95.131485 	100.124924 	103.077644 	98.493652 	57.628117 	101.178062 	6.082763 	87.658424 	88.814415 	90.801979 	87.005745 	24.186773 	94.111633 	107.517441 	36.235340 	122.918671 	999.000000 	60.745369 	5.000000 	14.764823 	88.408142 	16.124516 	38.626415 	109.622078 	59.059292 	118.827606 	107.563934 	83.234612 	127.404869 	19.209373 	101.044548 	53.851646 	16.492422 	79.259071 	12.806249 	85.755463 	125.255737 	86.833176 	16.124516 	87.709747 	48.662102 	50.803543 	83.630135 	17.262676 	
31.400637 	13.892444 	41.231056 	45.880280 	49.040798 	43.324360 	6.708204 	44.777225 	65.368187 	39.012817 	39.012817 	40.112343 	36.055511 	83.192551 	35.846897 	50.537113 	24.839485 	67.623962 	60.745369 	999.000000 	65.459915 	75.471848 	28.319605 	46.754681 	24.207438 	51.312767 	5.099020 	61.400326 	48.826221 	22.671568 	70.327805 	79.881165 	41.036568 	13.038404 	50.931328 	18.973665 	57.982758 	25.059929 	66.219330 	26.570660 	69.296463 	27.513634 	25.179358 	24.020824 	24.331051 	69.310890 	
90.027771 	67.896980 	100.124924 	105.118980 	108.074051 	103.479469 	62.481998 	106.150833 	5.830952 	92.655273 	93.813644 	95.801880 	92.005432 	21.023796 	99.035347 	112.485558 	40.816662 	127.914032 	5.000000 	65.459915 	999.000000 	10.440307 	93.236259 	19.924858 	42.953465 	114.560028 	63.631752 	123.794182 	112.485558 	88.005684 	132.382019 	14.422205 	105.891457 	58.180752 	19.000000 	83.862984 	13.601471 	90.426765 	130.176804 	91.416626 	13.000000 	92.282173 	52.392746 	54.571056 	88.119240 	14.317822 	
99.005051 	77.155685 	108.977058 	113.951744 	116.846054 	112.449989 	72.201111 	115.260574 	10.630146 	101.044548 	102.303467 	104.350372 	100.657837 	11.704700 	108.466583 	121.630585 	51.000000 	136.693085 	14.764823 	75.471848 	10.440307 	999.000000 	103.004852 	30.364452 	53.310413 	123.907227 	73.824112 	132.943604 	121.918007 	97.908119 	141.428421 	5.385165 	115.602768 	68.541962 	29.154760 	94.021271 	23.021729 	100.498756 	139.603012 	101.597244 	17.492855 	102.474388 	62.817196 	65.000000 	98.386993 	18.867962 	
17.204651 	27.513634 	21.023796 	23.769728 	26.476404 	20.615528 	30.805843 	20.024984 	92.655273 	26.907248 	25.455845 	24.839485 	22.671568 	109.931801 	10.049875 	24.331051 	53.037724 	41.773197 	88.408142 	28.319605 	93.236259 	103.004852 	999.000000 	74.966660 	52.497620 	23.769728 	31.622776 	34.176014 	21.023796 	6.324555 	43.081318 	107.615051 	12.727922 	39.446167 	79.246452 	15.033297 	86.278618 	9.486833 	38.013157 	13.416408 	97.590981 	13.892444 	50.990196 	49.244289 	17.720045 	97.621719 	
73.783470 	51.312767 	84.059502 	89.044930 	92.114059 	87.091904 	44.687805 	89.403580 	22.022715 	77.820305 	78.714676 	80.529495 	76.537575 	40.311287 	81.565926 	95.603348 	21.931713 	111.772087 	16.124516 	46.754681 	19.924858 	30.364452 	74.966660 	999.000000 	23.323807 	97.185387 	44.407207 	106.826965 	94.921021 	69.426216 	115.602768 	34.014702 	87.692642 	38.470768 	6.000000 	64.637451 	11.661903 	71.400284 	112.538879 	72.111023 	22.803509 	72.945183 	32.557640 	34.713108 	68.600288 	23.021729 	
53.851646 	32.015621 	64.078079 	68.942001 	72.090218 	66.640831 	23.769728 	68.476273 	43.965897 	59.665737 	60.166435 	61.684681 	57.567352 	62.361847 	59.908264 	74.431175 	5.000000 	91.241440 	38.626415 	24.207438 	42.953465 	53.310413 	52.497620 	23.323807 	999.000000 	75.451973 	21.260292 	85.440041 	73.006851 	46.690472 	94.339813 	57.245087 	65.192024 	15.231546 	26.907248 	41.400482 	34.058773 	48.270073 	90.426765 	48.826221 	45.343136 	49.648766 	13.416408 	14.866069 	45.276924 	45.276924 	
25.942244 	46.754681 	18.248287 	15.033297 	14.560220 	14.142136 	52.497620 	10.198039 	113.357841 	29.274563 	27.294687 	25.179358 	26.925823 	129.807556 	15.620500 	5.385165 	75.432091 	19.026299 	109.622078 	51.312767 	114.560028 	123.907227 	23.769728 	97.185387 	75.451973 	999.000000 	55.072678 	10.440307 	3.000000 	30.083218 	19.313208 	128.763351 	13.000000 	63.063461 	101.828285 	38.327538 	108.706024 	31.575306 	15.811388 	34.132095 	119.970833 	34.058773 	74.732857 	73.006851 	39.204590 	120.104118 	
36.221542 	18.788294 	45.891174 	50.447994 	53.600372 	47.801674 	10.630146 	49.040798 	63.976559 	44.045429 	44.000000 	45.044422 	41.012192 	82.079231 	39.812057 	54.625999 	22.825424 	71.867935 	59.059292 	5.099020 	63.631752 	73.824112 	31.622776 	44.407207 	21.260292 	55.072678 	999.000000 	65.299309 	52.478565 	25.612497 	74.242844 	78.032043 	44.204071 	8.246211 	48.166378 	20.248457 	55.317268 	27.018513 	69.634758 	27.784887 	66.603302 	28.653097 	20.396078 	19.104973 	24.698177 	66.528191 	
34.058773 	55.901699 	24.698177 	20.124611 	18.027756 	20.808653 	62.201286 	17.691807 	122.347862 	34.928497 	33.105892 	30.870699 	33.615471 	138.408813 	25.553865 	11.313708 	85.211502 	9.848858 	118.827606 	61.400326 	123.794182 	132.943604 	34.176014 	106.826965 	85.440041 	10.440307 	65.299309 	999.000000 	13.341664 	40.496914 	8.944272 	137.887634 	23.194826 	73.348480 	111.606453 	48.764740 	118.406082 	41.976185 	10.049875 	44.407207 	129.630249 	44.283180 	85.088188 	83.384651 	49.497475 	129.807556 	
24.698177 	44.821869 	18.000000 	15.524175 	15.652476 	14.035668 	50.249378 	10.049875 	111.395691 	29.017237 	27.018513 	25.000000 	26.305893 	128.003906 	13.453624 	7.071068 	73.109505 	22.022715 	107.563934 	48.826221 	112.485558 	121.918007 	21.023796 	94.921021 	73.006851 	3.000000 	52.478565 	13.341664 	999.000000 	27.313000 	22.135944 	126.732002 	10.000000 	60.415230 	99.488693 	35.440090 	106.404884 	28.635643 	17.691807 	31.144823 	117.686020 	31.064449 	72.013885 	70.263786 	36.221542 	117.796432 	
20.000000 	24.186773 	25.961510 	29.274563 	32.140316 	26.172504 	25.942244 	26.019224 	87.664131 	30.000000 	28.844410 	28.653097 	25.806976 	105.190300 	16.031219 	30.594116 	47.507893 	48.052055 	83.234612 	22.671568 	88.005684 	97.908119 	6.324555 	69.426216 	46.690472 	30.083218 	25.612497 	40.496914 	27.313000 	999.000000 	49.396355 	102.415817 	18.601076 	33.286633 	73.539108 	9.055386 	80.622574 	5.830952 	44.102154 	10.000000 	91.934761 	10.816654 	44.721359 	42.953465 	13.038404 	91.923882 	
42.426407 	64.536812 	32.649654 	27.802877 	25.238859 	29.000000 	71.028160 	26.248810 	130.816666 	42.190044 	40.496914 	38.275318 	41.400482 	146.659470 	34.481880 	20.000000 	94.047859 	8.062258 	127.404869 	70.327805 	132.382019 	141.428421 	43.081318 	115.602768 	94.339813 	19.313208 	74.242844 	8.944272 	22.135944 	49.396355 	999.000000 	146.413803 	31.780497 	82.292160 	120.432556 	57.567352 	127.200630 	50.695168 	10.816654 	52.952808 	138.405197 	52.773098 	94.021271 	92.309265 	58.051701 	138.600143 	
104.004807 	82.036575 	114.021927 	119.004204 	121.918007 	117.456375 	76.837494 	120.216469 	15.811388 	106.212051 	107.447662 	109.480591 	105.759163 	12.727922 	113.278419 	126.574089 	55.226807 	141.767410 	19.209373 	79.881165 	14.422205 	5.385165 	107.615051 	34.014702 	57.245087 	128.763351 	78.032043 	137.887634 	126.732002 	102.415817 	146.413803 	999.000000 	120.253899 	72.449982 	32.015621 	98.270035 	25.317978 	104.847511 	144.422989 	105.815880 	17.464249 	106.677086 	66.098412 	68.308128 	102.474388 	18.681541 	
23.021729 	39.357338 	20.591261 	20.518284 	22.022715 	17.804493 	43.416588 	14.866069 	105.209312 	30.364452 	28.460499 	26.925823 	26.683329 	122.331520 	10.049875 	15.811388 	65.764732 	32.015621 	101.044548 	41.036568 	105.891457 	115.602768 	12.727922 	87.692642 	65.192024 	13.000000 	44.204071 	23.194826 	10.000000 	18.601076 	31.780497 	120.253899 	999.000000 	51.865211 	91.967384 	26.000000 	99.005051 	18.973665 	25.553865 	21.213203 	110.317726 	21.095022 	63.134777 	61.294373 	26.305893 	110.344917 	
44.407207 	25.709921 	54.129475 	58.694122 	61.846584 	56.044624 	16.763054 	57.245087 	59.135437 	52.000000 	52.038448 	53.150730 	49.091751 	77.491936 	47.927029 	62.769421 	18.248287 	80.056229 	53.851646 	13.038404 	58.180752 	68.541962 	39.446167 	38.470768 	15.231546 	63.063461 	8.246211 	73.348480 	60.415230 	33.286633 	82.292160 	72.449982 	51.865211 	999.000000 	41.617306 	26.870058 	48.826221 	33.970577 	77.388626 	34.058773 	60.000000 	34.828148 	12.165525 	11.000000 	30.232433 	59.816387 	
78.892334 	56.435802 	89.185204 	94.154129 	97.247108 	92.114059 	49.406479 	94.302704 	22.561028 	83.258636 	84.095184 	85.866173 	81.841309 	40.012497 	86.214851 	100.439034 	26.400757 	116.811813 	16.492422 	50.931328 	19.000000 	29.154760 	79.246452 	6.000000 	26.907248 	101.828285 	48.166378 	111.606453 	99.488693 	73.539108 	120.432556 	32.015621 	91.967384 	41.617306 	999.000000 	68.249542 	7.211102 	75.166481 	117.034180 	75.604233 	18.439089 	76.400261 	34.176014 	36.400551 	71.847061 	18.384777 	
28.178005 	25.709921 	34.928497 	38.327538 	41.194660 	35.227829 	24.186773 	35.000000 	84.077347 	38.078865 	37.121422 	37.161808 	34.000000 	102.044106 	25.000000 	39.319206 	43.046486 	56.718605 	79.259071 	18.973665 	83.862984 	94.021271 	15.033297 	64.637451 	41.400482 	38.327538 	20.248457 	48.764740 	35.440090 	9.055386 	57.567352 	98.270035 	26.000000 	26.870058 	68.249542 	999.000000 	75.432091 	7.211102 	51.429562 	7.615773 	86.683334 	8.544003 	37.443291 	35.510563 	6.324555 	86.556343 	
85.440041 	62.968246 	95.718338 	100.702530 	103.773796 	98.737022 	56.222771 	101.019798 	18.357559 	89.442719 	90.354858 	92.179176 	88.192970 	34.365681 	93.085983 	107.200745 	33.301651 	123.422043 	12.806249 	57.982758 	13.601471 	23.021729 	86.278618 	11.661903 	34.058773 	108.706024 	55.317268 	118.406082 	106.404884 	80.622574 	127.200630 	25.317978 	99.005051 	48.826221 	7.211102 	75.432091 	999.000000 	82.328613 	123.987900 	82.800964 	11.313708 	83.600243 	41.231056 	43.462627 	79.056938 	11.401754 	
25.495098 	29.000000 	30.463093 	33.241539 	35.902645 	30.083218 	29.410883 	29.274563 	90.426765 	35.468296 	34.205261 	33.837849 	31.240999 	108.226616 	19.416489 	33.015148 	49.648766 	50.249378 	85.755463 	25.059929 	90.426765 	100.498756 	9.486833 	71.400284 	48.270073 	31.575306 	27.018513 	41.976185 	28.635643 	5.830952 	50.695168 	104.847511 	18.973665 	33.970577 	75.166481 	7.211102 	82.328613 	999.000000 	44.283180 	4.242640 	93.605553 	5.000000 	44.654228 	42.720020 	8.246211 	93.509361 	
41.677334 	62.481998 	33.241539 	29.120440 	27.459061 	29.154760 	67.896980 	25.495098 	129.073624 	43.965897 	42.059483 	39.849716 	42.154476 	145.602203 	31.144823 	19.313208 	90.686272 	17.204651 	125.255737 	66.219330 	130.176804 	139.603012 	38.013157 	112.538879 	90.426765 	15.811388 	69.634758 	10.049875 	17.691807 	44.102154 	10.816654 	144.422989 	25.553865 	77.388626 	117.034180 	51.429562 	123.987900 	44.283180 	999.000000 	45.880280 	135.281189 	45.541191 	88.684837 	86.833176 	50.921509 	135.369858 	
29.732138 	32.140316 	34.438351 	37.000000 	39.560081 	33.837849 	31.575306 	32.756680 	91.678787 	39.698868 	38.418747 	38.013157 	35.468296 	109.658562 	23.086792 	36.055511 	50.606323 	53.037724 	86.833176 	26.570660 	91.416626 	101.597244 	13.416408 	72.111023 	48.826221 	34.132095 	27.784887 	44.407207 	31.144823 	10.000000 	52.952808 	105.815880 	21.213203 	34.058773 	75.604233 	7.615773 	82.800964 	4.242640 	45.880280 	999.000000 	94.021271 	1.000000 	44.045429 	42.011902 	5.099020 	93.861603 	
96.519424 	74.060783 	106.780151 	111.772087 	114.825958 	109.859001 	67.475922 	112.200714 	18.788294 	100.239716 	101.212646 	103.077644 	99.126183 	29.068884 	104.350372 	118.406082 	44.598206 	134.525085 	16.124516 	69.296463 	13.000000 	17.492855 	97.590981 	22.803509 	45.343136 	119.970833 	66.603302 	129.630249 	117.686020 	91.934761 	138.405197 	17.464249 	110.317726 	60.000000 	18.439089 	86.683334 	11.313708 	93.605553 	135.281189 	94.021271 	999.000000 	94.810333 	51.884487 	54.120235 	90.210861 	1.414214 	
30.413813 	33.136082 	34.885529 	37.336308 	39.849716 	34.176014 	32.557640 	32.984844 	92.574295 	40.360870 	39.051247 	38.600517 	36.124783 	110.571243 	23.409399 	36.124783 	51.478149 	53.009434 	87.709747 	27.513634 	92.282173 	102.474388 	13.892444 	72.945183 	49.648766 	34.058773 	28.653097 	44.283180 	31.064449 	10.816654 	52.773098 	106.677086 	21.095022 	34.828148 	76.400261 	8.544003 	83.600243 	5.000000 	45.541191 	1.000000 	94.810333 	999.000000 	44.687805 	42.638012 	5.385165 	94.641426 	
56.568542 	37.215588 	66.287254 	70.830788 	73.979729 	68.154236 	28.160255 	69.260376 	54.451813 	64.031242 	64.124878 	65.276337 	61.204575 	72.835434 	59.808025 	74.672615 	18.357559 	92.027168 	48.662102 	25.179358 	52.392746 	62.817196 	50.990196 	32.557640 	13.416408 	74.732857 	20.396078 	85.088188 	72.013885 	44.721359 	94.021271 	66.098412 	63.134777 	12.165525 	34.176014 	37.443291 	41.231056 	44.654228 	88.684837 	44.045429 	51.884487 	44.687805 	999.000000 	2.236068 	39.623226 	51.478149 	
55.326305 	36.496574 	64.938431 	69.426216 	72.567207 	66.708321 	27.459061 	67.720009 	56.568542 	63.000000 	63.031738 	64.124878 	60.074955 	74.966660 	58.189346 	73.054771 	19.697716 	90.443352 	50.803543 	24.020824 	54.571056 	65.000000 	49.244289 	34.713108 	14.866069 	73.006851 	19.104973 	83.384651 	70.263786 	42.953465 	92.309265 	68.308128 	61.294373 	11.000000 	36.400551 	35.510563 	43.462627 	42.720020 	86.833176 	42.011902 	54.120235 	42.638012 	2.236068 	999.000000 	37.536648 	53.712196 	
33.015148 	32.015621 	38.626415 	41.484936 	44.147480 	38.327538 	30.016663 	37.483330 	88.639717 	43.011627 	41.880783 	41.677334 	38.832977 	106.775467 	27.658634 	41.012192 	47.423622 	58.077534 	83.630135 	24.331051 	88.119240 	98.386993 	17.720045 	68.600288 	45.276924 	39.204590 	24.698177 	49.497475 	36.221542 	13.038404 	58.051701 	102.474388 	26.305893 	30.232433 	71.847061 	6.324555 	79.056938 	8.246211 	50.921509 	5.099020 	90.210861 	5.385165 	39.623226 	37.536648 	999.000000 	90.000000 	
96.798759 	74.330345 	107.070068 	112.058022 	115.121674 	110.113579 	67.623962 	112.414413 	20.124611 	100.647903 	101.597244 	103.445641 	99.478638 	30.413813 	104.484451 	118.600166 	44.687805 	134.792435 	17.262676 	69.310890 	14.317822 	18.867962 	97.621719 	23.021729 	45.276924 	120.104118 	66.528191 	129.807556 	117.796432 	91.923882 	138.600143 	18.681541 	110.344917 	59.816387 	18.384777 	86.556343 	11.401754 	93.509361 	135.369858 	93.861603 	1.414214 	94.641426 	51.478149 	53.712196 	90.000000 	999.000000 	

Travel time:
9.000000 	0.561805 	0.257391 	0.381608 	0.458939 	0.336341 	0.752080 	0.410031 	2.209779 	0.250000 	0.223607 	0.230489 	0.145774 	2.608759 	0.325000 	0.570088 	1.319327 	0.950329 	2.126029 	0.785016 	2.250694 	2.475126 	0.430116 	1.844587 	1.346291 	0.648556 	0.905539 	0.851469 	0.617454 	0.500000 	1.060660 	2.600120 	0.575543 	1.110180 	1.972308 	0.704450 	2.136001 	0.637377 	1.041933 	0.743303 	2.412986 	0.760345 	1.414214 	1.383158 	0.825379 	2.419969 	
0.561805 	9.000000 	0.818917 	0.943398 	1.020416 	0.895126 	0.226385 	0.957209 	1.665083 	0.691466 	0.704006 	0.743303 	0.640800 	2.080865 	0.785016 	1.114955 	0.761577 	1.511622 	1.573412 	0.347311 	1.697425 	1.928892 	0.687841 	1.282819 	0.800391 	1.168867 	0.469707 	1.397542 	1.120547 	0.604669 	1.613420 	2.050914 	0.983933 	0.642748 	1.410895 	0.642748 	1.574206 	0.725000 	1.562050 	0.803508 	1.851520 	0.828402 	0.930390 	0.912414 	0.800391 	1.858259 	
0.257391 	0.818917 	9.000000 	0.125000 	0.201556 	0.103078 	1.007782 	0.201556 	2.458785 	0.276134 	0.226385 	0.175000 	0.223607 	2.850548 	0.301040 	0.348210 	1.576586 	0.695072 	2.378287 	1.030776 	2.503123 	2.724427 	0.525595 	2.101488 	1.601952 	0.456207 	1.147279 	0.617454 	0.450000 	0.649038 	0.816241 	2.850548 	0.514782 	1.353237 	2.229630 	0.873212 	2.392958 	0.761577 	0.831038 	0.860959 	2.669504 	0.872138 	1.657181 	1.623461 	0.965660 	2.676752 	
0.381608 	0.943398 	0.125000 	9.000000 	0.079057 	0.079057 	1.129712 	0.145774 	2.583118 	0.371652 	0.325000 	0.269258 	0.340037 	2.973214 	0.348210 	0.251247 	1.700000 	0.570088 	2.503123 	1.147007 	2.627975 	2.848794 	0.594243 	2.226123 	1.723550 	0.375832 	1.261200 	0.503115 	0.388104 	0.731864 	0.695072 	2.975105 	0.512957 	1.467353 	2.353853 	0.958188 	2.517563 	0.831038 	0.728011 	0.925000 	2.794302 	0.933408 	1.770770 	1.735655 	1.037123 	2.801450 	
0.458939 	1.020416 	0.201556 	0.079057 	9.000000 	0.150000 	1.208305 	0.180278 	2.655419 	0.425000 	0.381608 	0.325960 	0.406971 	3.042408 	0.412311 	0.230489 	1.777991 	0.496236 	2.576941 	1.226020 	2.701851 	2.921151 	0.661910 	2.302851 	1.802255 	0.364006 	1.340009 	0.450694 	0.391312 	0.803508 	0.630971 	3.047950 	0.550568 	1.546165 	2.431178 	1.029866 	2.594345 	0.897566 	0.686477 	0.989002 	2.870649 	0.996243 	1.849493 	1.814180 	1.103687 	2.878042 	
0.336341 	0.895126 	0.103078 	0.079057 	0.150000 	9.000000 	1.073546 	0.100000 	2.545830 	0.378319 	0.328824 	0.276134 	0.325000 	2.942151 	0.269258 	0.246221 	1.646587 	0.617454 	2.462341 	1.083109 	2.586987 	2.811250 	0.515388 	2.177298 	1.666021 	0.353553 	1.195042 	0.520216 	0.350892 	0.654313 	0.725000 	2.936409 	0.445112 	1.401116 	2.302851 	0.880696 	2.468426 	0.752080 	0.728869 	0.845946 	2.746475 	0.854400 	1.703856 	1.667708 	0.958188 	2.752840 	
0.752080 	0.226385 	1.007782 	1.129712 	1.208305 	1.073546 	9.000000 	1.123610 	1.546367 	0.908639 	0.916856 	0.951972 	0.848896 	1.981477 	0.921954 	1.275980 	0.575543 	1.690044 	1.440703 	0.167705 	1.562050 	1.805028 	0.770146 	1.117195 	0.594243 	1.312441 	0.265754 	1.555032 	1.256234 	0.648556 	1.775704 	1.920937 	1.085415 	0.419076 	1.235162 	0.604669 	1.405569 	0.735272 	1.697425 	0.789383 	1.686898 	0.813941 	0.704006 	0.686477 	0.750417 	1.690599 	
0.410031 	0.957209 	0.201556 	0.145774 	0.180278 	0.100000 	1.123610 	9.000000 	2.616534 	0.477624 	0.427931 	0.375832 	0.419076 	3.018485 	0.250000 	0.160078 	1.698897 	0.571183 	2.529452 	1.119431 	2.653771 	2.881514 	0.500625 	2.235090 	1.711907 	0.254951 	1.226020 	0.442295 	0.251247 	0.650481 	0.656220 	3.005412 	0.371652 	1.431127 	2.357568 	0.875000 	2.525495 	0.731864 	0.637377 	0.818917 	2.805018 	0.824621 	1.731509 	1.693000 	0.937083 	2.810360 	
2.209779 	1.665083 	2.458785 	2.583118 	2.655419 	2.545830 	1.546367 	2.616534 	9.000000 	2.260669 	2.291970 	2.343075 	2.250694 	0.460977 	2.448724 	2.775901 	1.030776 	3.151587 	0.152069 	1.634205 	0.145774 	0.265754 	2.316382 	0.550568 	1.099147 	2.833946 	1.599414 	3.058697 	2.784892 	2.191603 	3.270417 	0.395285 	2.630233 	1.478386 	0.564026 	2.101934 	0.458939 	2.260669 	3.226840 	2.291970 	0.469707 	2.314357 	1.361295 	1.414214 	2.215993 	0.503115 	
0.250000 	0.691466 	0.276134 	0.371652 	0.425000 	0.378319 	0.908639 	0.477624 	2.260669 	9.000000 	0.050000 	0.103078 	0.106066 	2.634032 	0.515388 	0.618466 	1.446764 	0.905883 	2.191461 	0.975320 	2.316382 	2.526114 	0.672681 	1.945508 	1.491643 	0.731864 	1.101136 	0.873212 	0.725431 	0.750000 	1.054751 	2.655301 	0.759111 	1.300000 	2.081466 	0.951972 	2.236068 	0.886707 	1.099147 	0.992472 	2.505993 	1.009022 	1.600781 	1.575000 	1.075291 	2.516198 	
0.223607 	0.704006 	0.226385 	0.325000 	0.381608 	0.328824 	0.916856 	0.427931 	2.291970 	0.050000 	9.000000 	0.055902 	0.079057 	2.669387 	0.469707 	0.570088 	1.463087 	0.867828 	2.220360 	0.975320 	2.345341 	2.557587 	0.636396 	1.967867 	1.504161 	0.682367 	1.100000 	0.827647 	0.675463 	0.721110 	1.012423 	2.686192 	0.711512 	1.300961 	2.102380 	0.928036 	2.258872 	0.855132 	1.051487 	0.960469 	2.530316 	0.976281 	1.603122 	1.575794 	1.047020 	2.539931 	
0.230489 	0.743303 	0.175000 	0.269258 	0.325960 	0.276134 	0.951972 	0.375832 	2.343075 	0.103078 	0.055902 	9.000000 	0.103078 	2.722591 	0.437321 	0.515388 	1.504161 	0.813941 	2.270050 	1.002809 	2.395047 	2.608759 	0.620987 	2.013237 	1.542117 	0.629484 	1.126111 	0.771767 	0.625000 	0.716327 	0.956883 	2.737015 	0.673146 	1.328768 	2.146654 	0.929045 	2.304479 	0.845946 	0.996243 	0.950329 	2.576941 	0.965013 	1.631908 	1.603122 	1.041933 	2.586141 	
0.145774 	0.640800 	0.223607 	0.340037 	0.406971 	0.325000 	0.848896 	0.419076 	2.250694 	0.106066 	0.079057 	0.103078 	9.000000 	2.635455 	0.419076 	0.571183 	1.402007 	0.901734 	2.175144 	0.901388 	2.300136 	2.516446 	0.566789 	1.913439 	1.439184 	0.673146 	1.025305 	0.840387 	0.657647 	0.645174 	1.035012 	2.643979 	0.667083 	1.227294 	2.046033 	0.850000 	2.204824 	0.781025 	1.053862 	0.886707 	2.478155 	0.903120 	1.530114 	1.501874 	0.970824 	2.486966 	
2.608759 	2.080865 	2.850548 	2.973214 	3.042408 	2.942151 	1.981477 	3.018485 	0.460977 	2.634032 	2.669387 	2.722591 	2.635455 	9.000000 	2.865528 	3.178541 	1.486607 	3.536241 	0.604669 	2.079814 	0.525595 	0.292617 	2.748295 	1.007782 	1.559046 	3.245189 	2.051981 	3.460220 	3.200098 	2.629757 	3.666487 	0.318198 	3.058288 	1.937298 	1.000312 	2.551103 	0.859142 	2.705665 	3.640055 	2.741464 	0.726722 	2.764281 	1.820886 	1.874166 	2.669387 	0.760345 	
0.325000 	0.785016 	0.301040 	0.348210 	0.412311 	0.269258 	0.921954 	0.250000 	2.448724 	0.515388 	0.469707 	0.437321 	0.419076 	2.865528 	9.000000 	0.371652 	1.495410 	0.807001 	2.352791 	0.896172 	2.475884 	2.711665 	0.251247 	2.039148 	1.497707 	0.390512 	0.995301 	0.638847 	0.336341 	0.400780 	0.862047 	2.831960 	0.251247 	1.198176 	2.155371 	0.625000 	2.327150 	0.485412 	0.778621 	0.577170 	2.608759 	0.585235 	1.495201 	1.454734 	0.691466 	2.612111 	
0.570088 	1.114955 	0.348210 	0.251247 	0.230489 	0.246221 	1.275980 	0.160078 	2.775901 	0.618466 	0.570088 	0.515388 	0.571183 	3.178541 	0.371652 	9.000000 	1.851520 	0.436606 	2.687936 	1.263428 	2.812139 	3.040765 	0.608276 	2.390084 	1.860779 	0.134629 	1.365650 	0.282843 	0.176777 	0.764853 	0.500000 	3.164352 	0.395285 	1.569236 	2.510976 	0.982980 	2.680019 	0.825379 	0.482830 	0.901388 	2.960152 	0.903120 	1.866815 	1.826369 	1.025305 	2.965004 	
1.319327 	0.761577 	1.576586 	1.700000 	1.777991 	1.646587 	0.575543 	1.698897 	1.030776 	1.446764 	1.463087 	1.504161 	1.402007 	1.486607 	1.495410 	1.851520 	9.000000 	2.263846 	0.905883 	0.620987 	1.020416 	1.275000 	1.325943 	0.548293 	0.125000 	1.885802 	0.570636 	2.130288 	1.827738 	1.187697 	2.351197 	1.380670 	1.644118 	0.456207 	0.660019 	1.076162 	0.832541 	1.241219 	2.267157 	1.265158 	1.114955 	1.286954 	0.458939 	0.492443 	1.185591 	1.117195 	
0.950329 	1.511622 	0.695072 	0.570088 	0.496236 	0.617454 	1.690044 	0.571183 	3.151587 	0.905883 	0.867828 	0.813941 	0.901734 	3.536241 	0.807001 	0.436606 	2.263846 	9.000000 	3.072967 	1.690599 	3.197851 	3.417327 	1.044330 	2.794302 	2.281036 	0.475657 	1.796698 	0.246221 	0.550568 	1.201301 	0.201556 	3.544185 	0.800391 	2.001406 	2.920295 	1.417965 	3.085551 	1.256234 	0.430116 	1.325943 	3.363127 	1.325236 	2.300679 	2.261084 	1.451938 	3.369811 	
2.126029 	1.573412 	2.378287 	2.503123 	2.576941 	2.462341 	1.440703 	2.529452 	0.152069 	2.191461 	2.220360 	2.270050 	2.175144 	0.604669 	2.352791 	2.687936 	0.905883 	3.072967 	9.000000 	1.518634 	0.125000 	0.369121 	2.210204 	0.403113 	0.965660 	2.740552 	1.476482 	2.970690 	2.689098 	2.080865 	3.185122 	0.480234 	2.526114 	1.346291 	0.412311 	1.981477 	0.320156 	2.143887 	3.131393 	2.170829 	0.403113 	2.192744 	1.216552 	1.270089 	2.090753 	0.431567 	
0.785016 	0.347311 	1.030776 	1.147007 	1.226020 	1.083109 	0.167705 	1.119431 	1.634205 	0.975320 	0.975320 	1.002809 	0.901388 	2.079814 	0.896172 	1.263428 	0.620987 	1.690599 	1.518634 	9.000000 	1.636498 	1.886796 	0.707990 	1.168867 	0.605186 	1.282819 	0.127475 	1.535008 	1.220656 	0.566789 	1.758195 	1.997029 	1.025914 	0.325960 	1.273283 	0.474342 	1.449569 	0.626498 	1.655483 	0.664266 	1.732412 	0.687841 	0.629484 	0.600521 	0.608276 	1.732772 	
2.250694 	1.697425 	2.503123 	2.627975 	2.701851 	2.586987 	1.562050 	2.653771 	0.145774 	2.316382 	2.345341 	2.395047 	2.300136 	0.525595 	2.475884 	2.812139 	1.020416 	3.197851 	0.125000 	1.636498 	9.000000 	0.261008 	2.330906 	0.498121 	1.073837 	2.864001 	1.590794 	3.094855 	2.812139 	2.200142 	3.309551 	0.360555 	2.647286 	1.454519 	0.475000 	2.096575 	0.340037 	2.260669 	3.254420 	2.285416 	0.325000 	2.307054 	1.309819 	1.364276 	2.202981 	0.357946 	
2.475126 	1.928892 	2.724427 	2.848794 	2.921151 	2.811250 	1.805028 	2.881514 	0.265754 	2.526114 	2.557587 	2.608759 	2.516446 	0.292617 	2.711665 	3.040765 	1.275000 	3.417327 	0.369121 	1.886796 	0.261008 	9.000000 	2.575121 	0.759111 	1.332760 	3.097681 	1.845603 	3.323590 	3.047950 	2.447703 	3.535711 	0.134629 	2.890069 	1.713549 	0.728869 	2.350532 	0.575543 	2.512469 	3.490075 	2.539931 	0.437321 	2.561860 	1.570430 	1.625000 	2.459675 	0.471699 	
0.430116 	0.687841 	0.525595 	0.594243 	0.661910 	0.515388 	0.770146 	0.500625 	2.316382 	0.672681 	0.636396 	0.620987 	0.566789 	2.748295 	0.251247 	0.608276 	1.325943 	1.044330 	2.210204 	0.707990 	2.330906 	2.575121 	9.000000 	1.874166 	1.312441 	0.594243 	0.790569 	0.854400 	0.525595 	0.158114 	1.077033 	2.690376 	0.318198 	0.986154 	1.981161 	0.375832 	2.156965 	0.237171 	0.950329 	0.335410 	2.439775 	0.347311 	1.274755 	1.231107 	0.443001 	2.440543 	
1.844587 	1.282819 	2.101488 	2.226123 	2.302851 	2.177298 	1.117195 	2.235090 	0.550568 	1.945508 	1.967867 	2.013237 	1.913439 	1.007782 	2.039148 	2.390084 	0.548293 	2.794302 	0.403113 	1.168867 	0.498121 	0.759111 	1.874166 	9.000000 	0.583095 	2.429635 	1.110180 	2.670674 	2.373025 	1.735655 	2.890069 	0.850368 	2.192316 	0.961769 	0.150000 	1.615936 	0.291548 	1.785007 	2.813472 	1.802776 	0.570088 	1.823630 	0.813941 	0.867828 	1.715007 	0.575543 	
1.346291 	0.800391 	1.601952 	1.723550 	1.802255 	1.666021 	0.594243 	1.711907 	1.099147 	1.491643 	1.504161 	1.542117 	1.439184 	1.559046 	1.497707 	1.860779 	0.125000 	2.281036 	0.965660 	0.605186 	1.073837 	1.332760 	1.312441 	0.583095 	9.000000 	1.886299 	0.531507 	2.136001 	1.825171 	1.167262 	2.358495 	1.431127 	1.629801 	0.380789 	0.672681 	1.035012 	0.851469 	1.206752 	2.260669 	1.220656 	1.133578 	1.241219 	0.335410 	0.371652 	1.131923 	1.131923 	
0.648556 	1.168867 	0.456207 	0.375832 	0.364006 	0.353553 	1.312441 	0.254951 	2.833946 	0.731864 	0.682367 	0.629484 	0.673146 	3.245189 	0.390512 	0.134629 	1.885802 	0.475657 	2.740552 	1.282819 	2.864001 	3.097681 	0.594243 	2.429635 	1.886299 	9.000000 	1.376817 	0.261008 	0.075000 	0.752080 	0.482830 	3.219084 	0.325000 	1.576586 	2.545707 	0.958188 	2.717651 	0.789383 	0.395285 	0.853302 	2.999271 	0.851469 	1.868321 	1.825171 	0.980115 	3.002603 	
0.905539 	0.469707 	1.147279 	1.261200 	1.340009 	1.195042 	0.265754 	1.226020 	1.599414 	1.101136 	1.100000 	1.126111 	1.025305 	2.051981 	0.995301 	1.365650 	0.570636 	1.796698 	1.476482 	0.127475 	1.590794 	1.845603 	0.790569 	1.110180 	0.531507 	1.376817 	9.000000 	1.632483 	1.311964 	0.640312 	1.856071 	1.950801 	1.105102 	0.206155 	1.204159 	0.506211 	1.382932 	0.675463 	1.740869 	0.694622 	1.665083 	0.716327 	0.509902 	0.477624 	0.617454 	1.663205 	
0.851469 	1.397542 	0.617454 	0.503115 	0.450694 	0.520216 	1.555032 	0.442295 	3.058697 	0.873212 	0.827647 	0.771767 	0.840387 	3.460220 	0.638847 	0.282843 	2.130288 	0.246221 	2.970690 	1.535008 	3.094855 	3.323590 	0.854400 	2.670674 	2.136001 	0.261008 	1.632483 	9.000000 	0.333542 	1.012423 	0.223607 	3.447191 	0.579871 	1.833712 	2.790161 	1.219118 	2.960152 	1.049405 	0.251247 	1.110180 	3.240756 	1.107080 	2.127205 	2.084616 	1.237437 	3.245189 	
0.617454 	1.120547 	0.450000 	0.388104 	0.391312 	0.350892 	1.256234 	0.251247 	2.784892 	0.725431 	0.675463 	0.625000 	0.657647 	3.200098 	0.336341 	0.176777 	1.827738 	0.550568 	2.689098 	1.220656 	2.812139 	3.047950 	0.525595 	2.373025 	1.825171 	0.075000 	1.311964 	0.333542 	9.000000 	0.682825 	0.553399 	3.168300 	0.250000 	1.510381 	2.487217 	0.886002 	2.660122 	0.715891 	0.442295 	0.778621 	2.942151 	0.776611 	1.800347 	1.756595 	0.905539 	2.944911 	
0.500000 	0.604669 	0.649038 	0.731864 	0.803508 	0.654313 	0.648556 	0.650481 	2.191603 	0.750000 	0.721110 	0.716327 	0.645174 	2.629757 	0.400780 	0.764853 	1.187697 	1.201301 	2.080865 	0.566789 	2.200142 	2.447703 	0.158114 	1.735655 	1.167262 	0.752080 	0.640312 	1.012423 	0.682825 	9.000000 	1.234909 	2.560395 	0.465027 	0.832166 	1.838478 	0.226385 	2.015564 	0.145774 	1.102554 	0.250000 	2.298369 	0.270416 	1.118034 	1.073837 	0.325960 	2.298097 	
1.060660 	1.613420 	0.816241 	0.695072 	0.630971 	0.725000 	1.775704 	0.656220 	3.270417 	1.054751 	1.012423 	0.956883 	1.035012 	3.666487 	0.862047 	0.500000 	2.351197 	0.201556 	3.185122 	1.758195 	3.309551 	3.535711 	1.077033 	2.890069 	2.358495 	0.482830 	1.856071 	0.223607 	0.553399 	1.234909 	9.000000 	3.660345 	0.794512 	2.057304 	3.010814 	1.439184 	3.180016 	1.267379 	0.270416 	1.323820 	3.460130 	1.319327 	2.350532 	2.307732 	1.451293 	3.465003 	
2.600120 	2.050914 	2.850548 	2.975105 	3.047950 	2.936409 	1.920937 	3.005412 	0.395285 	2.655301 	2.686192 	2.737015 	2.643979 	0.318198 	2.831960 	3.164352 	1.380670 	3.544185 	0.480234 	1.997029 	0.360555 	0.134629 	2.690376 	0.850368 	1.431127 	3.219084 	1.950801 	3.447191 	3.168300 	2.560395 	3.660345 	9.000000 	3.006347 	1.811249 	0.800391 	2.456751 	0.632949 	2.621188 	3.610575 	2.645397 	0.436606 	2.666927 	1.652460 	1.707703 	2.561860 	0.467039 	
0.575543 	0.983933 	0.514782 	0.512957 	0.550568 	0.445112 	1.085415 	0.371652 	2.630233 	0.759111 	0.711512 	0.673146 	0.667083 	3.058288 	0.251247 	0.395285 	1.644118 	0.800391 	2.526114 	1.025914 	2.647286 	2.890069 	0.318198 	2.192316 	1.629801 	0.325000 	1.105102 	0.579871 	0.250000 	0.465027 	0.794512 	3.006347 	9.000000 	1.296630 	2.299185 	0.650000 	2.475126 	0.474342 	0.638847 	0.530330 	2.757943 	0.527376 	1.578369 	1.532359 	0.657647 	2.758623 	
1.110180 	0.642748 	1.353237 	1.467353 	1.546165 	1.401116 	0.419076 	1.431127 	1.478386 	1.300000 	1.300961 	1.328768 	1.227294 	1.937298 	1.198176 	1.569236 	0.456207 	2.001406 	1.346291 	0.325960 	1.454519 	1.713549 	0.986154 	0.961769 	0.380789 	1.576586 	0.206155 	1.833712 	1.510381 	0.832166 	2.057304 	1.811249 	1.296630 	9.000000 	1.040433 	0.671751 	1.220656 	0.849264 	1.934716 	0.851469 	1.500000 	0.870704 	0.304138 	0.275000 	0.755811 	1.495410 	
1.972308 	1.410895 	2.229630 	2.353853 	2.431178 	2.302851 	1.235162 	2.357568 	0.564026 	2.081466 	2.102380 	2.146654 	2.046033 	1.000312 	2.155371 	2.510976 	0.660019 	2.920295 	0.412311 	1.273283 	0.475000 	0.728869 	1.981161 	0.150000 	0.672681 	2.545707 	1.204159 	2.790161 	2.487217 	1.838478 	3.010814 	0.800391 	2.299185 	1.040433 	9.000000 	1.706239 	0.180278 	1.879162 	2.925854 	1.890106 	0.460977 	1.910007 	0.854400 	0.910014 	1.796177 	0.459619 	
