UB = 794
M = 110

Distance:
999.000000 	31.384710 	47.296936 	27.073973 	99.403221 	110.145355 	48.000000 	22.360680 	111.830231 	54.037025 	73.552704 	95.519630 	132.003784 	56.293873 	96.767761 	58.855755 	43.908997 	113.600174 	121.078484 	112.258629 	47.413078 	40.311287 	62.169125 	44.045429 	36.674240 	108.268188 	124.531120 	47.201694 	45.254833 	92.655273 	46.647614 	71.805290 	131.487640 	95.257545 	64.884514 	65.368187 	146.812805 	60.811184 	54.000000 	59.640591 	103.019417 	68.014702 	136.704056 	134.714508 	70.767227 	67.119293 	128.003906 	106.099007 	127.475487 	97.498718 	109.489723 	126.142776 	96.519424 	110.494347 	107.786827 	116.107712 	127.738014 	107.186752 	111.507851 	129.618668 	
31.384710 	999.000000 	19.646883 	31.016125 	85.041168 	98.290382 	26.400757 	17.464249 	101.237343 	32.449963 	52.354561 	79.202271 	123.693169 	28.284271 	79.630394 	31.575306 	12.529964 	100.498756 	109.603828 	98.493652 	16.155495 	13.038404 	34.234486 	13.892444 	28.284271 	92.200867 	112.449989 	16.278820 	16.763054 	70.384659 	24.186773 	43.000000 	117.796432 	71.784401 	33.541019 	34.000000 	135.103668 	31.384710 	46.615448 	33.734257 	78.102493 	37.643059 	119.570061 	116.468880 	40.607880 	41.231056 	104.995239 	77.162170 	103.580887 	66.760765 	81.024689 	101.414986 	65.215027 	79.699432 	76.557167 	85.440041 	99.126183 	75.802376 	80.131142 	98.681305 	
47.296936 	19.646883 	999.000000 	50.596443 	68.014702 	82.006096 	11.180340 	37.107952 	85.445892 	15.264338 	33.600594 	61.522354 	108.452751 	9.055386 	61.619801 	12.041595 	13.601471 	83.630135 	93.236259 	81.394104 	11.704700 	25.455845 	15.033297 	20.808653 	46.324940 	74.330345 	95.775780 	18.788294 	25.238859 	50.990196 	36.400551 	24.515301 	100.409164 	52.201534 	22.825424 	23.706539 	118.258194 	32.140316 	62.968246 	39.849716 	58.463665 	34.365681 	101.019798 	97.637085 	37.483330 	45.891174 	85.381500 	58.855755 	83.934502 	51.000000 	62.393909 	81.786308 	54.817879 	63.953106 	62.425957 	69.354164 	80.622574 	63.655323 	67.357254 	83.186539 	
27.073973 	31.016125 	50.596443 	999.000000 	114.621117 	127.141655 	56.824291 	13.892444 	129.634094 	63.063461 	83.192551 	109.293182 	151.320847 	58.940647 	109.931801 	62.361847 	40.311287 	129.807556 	138.408813 	128.003906 	44.283180 	30.066593 	64.761101 	36.013885 	12.727922 	122.331520 	141.495590 	40.012497 	34.365681 	101.390335 	29.068884 	72.835434 	147.410995 	102.786186 	59.135437 	59.211487 	164.149323 	47.759815 	27.073973 	42.190044 	108.931168 	55.973209 	150.083313 	147.176758 	57.939625 	48.600410 	135.977936 	106.169678 	134.480484 	93.343452 	110.367569 	132.185471 	86.330757 	105.801704 	101.000000 	111.758667 	128.140549 	98.081596 	102.883430 	123.967735 	
99.403221 	85.041168 	68.014702 	114.621117 	999.000000 	14.866069 	58.728188 	100.801788 	19.416489 	53.037724 	35.846897 	8.062258 	42.379242 	63.245552 	10.049875 	59.908264 	81.565926 	15.620500 	25.553865 	13.453624 	79.025314 	93.434471 	60.033325 	88.729927 	113.278419 	10.049875 	27.802877 	86.214851 	93.085983 	29.017237 	104.350372 	59.808025 	32.802441 	33.241539 	78.721024 	79.624115 	50.249378 	95.880135 	130.831955 	105.688217 	39.849716 	93.941475 	37.854988 	37.054016 	96.254868 	110.145355 	43.266617 	62.369865 	46.227695 	75.000000 	60.440052 	48.795490 	94.641426 	80.894997 	87.206650 	82.000000 	70.327805 	95.005264 	95.189285 	93.605553 	
110.145355 	98.290382 	82.006096 	127.141655 	14.866069 	999.000000 	72.249565 	113.454834 	5.099020 	66.843102 	50.537113 	22.803509 	27.513634 	77.698135 	24.331051 	74.431175 	95.603348 	5.385165 	11.313708 	7.071068 	93.230896 	107.298645 	74.706093 	102.800781 	126.574089 	15.811388 	14.422205 	100.439034 	107.200745 	43.185646 	118.406082 	74.672615 	21.840330 	47.010635 	93.520050 	94.429871 	37.013512 	110.535065 	144.499130 	120.220627 	52.469040 	108.747414 	32.557640 	34.176014 	111.085556 	124.823875 	49.040798 	75.425461 	53.009434 	89.140335 	72.993149 	56.603886 	109.178749 	94.260277 	101.004951 	94.894676 	80.777473 	109.073372 	109.004585 	105.759163 	
48.000000 	26.400757 	11.180340 	56.824291 	58.728188 	72.249565 	999.000000 	42.941822 	75.432091 	6.324555 	26.570660 	52.801514 	98.229324 	13.892444 	53.254108 	14.142136 	24.166092 	74.249580 	83.546394 	72.180328 	22.803509 	35.227829 	17.691807 	31.304953 	54.561890 	65.802734 	86.278618 	29.732138 	35.777088 	45.354160 	46.647614 	27.202942 	91.438507 	47.518417 	32.280025 	33.241539 	108.894447 	43.289722 	72.249565 	50.960770 	55.036350 	45.099888 	93.295227 	90.354858 	48.166378 	57.070133 	80.603973 	59.808025 	79.762146 	55.443665 	62.641838 	78.230431 	62.769421 	68.007355 	67.896980 	72.945183 	80.777473 	70.434364 	73.661385 	87.091904 	
22.360680 	17.464249 	37.107952 	13.892444 	100.801788 	113.454834 	42.941822 	999.000000 	116.043098 	49.193497 	69.354164 	95.414886 	137.931137 	45.705578 	96.041656 	49.030602 	28.071337 	116.038788 	124.739731 	114.201576 	32.062439 	20.124611 	51.623638 	25.298222 	16.278820 	108.452751 	127.781059 	29.120440 	25.059929 	87.664131 	24.413111 	60.133186 	133.600143 	89.185204 	48.270073 	48.507732 	150.445999 	40.224369 	35.440090 	37.643059 	95.566734 	48.020828 	136.191040 	133.296661 	50.477718 	45.000000 	122.413231 	94.005318 	121.037186 	82.377182 	98.020409 	118.878090 	77.820305 	95.126228 	91.093361 	101.000000 	116.004311 	89.157166 	93.776329 	113.758514 	
111.830231 	101.237343 	85.445892 	129.634094 	19.416489 	5.099020 	75.432091 	116.043098 	999.000000 	70.213959 	54.625999 	27.459061 	23.259407 	81.492332 	29.154760 	78.294319 	99.045441 	9.219544 	9.486833 	11.661903 	96.798759 	110.602890 	78.721024 	106.254410 	129.495178 	20.880613 	13.341664 	104.009613 	110.679718 	48.093658 	121.827744 	79.056938 	22.022715 	52.000000 	97.693398 	98.615417 	34.985710 	114.490173 	147.627914 	124.036285 	57.558666 	112.924751 	34.785053 	37.121422 	115.316956 	128.798294 	53.600372 	80.504662 	57.688820 	94.085068 	78.089691 	61.400326 	113.991226 	99.322708 	106.018867 	99.985001 	85.796272 	114.039467 	114.017540 	110.855759 	
54.037025 	32.449963 	15.264338 	63.063461 	53.037724 	66.843102 	6.324555 	49.193497 	70.213959 	999.000000 	20.248457 	46.861500 	93.193344 	14.035668 	47.201694 	12.649111 	28.844410 	68.622154 	78.102493 	66.468040 	26.832815 	40.459858 	15.652476 	36.055511 	60.440052 	59.816387 	80.721741 	34.000000 	40.496914 	39.051247 	51.613953 	24.083189 	85.632935 	41.303753 	33.136082 	34.132095 	103.276329 	46.324940 	77.794601 	54.781384 	49.000000 	47.095646 	87.132080 	84.118965 	50.039986 	60.440052 	74.330345 	55.036350 	73.552704 	52.325901 	57.584721 	72.111023 	61.741398 	64.536812 	65.192024 	69.202599 	75.584389 	68.505478 	71.400284 	83.408630 	
73.552704 	52.354561 	33.600594 	83.192551 	35.846897 	50.537113 	26.570660 	69.354164 	54.625999 	20.248457 	999.000000 	28.600698 	77.878113 	27.658634 	28.319605 	24.207438 	46.754681 	51.312767 	61.400326 	48.826221 	43.840622 	58.898216 	24.186773 	53.758720 	79.881165 	41.036568 	63.513779 	50.931328 	57.982758 	19.104973 	69.296463 	25.179358 	67.357254 	22.090721 	43.081318 	44.011364 	85.603737 	60.033325 	96.426140 	69.892776 	30.805843 	58.309521 	67.424034 	64.140472 	60.745369 	74.303429 	54.451813 	43.139309 	54.037025 	47.539455 	44.204071 	53.084839 	63.387695 	57.454330 	60.926186 	60.802959 	60.901562 	66.760765 	68.352028 	74.652527 	
95.519630 	79.202271 	61.522354 	109.293182 	8.062258 	22.803509 	52.801514 	95.414886 	27.459061 	46.861500 	28.600698 	999.000000 	50.289165 	56.222771 	2.828427 	52.801514 	74.966660 	22.825424 	33.105892 	20.248457 	72.249565 	86.977005 	52.697250 	82.073135 	107.298645 	13.038404 	34.985710 	79.397736 	86.371292 	21.095022 	97.672920 	52.000000 	38.897301 	25.495098 	71.119621 	72.006943 	57.008770 	88.509888 	124.482933 	98.473343 	32.695564 	86.313385 	41.231056 	39.293766 	88.566360 	102.727798 	40.311287 	54.817879 	42.544094 	67.007462 	53.141319 	44.407207 	86.579445 	73.164200 	79.309517 	74.464760 	64.070274 	87.022987 	87.281158 	86.377083 	
132.003784 	123.693169 	108.452751 	151.320847 	42.379242 	27.513634 	98.229324 	137.931137 	23.259407 	93.193344 	77.878113 	50.289165 	999.000000 	104.709122 	51.662365 	101.533249 	122.036880 	28.284271 	18.027756 	31.257000 	119.887444 	133.454117 	101.980392 	129.247818 	151.855194 	41.194660 	18.248287 	127.094452 	133.689941 	70.213959 	144.779144 	102.181213 	23.323807 	73.681747 	120.933868 	121.852371 	20.223749 	137.742508 	170.238068 	147.248093 	78.025635 	136.165344 	39.408119 	44.418465 	138.538803 	152.052628 	67.675697 	101.004951 	72.422371 	115.849037 	98.045906 	76.922035 	136.312149 	120.016663 	127.251717 	120.066650 	103.160072 	135.624481 	135.236832 	129.869171 	
56.293873 	28.284271 	9.055386 	58.940647 	63.245552 	77.698135 	13.892444 	45.705578 	81.492332 	14.035668 	27.658634 	56.222771 	104.709122 	999.000000 	55.973209 	3.605551 	19.723083 	78.816238 	88.752464 	76.400261 	16.401220 	31.906113 	6.000000 	26.400757 	53.665630 	68.680420 	91.021973 	23.345236 	30.479502 	43.566040 	41.773197 	15.524175 	95.015785 	44.283180 	19.104973 	20.099751 	113.229858 	33.241539 	69.202599 	42.544094 	50.000000 	33.241539 	94.493385 	90.801979 	36.124783 	47.539455 	77.252831 	49.819675 	75.584389 	42.720020 	53.338543 	73.246162 	48.877399 	55.569775 	54.671749 	60.827625 	71.568146 	56.727417 	60.108234 	74.793045 	
96.767761 	79.630394 	61.619801 	109.931801 	10.049875 	24.331051 	53.254108 	96.041656 	29.154760 	47.201694 	28.319605 	2.828427 	51.662365 	55.973209 	999.000000 	52.497620 	74.966660 	23.769728 	34.176014 	21.023796 	72.138756 	87.045967 	52.201534 	82.024384 	107.615051 	12.727922 	35.777088 	79.246452 	86.278618 	19.000000 	97.590981 	50.990196 	39.051247 	23.194826 	70.327805 	71.196907 	57.428215 	87.920418 	124.579292 	98.005104 	30.083218 	85.475143 	40.249222 	37.947330 	87.658424 	102.083298 	37.696156 	52.392746 	39.824615 	65.007690 	50.596443 	41.617306 	84.852814 	70.859016 	77.162170 	72.034714 	61.294373 	85.000000 	85.146935 	83.815269 	
58.855755 	31.575306 	12.041595 	62.361847 	59.908264 	74.431175 	14.142136 	49.030602 	78.294319 	12.649111 	24.207438 	52.801514 	101.533249 	3.605551 	52.497620 	999.000000 	23.323807 	75.451973 	85.440041 	73.006851 	20.000000 	35.510563 	3.605551 	30.000000 	57.245087 	65.192024 	87.658424 	26.907248 	34.058773 	39.962482 	45.343136 	13.416408 	91.547798 	40.718548 	21.023796 	22.022715 	109.808922 	36.249138 	72.801102 	45.793011 	46.572525 	35.693138 	90.906548 	87.200920 	38.470768 	50.566788 	73.736015 	47.296936 	72.124893 	41.400482 	50.635956 	69.856995 	49.193497 	54.083271 	53.758720 	59.169250 	68.883957 	56.400356 	59.548298 	73.246162 	
43.908997 	12.529964 	13.601471 	40.311287 	81.565926 	95.603348 	24.166092 	28.071337 	99.045441 	28.844410 	46.754681 	74.966660 	122.036880 	19.723083 	74.966660 	23.323807 	999.000000 	97.185387 	106.826965 	94.921021 	4.000000 	12.206555 	25.079872 	7.211102 	34.014702 	87.692642 	109.343498 	6.000000 	11.661903 	63.285069 	22.803509 	32.557640 	113.863953 	63.953106 	21.023796 	21.470911 	131.795303 	21.587032 	49.678970 	27.294687 	69.289246 	26.419689 	114.017540 	110.435501 	29.529646 	34.014702 	96.772926 	66.007576 	94.921021 	54.571056 	70.114189 	92.347168 	52.801514 	67.446274 	64.078079 	73.246162 	88.005684 	63.285069 	67.601776 	86.330757 	
113.600174 	100.498756 	83.630135 	129.807556 	15.620500 	5.385165 	74.249580 	116.038788 	9.219544 	68.622154 	51.312767 	22.825424 	28.284271 	78.816238 	23.769728 	75.451973 	97.185387 	999.000000 	10.440307 	3.000000 	94.641426 	109.041275 	75.471848 	104.350372 	128.763351 	13.000000 	12.206555 	101.828285 	108.706024 	41.976185 	119.970833 	74.732857 	17.888544 	45.398239 	93.941475 	94.826157 	34.655445 	111.305885 	146.413803 	121.202309 	50.039986 	109.128365 	27.294687 	28.792360 	111.359779 	125.538841 	44.407207 	73.061615 	48.548943 	87.572830 	70.349129 	52.354561 	108.060165 	92.021736 	99.080772 	92.347168 	77.162170 	107.377838 	107.074738 	102.771591 	
121.078484 	109.603828 	93.236259 	138.408813 	25.553865 	11.313708 	83.546394 	124.739731 	9.486833 	78.102493 	61.400326 	33.105892 	18.027756 	88.752464 	34.176014 	85.440041 	106.826965 	10.440307 	999.000000 	13.341664 	104.403069 	118.562218 	85.586212 	114.017540 	137.887634 	23.194826 	4.000000 	111.606453 	118.406082 	52.392746 	129.630249 	85.088188 	13.152946 	55.731499 	104.201729 	105.095192 	25.806976 	121.433105 	155.794739 	131.228806 	60.008331 	119.406868 	27.784887 	31.240999 	121.671692 	135.694504 	51.429562 	83.000000 	55.946404 	97.867256 	80.099937 	60.166435 	118.456741 	102.004898 	109.224541 	102.122475 	85.866173 	117.613777 	117.209213 	112.147224 	
112.258629 	98.493652 	81.394104 	128.003906 	13.453624 	7.071068 	72.180328 	114.201576 	11.661903 	66.468040 	48.826221 	20.248457 	31.257000 	76.400261 	21.023796 	73.006851 	94.921021 	3.000000 	13.341664 	999.000000 	92.314682 	106.831642 	72.945183 	102.068604 	126.732002 	10.000000 	14.764823 	99.488693 	106.404884 	39.051247 	117.686020 	72.013885 	19.416489 	42.426407 	91.301697 	92.179176 	36.878178 	108.756607 	144.256714 	118.713943 	47.042534 	106.470650 	27.018513 	27.892651 	108.673820 	122.967476 	42.011902 	70.064255 	46.043457 	84.593147 	67.364677 	49.739319 	105.118980 	89.022469 	96.083298 	89.358826 	74.330345 	104.388695 	104.076897 	99.824844 	
47.413078 	16.155495 	11.704700 	44.283180 	79.025314 	93.230896 	22.803509 	32.062439 	96.798759 	26.832815 	43.840622 	72.249565 	119.887444 	16.401220 	72.138756 	20.000000 	4.000000 	94.641426 	104.403069 	92.314682 	999.000000 	15.652476 	21.470911 	10.000000 	37.696156 	84.864601 	106.826965 	7.211102 	14.142136 	59.908264 	25.455845 	28.635643 	111.126053 	60.415230 	17.492855 	18.027756 	129.189789 	21.023796 	52.801514 	28.160255 	65.551506 	24.698177 	110.887329 	107.200745 	27.856777 	34.365681 	93.107468 	62.008064 	91.181137 	50.695168 	66.121101 	88.543777 	49.678970 	63.600315 	60.415230 	69.375786 	84.005951 	59.908264 	64.140472 	82.540901 	
40.311287 	13.038404 	25.455845 	30.066593 	93.434471 	107.298645 	35.227829 	20.124611 	110.602890 	40.459858 	58.898216 	86.977005 	133.454117 	31.906113 	87.045967 	35.510563 	12.206555 	109.041275 	118.562218 	106.831642 	15.652476 	999.000000 	37.121422 	6.082763 	22.135944 	99.764725 	121.165176 	10.049875 	5.000000 	75.471848 	11.704700 	43.965897 	125.865005 	76.059189 	29.068884 	29.154760 	143.683685 	20.518284 	37.536648 	20.880613 	81.154175 	28.017851 	126.210144 	122.641754 	30.610456 	28.460499 	108.747414 	76.419891 	106.775467 	63.285069 	80.752708 	104.062485 	57.697487 	75.802376 	71.309189 	81.743500 	98.325989 	69.079666 	73.736015 	94.148819 	
62.169125 	34.234486 	15.033297 	64.761101 	60.033325 	74.706093 	17.691807 	51.623638 	78.721024 	15.652476 	24.186773 	52.697250 	101.980392 	6.000000 	52.201534 	3.605551 	25.079872 	75.471848 	85.586212 	72.945183 	21.470911 	37.121422 	999.000000 	31.384710 	59.093147 	64.815125 	87.664131 	28.017851 	35.227829 	38.600517 	46.400433 	9.848858 	91.214035 	38.948685 	19.416489 	20.396078 	109.622078 	35.846897 	74.060783 	45.803928 	44.271889 	34.481880 	89.938866 	86.052307 	37.107952 	50.119858 	71.693794 	43.931767 	69.892776 	37.802116 	47.381432 	67.446274 	46.097721 	50.477718 	50.209560 	55.569775 	65.620117 	53.009434 	56.080299 	69.641945 	
44.045429 	13.892444 	20.808653 	36.013885 	88.729927 	102.800781 	31.304953 	25.298222 	106.254410 	36.055511 	53.758720 	82.073135 	129.247818 	26.400757 	82.024384 	30.000000 	7.211102 	104.350372 	114.017540 	102.068604 	10.000000 	6.082763 	31.384710 	999.000000 	28.160255 	94.752312 	116.516090 	4.000000 	4.472136 	69.892776 	15.620500 	37.947330 	120.966934 	70.327805 	23.194826 	23.345236 	138.946030 	17.492855 	42.801868 	21.000000 	75.239616 	24.041630 	120.880104 	117.200684 	26.907248 	28.160255 	102.883430 	70.349129 	100.846420 	57.428215 	74.672615 	98.081596 	52.839378 	70.035706 	65.802734 	75.953934 	92.265923 	63.976559 	68.541962 	88.526833 	
36.674240 	28.284271 	46.324940 	12.727922 	113.278419 	126.574089 	54.561890 	16.278820 	129.495178 	60.440052 	79.881165 	107.298645 	151.855194 	53.665630 	107.615051 	57.245087 	34.014702 	128.763351 	137.887634 	126.732002 	37.696156 	22.135944 	59.093147 	28.160255 	999.000000 	120.253899 	140.730240 	32.015621 	25.317978 	97.128784 	17.464249 	66.098412 	146.000000 	97.943863 	50.249378 	50.159744 	163.379929 	36.674240 	19.313208 	29.966648 	103.247276 	44.911022 	147.299011 	143.961807 	46.572525 	36.055511 	130.782257 	98.152939 	128.875916 	84.005951 	102.591423 	126.194298 	75.186432 	96.083298 	90.669731 	102.078400 	119.941650 	87.097649 	91.983696 	113.745331 	
108.268188 	92.200867 	74.330345 	122.331520 	10.049875 	15.811388 	65.802734 	108.452751 	20.880613 	59.816387 	41.036568 	13.038404 	41.194660 	68.680420 	12.727922 	65.192024 	87.692642 	13.000000 	23.194826 	10.000000 	84.864601 	99.764725 	64.815125 	94.752312 	120.253899 	999.000000 	24.041630 	91.967384 	99.005051 	29.410883 	110.317726 	63.134777 	26.400757 	32.557640 	82.680107 	83.528435 	44.944408 	100.439034 	137.295303 	110.602890 	37.054016 	97.754799 	28.460499 	27.166155 	99.849884 	114.546936 	34.713108 	60.074955 	38.209946 	74.672615 	57.428215 	41.400482 	95.341492 	79.025314 	86.092972 	79.404030 	65.000000 	94.429871 	94.085068 	90.027771 	
124.531120 	112.449989 	95.775780 	141.495590 	27.802877 	14.422205 	86.278618 	127.781059 	13.341664 	80.721741 	63.513779 	34.985710 	18.248287 	91.021973 	35.777088 	87.658424 	109.343498 	12.206555 	4.000000 	14.764823 	106.826965 	121.165176 	87.664131 	116.516090 	140.730240 	24.041630 	999.000000 	114.017540 	120.880104 	53.450912 	132.136292 	86.764046 	9.219544 	56.515484 	106.066017 	106.943909 	22.671568 	123.490891 	158.492905 	133.405396 	60.207973 	121.235306 	24.413111 	28.284271 	123.434196 	137.713470 	49.769470 	83.096329 	54.424259 	98.478424 	80.000000 	58.821766 	119.331474 	102.122475 	109.553642 	102.004898 	84.929382 	118.088951 	117.515953 	111.646767 	
47.201694 	16.278820 	18.788294 	40.012497 	86.214851 	100.439034 	29.732138 	29.120440 	104.009613 	34.000000 	50.931328 	79.397736 	127.094452 	23.345236 	79.246452 	26.907248 	6.000000 	101.828285 	111.606453 	99.488693 	7.211102 	10.049875 	28.017851 	4.000000 	32.015621 	91.967384 	114.017540 	999.000000 	7.211102 	66.610809 	18.439089 	34.176014 	118.258194 	66.887962 	19.235384 	19.416489 	136.359818 	15.811388 	46.043457 	21.377558 	71.589104 	21.400934 	117.796432 	114.017540 	24.413111 	28.017851 	99.282425 	66.370171 	97.169952 	53.460266 	70.710678 	94.339813 	49.396355 	66.098412 	61.983868 	72.006943 	88.277969 	60.373837 	64.884514 	84.646324 	
45.254833 	16.763054 	25.238859 	34.365681 	93.085983 	107.200745 	35.777088 	25.059929 	110.679718 	40.496914 	57.982758 	86.371292 	133.689941 	30.479502 	86.278618 	34.058773 	11.661903 	108.706024 	118.406082 	106.404884 	14.142136 	5.000000 	35.227829 	4.472136 	25.317978 	99.005051 	120.880104 	7.211102 	999.000000 	73.817345 	11.313708 	41.231056 	125.255737 	74.094536 	25.019993 	25.000000 	143.282944 	15.556349 	38.832977 	17.117243 	78.721024 	23.021729 	124.963997 	121.210564 	25.612497 	24.515301 	106.437775 	72.835434 	104.278473 	59.076221 	77.278717 	101.390335 	52.801514 	71.449280 	66.708321 	77.414467 	94.641426 	64.257294 	68.949257 	89.627007 	
92.655273 	70.384659 	50.990196 	101.390335 	29.017237 	43.185646 	45.354160 	87.664131 	48.093658 	39.051247 	19.104973 	21.095022 	70.213959 	43.566040 	19.000000 	39.962482 	63.285069 	41.976185 	52.392746 	39.051247 	59.908264 	75.471848 	38.600517 	69.892776 	97.128784 	29.410883 	53.450912 	66.610809 	73.817345 	999.000000 	85.000000 	34.828148 	55.009090 	5.000000 	54.671749 	55.443665 	73.790245 	72.917763 	112.645462 	83.450584 	14.212670 	69.404610 	51.623638 	47.507893 	71.281136 	86.683334 	35.355339 	34.176014 	35.000000 	46.010868 	33.120991 	34.365681 	66.098412 	52.172791 	58.215118 	53.758720 	46.690472 	66.000000 	66.189125 	66.211784 	
46.647614 	24.186773 	36.400551 	29.068884 	104.350372 	118.406082 	46.647614 	24.413111 	121.827744 	51.613953 	69.296463 	97.672920 	144.779144 	41.773197 	97.590981 	45.343136 	22.803509 	119.970833 	129.630249 	117.686020 	25.455845 	11.704700 	46.400433 	15.620500 	17.464249 	110.317726 	132.136292 	18.439089 	11.313708 	85.000000 	999.000000 	51.884487 	136.561340 	85.146935 	34.205261 	33.955853 	154.563904 	19.235384 	27.784887 	13.453624 	89.470665 	27.459061 	136.235092 	132.438660 	29.120440 	20.615528 	117.239075 	82.225304 	114.934761 	67.186310 	86.833176 	111.892807 	57.723480 	79.000000 	73.334846 	85.000000 	103.754517 	69.634758 	74.525162 	96.420952 	
71.805290 	43.000000 	24.515301 	72.835434 	59.808025 	74.672615 	27.202942 	60.133186 	79.056938 	24.083189 	25.179358 	52.000000 	102.181213 	15.524175 	50.990196 	13.416408 	32.557640 	74.732857 	85.088188 	72.013885 	28.635643 	43.965897 	9.848858 	37.947330 	66.098412 	63.134777 	86.764046 	34.176014 	41.231056 	34.828148 	51.884487 	999.000000 	89.358826 	33.970577 	19.849434 	20.615528 	108.046288 	38.183765 	79.649231 	48.836460 	37.589893 	34.669872 	86.371292 	82.024384 	36.715118 	51.855568 	65.368187 	34.365681 	63.071388 	28.319605 	38.052597 	60.166435 	39.293766 	40.804413 	41.109608 	45.793011 	56.222771 	44.777225 	47.434166 	59.908264 	
131.487640 	117.796432 	100.409164 	147.410995 	32.802441 	21.840330 	91.438507 	133.600143 	22.022715 	85.632935 	67.357254 	38.897301 	23.323807 	95.015785 	39.051247 	91.547798 	113.863953 	17.888544 	13.152946 	19.416489 	111.126053 	125.865005 	91.214035 	120.966934 	146.000000 	26.400757 	9.219544 	118.258194 	125.255737 	55.009090 	136.561340 	89.358826 	999.000000 	57.384666 	109.000000 	109.836243 	18.788294 	126.826653 	163.355438 	137.003647 	59.665737 	124.020157 	16.278820 	21.095022 	126.051575 	140.911316 	45.122055 	82.036575 	50.009998 	98.493652 	78.517517 	54.744862 	119.854080 	100.975243 	108.853111 	100.319489 	81.498466 	117.686020 	116.726173 	109.041275 	
95.257545 	71.784401 	52.201534 	102.786186 	33.241539 	47.010635 	47.518417 	89.185204 	52.000000 	41.303753 	22.090721 	25.495098 	73.681747 	44.283180 	23.194826 	40.718548 	63.953106 	45.398239 	55.731499 	42.426407 	60.415230 	76.059189 	38.948685 	70.327805 	97.943863 	32.557640 	56.515484 	66.887962 	74.094536 	5.000000 	85.146935 	33.970577 	57.384666 	999.000000 	53.740116 	54.451813 	76.157730 	72.138756 	112.898186 	82.807007 	9.433981 	68.117546 	52.630791 	48.104053 	69.814041 	85.632935 	33.241539 	29.410883 	32.249031 	42.190044 	28.178005 	31.016125 	62.817196 	47.675991 	54.037025 	49.040798 	41.773197 	62.072536 	62.032249 	61.326992 	
64.884514 	33.541019 	22.825424 	59.135437 	78.721024 	93.520050 	32.280025 	48.270073 	97.693398 	33.136082 	43.081318 	71.119621 	120.933868 	19.104973 	70.327805 	21.023796 	21.023796 	93.941475 	104.201729 	91.301697 	17.492855 	29.068884 	19.416489 	23.194826 	50.249378 	82.680107 	106.066017 	19.235384 	25.019993 	54.671749 	34.205261 	19.849434 	109.000000 	53.740116 	999.000000 	1.000000 	127.624451 	18.439089 	61.465439 	29.206163 	56.612720 	15.231546 	106.216759 	101.833199 	17.720045 	32.015621 	84.314888 	48.052055 	81.633324 	34.234486 	52.630791 	78.294319 	32.526913 	46.872166 	43.081318 	52.773098 	69.720871 	42.438190 	46.647614 	65.520988 	
65.368187 	34.000000 	23.706539 	59.211487 	79.624115 	94.429871 	33.241539 	48.507732 	98.615417 	34.132095 	44.011364 	72.006943 	121.852371 	20.099751 	71.196907 	22.022715 	21.470911 	94.826157 	105.095192 	92.179176 	18.027756 	29.154760 	20.396078 	23.345236 	50.159744 	83.528435 	106.943909 	19.416489 	25.000000 	55.443665 	33.955853 	20.615528 	109.836243 	54.451813 	1.000000 	999.000000 	128.471786 	17.804493 	61.098282 	28.600698 	57.201397 	14.317822 	106.962608 	102.552429 	16.763054 	31.240999 	84.876381 	48.270073 	82.152298 	34.132095 	52.886673 	78.771820 	31.827662 	46.690472 	42.720020 	52.611786 	69.871307 	41.880783 	46.141087 	65.253349 	
146.812805 	135.103668 	118.258194 	164.149323 	50.249378 	37.013512 	108.894447 	150.445999 	34.985710 	103.276329 	85.603737 	57.008770 	20.223749 	113.229858 	57.428215 	109.808922 	131.795303 	34.655445 	25.806976 	36.878178 	129.189789 	143.683685 	109.622078 	138.946030 	163.379929 	44.944408 	22.671568 	136.359818 	143.282944 	73.790245 	154.563904 	108.046288 	18.788294 	76.157730 	127.624451 	128.471786 	999.000000 	145.340973 	181.069046 	155.425217 	78.160095 	142.688477 	29.154760 	35.128338 	144.754959 	159.477264 	61.032780 	100.224747 	66.030296 	117.046997 	96.509064 	71.007042 	138.513535 	119.050407 	127.121986 	118.088951 	98.005104 	136.062485 	134.937027 	126.099167 	
60.811184 	31.384710 	32.140316 	47.759815 	95.880135 	110.535065 	43.289722 	40.224369 	114.490173 	46.324940 	60.033325 	88.509888 	137.742508 	33.241539 	87.920418 	36.249138 	21.587032 	111.305885 	121.433105 	108.756607 	21.023796 	20.518284 	35.846897 	17.492855 	36.674240 	100.439034 	123.490891 	15.811388 	15.556349 	72.917763 	19.235384 	38.183765 	126.826653 	72.138756 	18.439089 	17.804493 	145.340973 	999.000000 	44.384682 	10.816654 	75.000000 	8.246211 	124.523087 	120.208153 	10.295630 	14.317822 	102.649887 	64.845970 	99.859901 	48.662102 	69.641945 	96.384644 	38.600517 	60.074955 	54.147945 	66.068146 	85.866173 	50.447994 	55.317268 	77.233414 	
54.000000 	46.615448 	62.968246 	27.073973 	130.831955 	144.499130 	72.249565 	35.440090 	147.627914 	77.794601 	96.426140 	124.482933 	170.238068 	69.202599 	124.579292 	72.801102 	49.678970 	146.413803 	155.794739 	144.256714 	52.801514 	37.536648 	74.060783 	42.801868 	19.313208 	137.295303 	158.492905 	46.043457 	38.832977 	112.645462 	27.784887 	79.649231 	163.355438 	112.898186 	61.465439 	61.098282 	181.069046 	44.384682 	999.000000 	34.365681 	117.239075 	51.788029 	163.670395 	160.000000 	52.345009 	37.054016 	145.013794 	109.110039 	142.667450 	92.962357 	113.841995 	139.556442 	80.000000 	103.947105 	97.252251 	109.895409 	130.249756 	92.005432 	97.005157 	120.104118 	
59.640591 	33.734257 	39.849716 	42.190044 	105.688217 	120.220627 	50.960770 	37.643059 	124.036285 	54.781384 	69.892776 	98.473343 	147.248093 	42.544094 	98.005104 	45.793011 	27.294687 	121.202309 	131.228806 	118.713943 	28.160255 	20.880613 	45.803928 	21.000000 	29.966648 	110.602890 	133.405396 	21.377558 	17.117243 	83.450584 	13.453624 	48.836460 	137.003647 	82.807007 	29.206163 	28.600698 	155.425217 	10.816654 	34.365681 	999.000000 	85.802101 	17.464249 	135.074051 	130.831955 	18.027756 	7.615773 	113.463654 	75.392311 	110.675201 	58.694122 	80.230919 	107.186752 	46.270943 	69.584480 	63.031738 	75.538071 	96.166519 	58.309521 	63.285069 	86.000000 	
103.019417 	78.102493 	58.463665 	108.931168 	39.849716 	52.469040 	55.036350 	95.566734 	57.558666 	49.000000 	30.805843 	32.695564 	78.025635 	50.000000 	30.083218 	46.572525 	69.289246 	50.039986 	60.008331 	47.042534 	65.551506 	81.154175 	44.271889 	75.239616 	103.247276 	37.054016 	60.207973 	71.589104 	78.721024 	14.212670 	89.470665 	37.589893 	59.665737 	9.433981 	56.612720 	57.201397 	78.160095 	75.000000 	117.239075 	85.802101 	999.000000 	70.092796 	52.354561 	47.169907 	71.421288 	87.863533 	27.784887 	23.021729 	25.632011 	38.897301 	20.615528 	23.345236 	60.539242 	42.000000 	49.365982 	42.426407 	32.526913 	58.051701 	57.314919 	53.758720 	
68.014702 	37.643059 	34.365681 	55.973209 	93.941475 	108.747414 	45.099888 	48.020828 	112.924751 	47.095646 	58.309521 	86.313385 	136.165344 	33.241539 	85.475143 	35.693138 	26.419689 	109.128365 	119.406868 	106.470650 	24.698177 	28.017851 	34.481880 	24.041630 	44.911022 	97.754799 	121.235306 	21.400934 	23.021729 	69.404610 	27.459061 	34.669872 	124.020157 	68.117546 	15.231546 	14.317822 	142.688477 	8.246211 	51.788029 	17.464249 	70.092796 	999.000000 	120.739388 	116.180893 	3.162278 	17.804493 	97.452553 	58.180752 	94.403389 	41.231056 	63.071388 	90.697296 	30.364452 	52.239830 	46.043457 	58.215118 	78.746429 	42.201897 	47.074409 	69.115845 	
136.704056 	119.570061 	101.019798 	150.083313 	37.854988 	32.557640 	93.295227 	136.191040 	34.785053 	87.132080 	67.424034 	41.231056 	39.408119 	94.493385 	40.249222 	90.906548 	114.017540 	27.294687 	27.784887 	27.018513 	110.887329 	126.210144 	89.938866 	120.880104 	147.299011 	28.460499 	24.413111 	117.796432 	124.963997 	51.623638 	136.235092 	86.371292 	16.278820 	52.630791 	106.216759 	106.962608 	29.154760 	124.523087 	163.670395 	135.074051 	52.354561 	120.739388 	999.000000 	6.000000 	122.441826 	138.191895 	32.015621 	73.054771 	37.013512 	90.873535 	68.963760 	42.047592 	112.729767 	91.482239 	99.929977 	90.027771 	69.028976 	109.110039 	107.563934 	97.329338 	
134.714508 	116.468880 	97.637085 	147.176758 	37.054016 	34.176014 	90.354858 	133.296661 	37.121422 	84.118965 	64.140472 	39.293766 	44.418465 	90.801979 	37.947330 	87.200920 	110.435501 	28.792360 	31.240999 	27.892651 	107.200745 	122.641754 	86.052307 	117.200684 	143.961807 	27.166155 	28.284271 	114.017540 	121.210564 	47.507893 	132.438660 	82.024384 	21.095022 	48.104053 	101.833199 	102.552429 	35.128338 	120.208153 	160.000000 	130.831955 	47.169907 	116.180893 	6.000000 	999.000000 	117.796432 	133.734818 	26.019224 	67.416618 	31.016125 	85.428329 	63.245552 	36.055511 	107.331261 	85.726311 	94.244362 	84.172440 	63.031738 	103.464973 	101.833199 	91.350975 	
70.767227 	40.607880 	37.483330 	57.939625 	96.254868 	111.085556 	48.166378 	50.477718 	115.316956 	50.039986 	60.745369 	88.566360 	138.538803 	36.124783 	87.658424 	38.470768 	29.529646 	111.359779 	121.671692 	108.673820 	27.856777 	30.610456 	37.107952 	26.907248 	46.572525 	99.849884 	123.434196 	24.413111 	25.612497 	71.281136 	29.120440 	36.715118 	126.051575 	69.814041 	17.720045 	16.763054 	144.754959 	10.295630 	52.345009 	18.027756 	71.421288 	3.162278 	122.441826 	117.796432 	999.000000 	17.000000 	98.595131 	58.591808 	95.425362 	41.109608 	63.529522 	91.607857 	28.635643 	51.623638 	45.011108 	57.558666 	78.771820 	40.607880 	45.541191 	68.007355 	
67.119293 	41.231056 	45.891174 	48.600410 	110.145355 	124.823875 	57.070133 	45.000000 	128.798294 	60.440052 	74.303429 	102.727798 	152.052628 	47.539455 	102.083298 	50.566788 	34.014702 	125.538841 	135.694504 	122.967476 	34.365681 	28.460499 	50.119858 	28.160255 	36.055511 	114.546936 	137.713470 	28.017851 	24.515301 	86.683334 	20.615528 	51.855568 	140.911316 	85.632935 	32.015621 	31.240999 	159.477264 	14.317822 	37.054016 	7.615773 	87.863533 	17.804493 	138.191895 	133.734818 	17.000000 	999.000000 	115.256233 	75.591003 	112.200714 	57.939625 	80.529495 	108.466583 	43.046486 	67.911705 	60.671246 	73.756355 	95.634720 	55.009090 	60.008331 	83.294655 	
128.003906 	104.995239 	85.381500 	135.977936 	43.266617 	49.040798 	80.603973 	122.413231 	53.600372 	74.330345 	54.451813 	40.311287 	67.675697 	77.252831 	37.696156 	73.736015 	96.772926 	44.407207 	51.429562 	42.011902 	93.107468 	108.747414 	71.693794 	102.883430 	130.782257 	34.713108 	49.769470 	99.282425 	106.437775 	35.355339 	117.239075 	65.368187 	45.122055 	33.241539 	84.314888 	84.876381 	61.032780 	102.649887 	145.013794 	113.463654 	27.784887 	97.452553 	32.015621 	26.019224 	98.595131 	115.256233 	999.000000 	43.566040 	5.000000 	62.425957 	38.948685 	10.049875 	84.314888 	60.926186 	69.778221 	58.821766 	37.013512 	79.158073 	77.077881 	65.375839 	
106.099007 	77.162170 	58.855755 	106.169678 	62.369865 	75.425461 	59.808025 	94.005318 	80.504662 	55.036350 	43.139309 	54.817879 	101.004951 	49.819675 	52.392746 	47.296936 	66.007576 	73.061615 	83.000000 	70.064255 	62.008064 	76.419891 	43.931767 	70.349129 	98.152939 	60.074955 	83.096329 	66.370171 	72.835434 	34.176014 	82.225304 	34.365681 	82.036575 	29.410883 	48.052055 	48.270073 	100.224747 	64.845970 	109.110039 	75.392311 	23.021729 	58.180752 	73.054771 	67.416618 	58.591808 	75.591003 	43.566040 	999.000000 	39.408119 	19.104973 	5.000000 	34.828148 	40.804413 	19.026299 	26.925823 	19.646883 	22.000000 	36.055511 	34.713108 	32.249031 	
127.475487 	103.580887 	83.934502 	134.480484 	46.227695 	53.009434 	79.762146 	121.037186 	57.688820 	73.552704 	54.037025 	42.544094 	72.422371 	75.584389 	39.824615 	72.124893 	94.921021 	48.548943 	55.946404 	46.043457 	91.181137 	106.775467 	69.892776 	100.846420 	128.875916 	38.209946 	54.424259 	97.169952 	104.278473 	35.000000 	114.934761 	63.071388 	50.009998 	32.249031 	81.633324 	82.152298 	66.030296 	99.859901 	142.667450 	110.675201 	25.632011 	94.403389 	37.013512 	31.016125 	95.425362 	112.200714 	5.000000 	39.408119 	999.000000 	58.412327 	34.669872 	5.099020 	80.212219 	56.364883 	65.299309 	54.083271 	32.015621 	74.706093 	72.498276 	60.406952 	
97.498718 	66.760765 	51.000000 	93.343452 	75.000000 	89.140335 	55.443665 	82.377182 	94.085068 	52.325901 	47.539455 	67.007462 	115.849037 	42.720020 	65.007690 	41.400482 	54.571056 	87.572830 	97.867256 	84.593147 	50.695168 	63.285069 	37.802116 	57.428215 	84.005951 	74.672615 	98.478424 	53.460266 	59.076221 	46.010868 	67.186310 	28.319605 	98.493652 	42.190044 	34.234486 	34.132095 	117.046997 	48.662102 	92.962357 	58.694122 	38.897301 	41.231056 	90.873535 	85.428329 	41.109608 	57.939625 	62.425957 	19.104973 	58.412327 	999.000000 	24.041630 	53.907330 	21.954498 	13.000000 	13.416408 	18.681541 	37.696156 	20.024984 	20.880613 	32.202484 	
109.489723 	81.024689 	62.393909 	110.367569 	60.440052 	72.993149 	62.641838 	98.020409 	78.089691 	57.584721 	44.204071 	53.141319 	98.045906 	53.338543 	50.596443 	50.635956 	70.114189 	70.349129 	80.099937 	67.364677 	66.121101 	80.752708 	47.381432 	74.672615 	102.591423 	57.428215 	80.000000 	70.710678 	77.278717 	33.120991 	86.833176 	38.052597 	78.517517 	28.178005 	52.630791 	52.886673 	96.509064 	69.641945 	113.841995 	80.230919 	20.615528 	63.071388 	68.963760 	63.245552 	63.529522 	80.529495 	38.948685 	5.000000 	34.669872 	24.041630 	999.000000 	30.000000 	45.607018 	22.561028 	31.016125 	22.022715 	18.248287 	40.311287 	38.600517 	33.241539 	
126.142776 	101.414986 	81.786308 	132.185471 	48.795490 	56.603886 	78.230431 	118.878090 	61.400326 	72.111023 	53.084839 	44.407207 	76.922035 	73.246162 	41.617306 	69.856995 	92.347168 	52.354561 	60.166435 	49.739319 	88.543777 	104.062485 	67.446274 	98.081596 	126.194298 	41.400482 	58.821766 	94.339813 	101.390335 	34.365681 	111.892807 	60.166435 	54.744862 	31.016125 	78.294319 	78.771820 	71.007042 	96.384644 	139.556442 	107.186752 	23.345236 	90.697296 	42.047592 	36.055511 	91.607857 	108.466583 	10.049875 	34.828148 	5.099020 	53.907330 	30.000000 	999.000000 	75.604233 	51.429562 	60.415230 	49.040798 	27.000000 	69.835518 	67.542580 	55.326305 	
96.519424 	65.215027 	54.817879 	86.330757 	94.641426 	109.178749 	62.769421 	77.820305 	113.991226 	61.741398 	63.387695 	86.579445 	136.312149 	48.877399 	84.852814 	49.193497 	52.801514 	108.060165 	118.456741 	105.118980 	49.678970 	57.697487 	46.097721 	52.839378 	75.186432 	95.341492 	119.331474 	49.396355 	52.801514 	66.098412 	57.723480 	39.293766 	119.854080 	62.817196 	32.526913 	31.827662 	138.513535 	38.600517 	80.000000 	46.270943 	60.539242 	30.364452 	112.729767 	107.331261 	28.635643 	43.046486 	84.314888 	40.804413 	80.212219 	21.954498 	45.607018 	75.604233 	999.000000 	26.925823 	18.384777 	32.202484 	56.612720 	12.041595 	17.029387 	40.311287 	
110.494347 	79.699432 	63.953106 	105.801704 	80.894997 	94.260277 	68.007355 	95.126228 	99.322708 	64.536812 	57.454330 	73.164200 	120.016663 	55.569775 	70.859016 	54.083271 	67.446274 	92.021736 	102.004898 	89.022469 	63.600315 	75.802376 	50.477718 	70.035706 	96.083298 	79.025314 	102.122475 	66.098412 	71.449280 	52.172791 	79.000000 	40.804413 	100.975243 	47.675991 	46.872166 	46.690472 	119.050407 	60.074955 	103.947105 	69.584480 	42.000000 	52.239830 	91.482239 	85.726311 	51.623638 	67.911705 	60.926186 	19.026299 	56.364883 	13.000000 	22.561028 	51.429562 	26.925823 	999.000000 	9.219544 	6.000000 	29.832869 	18.601076 	16.155495 	19.235384 	
107.786827 	76.557167 	62.425957 	101.000000 	87.206650 	101.004951 	67.896980 	91.093361 	106.018867 	65.192024 	60.926186 	79.309517 	127.251717 	54.671749 	77.162170 	53.758720 	64.078079 	99.080772 	109.224541 	96.083298 	60.415230 	71.309189 	50.209560 	65.802734 	90.669731 	86.092972 	109.553642 	61.983868 	66.708321 	58.215118 	73.334846 	41.109608 	108.853111 	54.037025 	43.081318 	42.720020 	127.121986 	54.147945 	97.252251 	63.031738 	49.365982 	46.043457 	99.929977 	94.244362 	45.011108 	60.671246 	69.778221 	26.925823 	65.299309 	13.416408 	31.016125 	60.415230 	18.384777 	9.219544 	999.000000 	13.892444 	38.948685 	9.433981 	8.000000 	23.086792 	
116.107712 	85.440041 	69.354164 	111.758667 	82.000000 	94.894676 	72.945183 	101.000000 	99.985001 	69.202599 	60.802959 	74.464760 	120.066650 	60.827625 	72.034714 	59.169250 	73.246162 	92.347168 	102.122475 	89.358826 	69.375786 	81.743500 	55.569775 	75.953934 	102.078400 	79.404030 	102.004898 	72.006943 	77.414467 	53.758720 	85.000000 	45.793011 	100.319489 	49.040798 	52.773098 	52.611786 	118.088951 	66.068146 	109.895409 	75.538071 	42.426407 	58.215118 	90.027771 	84.172440 	57.558666 	73.756355 	58.821766 	19.646883 	54.083271 	18.681541 	22.022715 	49.040798 	32.202484 	6.000000 	13.892444 	999.000000 	25.495098 	22.671568 	19.209373 	14.212670 	
127.738014 	99.126183 	80.622574 	128.140549 	70.327805 	80.777473 	80.777473 	116.004311 	85.796272 	75.584389 	60.901562 	64.070274 	103.160072 	71.568146 	61.294373 	68.883957 	88.005684 	77.162170 	85.866173 	74.330345 	84.005951 	98.325989 	65.620117 	92.265923 	119.941650 	65.000000 	84.929382 	88.277969 	94.641426 	46.690472 	103.754517 	56.222771 	81.498466 	41.773197 	69.720871 	69.871307 	98.005104 	85.866173 	130.249756 	96.166519 	32.526913 	78.746429 	69.028976 	63.031738 	78.771820 	95.634720 	37.013512 	22.000000 	32.015621 	37.696156 	18.248287 	27.000000 	56.612720 	29.832869 	38.948685 	25.495098 	999.000000 	48.083260 	44.687805 	28.635643 	
107.186752 	75.802376 	63.655323 	98.081596 	95.005264 	109.073372 	70.434364 	89.157166 	114.039467 	68.505478 	66.760765 	87.022987 	135.624481 	56.727417 	85.000000 	56.400356 	63.285069 	107.377838 	117.613777 	104.388695 	59.908264 	69.079666 	53.009434 	63.976559 	87.097649 	94.429871 	118.088951 	60.373837 	64.257294 	66.000000 	69.634758 	44.777225 	117.686020 	62.072536 	42.438190 	41.880783 	136.062485 	50.447994 	92.005432 	58.309521 	58.051701 	42.201897 	109.110039 	103.464973 	40.607880 	55.009090 	79.158073 	36.055511 	74.706093 	20.024984 	40.311287 	69.835518 	12.041595 	18.601076 	9.433981 	22.671568 	48.083260 	999.000000 	5.000000 	28.635643 	
111.507851 	80.131142 	67.357254 	102.883430 	95.189285 	109.004585 	73.661385 	93.776329 	114.017540 	71.400284 	68.352028 	87.281158 	135.236832 	60.108234 	85.146935 	59.548298 	67.601776 	107.074738 	117.209213 	104.076897 	64.140472 	73.736015 	56.080299 	68.541962 	91.983696 	94.085068 	117.515953 	64.884514 	68.949257 	66.189125 	74.525162 	47.434166 	116.726173 	62.032249 	46.647614 	46.141087 	134.937027 	55.317268 	97.005157 	63.285069 	57.314919 	47.074409 	107.563934 	101.833199 	45.541191 	60.008331 	77.077881 	34.713108 	72.498276 	20.880613 	38.600517 	67.542580 	17.029387 	16.155495 	8.000000 	19.209373 	44.687805 	5.000000 	999.000000 	23.769728 	
